[0.]
[5.e-324]
[5.e-324]
[5.75324627e-192]
[5.e-324]
[5.75324627e-192]
[5.75324627e-192]
[0.70710678]
[5.e-324]
[5.e-324]
[5.e-324]
[5.e-324]
[1.27622266e-35]
[1.27622266e-35]
[1.27622266e-35]
[5.75324627e-192]
[5.e-324]
[1.27622266e-35]
[5.e-324]
[1.27622266e-35]
[5.e-324]
[1.27622266e-35]
[5.e-324]
[5.75324627e-192]
[5.75324627e-192]
[1.27622266e-35]
[5.e-324]
[5.e-324]
[1.27622266e-35]
[1.27622266e-35]
[5.e-324]
[5.e-324]
[5.e-324]
[5.e-324]
[1.27622266e-35]
[1.27622266e-35]
[5.e-324]
[5.e-324]
[1.27622266e-35]
[5.75324627e-192]
[5.75324627e-192]
[5.e-324]
[1.27622266e-35]
[5.e-324]
[1.27622266e-35]
[5.e-324]
[1.27622266e-35]
[5.e-324]
[5.75324627e-192]
[1.27622266e-35]
[1.27622266e-35]
[1.27622266e-35]
[5.e-324]
[5.e-324]
[5.e-324]
[5.e-324]
[0.70710678]
[5.75324627e-192]
[5.75324627e-192]
[5.e-324]
[5.75324627e-192]
[5.e-324]
[5.e-324]
[0.]
