-1.0593549691975679e-14
-0.04462420161992886
-0.16250758791737763
-0.3646533404724271
-0.6481975538493957
-0.9862234892438272
-1.3951016164619492
-1.8553710466695568
-2.3434852996049313
-2.835401411125317
-3.290750965666151
-3.6381257624769443
-3.8130321696342526
-3.7716062665382672
-3.5050341864073022
-3.050275657930109
-2.490947593467068
-1.942703718475854
-1.5219297503574971
-1.3052878586825583
-1.297360558953961
-1.4272674233028533
-1.6264179212078582
-1.7889929255798003
-2.00163462703181
-2.334647848973695
-2.797774919233548
-3.3580268119888186
-3.973466270518756
-4.612828549505825
-5.236378425124864
-5.896234939907679
-6.5699510305797535
-7.236841095432933
-7.883706568292689
-8.431960616898978
-8.803559896293459
-8.936026508952807
-8.800356724287296
-8.416974341666208
-7.86218655291568
-7.25725517556895
-6.736567194344626
-6.401234571152946
-6.2765210483575515
-6.297749360668833
-6.348523156135902
-6.294577284477705
-6.2644887501246735
-6.370576887605371
-6.64879247758379
-7.082271460151695
-7.637689415811232
-8.281298846849154
-8.980226715274988
-9.615730939191002
-10.311609038650355
-11.070545594042494
-11.790624918849344
-12.360643529000827
-12.683693699869774
-12.704182200265995
-12.429524440194038
-11.935752231844404
-11.349710417314732
-10.809366051653145
-10.413983041671782
-10.183585843898282
-10.051790285132707
-9.748506838517118
-9.339063102436958
-9.099529994821362
-9.147351430054483
-9.433022827580174
-9.89141856006152
-10.486996435038822
-11.160614027302914
-11.813472010688148
-12.353732078229019
-12.74170168840579
-12.951521918384396
-13.143352231802757
-13.303200667015176
-13.42421016271653
-13.507460623574412
-13.560528676689648
-13.594033523524605
-13.617393602184272
-13.635579527625186
-13.64834557864749
-13.652277142737615
-13.644527415989723
-13.62611832925256
