-1.0593549691975679e-14
-0.004610500350226031
-0.017044244965875425
-0.03835708396706397
-0.06747999682626135
-0.1018921106785238
-0.1385596039415703
-0.17474767233227476
-0.20846841456620205
-0.23854663421576194
-0.26445157187767704
-0.2860907405928136
-0.30369975712287545
-0.31784908445863647
-0.3294956770168466
-0.3399788626735602
-0.35089701621095387
-0.363872216336641
-0.38027107460515375
-0.4009712741471003
-0.42624038868393566
-0.45574433018401633
-0.4886549779491948
-0.5238022652436819
-0.5598220676026424
-0.5952785341451313
-0.628769925874008
-0.6590434893220123
-0.6851393327351057
-0.7065593856918286
-0.7234279132122531
-0.7365898230166988
-0.7475930080435857
-0.7585235334990164
-0.7717009308851955
-0.7892825220702707
-0.8128567886956615
-0.8431162449941675
-0.8796867213274289
-0.9211563414426405
-0.9653031718915718
-1.0094772005818016
-1.0510604616220245
-1.0879154651087162
-1.118738282141526
-1.1432555722783164
-1.1622380497053137
-1.1773385023896878
-1.1907932025838266
-1.20504609776446
-1.2223630324698092
-1.2444986812957437
-1.2724643465601266
-1.3064241097620115
-1.3457242504321651
-1.3890401927394966
-1.4346094003169378
-1.4805092958186956
-1.52493689384359
-1.5664508121517906
-1.6041453003092845
-1.637738072916356
-1.667567079069746
-1.6945040117285628
-1.719802802138165
-1.7449084461854758
-1.771254684404986
-1.8000782522503813
-1.8326430369324958
-1.8700700479665866
-1.9112698911592811
-1.954686278399072
-1.9985294348250053
-2.041034224773084
-2.0807053938204088
-2.1165154650489435
-2.1480288487270665
-2.1754372952709544
-2.1995051363644533
-2.2214358189728456
-2.242682146590732
-2.26472988429985
-2.288887029889208
-2.3161088792470297
-2.346882514766533
-2.38118463769988
-2.418515304303437
-2.4579988586470383
-2.498533853704189
-2.538967363376362
-2.57826664069839
-2.6156627763683336
-2.65074642906802
-2.6835038630592005
-2.7142910923009547
-2.7437533906872287
-2.77270535991939
-2.8019920158390446
-2.83235327743861
-2.8643126725700845
-2.89810639847216
-2.933661935640855
-2.9706273594962975
-3.0084445951257957
-3.046453308811111
-3.084007865867647
-3.120588364284945
-3.1558882847917724
-3.1898654407534828
-3.222748948914955
-3.255001902021348
-3.287246233085271
-3.3201619063810472
-3.354376248992704
-3.3903604655389623
-3.428349053020072
-3.4682942269696286
-3.5098621811602837
-3.5524718482208186
-3.5953707155539973
-3.6377370424548783
-3.6787942168921224
-3.71792142607421
-3.750984498207792
-3.7733643368261838
-3.7816283637728034
-3.773948756846688
-3.750331897774673
-3.7126249788332477
-3.6642937790755683
-3.609995455633306
-3.554997877267062
-3.5045188215283827
-3.4630711593111467
-3.4339018369992993
-3.418602166029862
-3.4169452408262107
-3.4269754373603156
-3.4453387088485687
-3.46780594502199
-3.4899108756012898
-3.5076045169363086
-3.517824210859395
-3.51888859712876
-3.5106588902057383
-3.4944468614825284
-3.4726937597398857
-3.448483787341572
-3.424983119639997
-3.404905541014193
-3.3900967300798444
-3.3813030454749007
-3.37815277970374
-3.3793360824219802
-3.3829327434722254
-3.3868124155218404
-3.389024570560971
-3.3881064566466494
-3.3832630719402967
-3.374406516025973
-3.3620739510542337
-3.347265437235158
-3.3312499858603206
-3.3153801229159567
-3.300936947136667
-3.289007364613951
-3.2803815977903077
-3.275458062404763
-3.2741548318760048
-3.2758467242372715
-3.2793646581694036
-3.2830984592355623
-3.285228338651142
-3.284073767313367
-3.278500530282055
-3.26828408272804
-3.2543092032695617
-3.2385068138181574
-3.2234911945496587
-3.211951282839715
-3.2059408123897652
-3.2062700644066524
-3.2121992383980005
-3.2215601863383587
-3.231304909619521
-3.23833475988388
-3.240355009568793
-3.23647094108375
-3.2273148351551586
-3.2146524169335198
-3.2006104876912027
-3.1868220924838253
-3.1738352290276333
-3.1610439726878137
-3.147198089774126
-3.1313012259443322
-3.1135183965657163
-3.0956683659069335
-3.081011163346927
-3.0733167473958636
-3.075512590613736
-3.088422988906228
-3.1101271062772287
-3.1362509519789556
-3.1611444329098886
-3.1795276431184605
-3.187983974659288
-3.1857337906338263
-3.1744286747526806
-3.157131240086881
-3.1369931773454005
-3.1162460903651743
-3.0959213910111307
-3.076312868730541
-3.0577946116578176
-3.041422331423529
-3.0288859799529004
-3.021780934869957
-3.020608721790472
-3.0241486367969292
-3.0297009134305104
-3.034233188888661
-3.0359068043189716
-3.0351413529060753
-3.0345186925131666
-3.0374083332684894
-3.045925772246256
-3.0592994530285695
-3.0736159223491244
-3.0832382862453365
-3.083289460572059
-3.0719638567688397
-3.051461261300264
-3.0270451674731547
-3.0047339193098623
-2.9888577552788163
-2.9807240791405296
-2.9789184839110177
-2.9807773656833145
-2.9839347411653185
-2.9869794590086616
-2.989050088507788
-2.9890666723864228
-2.985593436367748
-2.9777812493013
-2.9668149589824377
-2.956569098758553
-2.9524122491600964
-2.961334533013338
-2.987002759975175
-3.0283864015224604
-3.0780715130052223
-3.126651006266511
-3.1678634638523464
-3.201507306628731
-3.232709812086479
-3.268371086103785
-3.313107293034398
-3.366987553535103
-3.4260197112216546
-3.484656151123573
-3.5385863777452062
-3.586232350936662
-3.6283963351104274
-3.666687572421522
-3.701964707877855
-3.7338071281785497
-3.761228751647996
-3.7840256938603214
-3.8037898306409677
-3.8238764038036024
-3.848270764038046
-3.8799466842033987
-3.919589567183252
-3.9653514758583817
-4.0137592879061765
-4.061320107139533
-4.106051617628816
-4.1482421637449765
-4.190143292698302
-4.234798815992509
-4.284578907601985
-4.340067328301683
-4.399742966874722
-4.4605272141232275
-4.518911996465974
-4.572184410612427
-4.619281401611483
-4.661004256569425
-4.699594960349933
-4.7379080763298385
-4.778520691424749
-4.823087942005934
-4.872110367871274
-4.925103398530714
-4.981020408814196
-5.038723359790855
-5.097324428378609
-5.156310239061542
-5.215463130250496
-5.274670437006359
-5.333739684842059
-5.392313894210233
-5.449924300329276
-5.506153956208974
-5.560839364816881
-5.614223095274202
-5.666989713848601
-5.720160115444626
-5.774868743004279
-5.832087323969404
-5.892375962537357
-5.955734167154135
-6.021595191953918
-6.088967040217979
-6.156684622442612
-6.223710182841983
-6.289409286128044
-6.353738269564946
-6.417302298142648
-6.481274094089917
-6.547194119999502
-6.61669656881383
-6.691217546445419
-6.771741089913257
-6.858626901905528
-6.951544783515485
-7.049519493948745
-7.151070627910663
-7.25441832492246
-7.35771879699014
-7.460379340577162
-7.565155596574613
-7.668059632027561
-7.765478962258791
-7.854567290306156
-7.933529557383772
-8.001765787850069
-8.059860661206775
-8.109429217970112
-8.1528490957909
-8.19292290174165
-8.23251934003941
-8.274239016008083
-8.320142291522542
-8.371564634061821
-8.429031900847562
-8.492275656895698
-8.560337968666147
-8.631746643283497
-8.704735847627147
-8.77748366143768
-8.848337639258775
-8.916002043677592
-8.979665968950611
-9.039059588787222
-9.094435288550079
-9.146480227387569
-9.19617559428888
-9.244624328321745
-9.292872589076746
-9.341750453888949
-9.39175426618174
-9.442987180917545
-9.495166415424283
-9.547696383112095
-9.599797310246917
-9.650670314049057
-9.699673533819043
-9.746480947856508
-9.791196835302888
-9.834404701571906
-9.873888196000319
-9.905971349916378
-9.927955911878032
-9.938364477026084
-9.93700694467836
-9.924865296292543
-9.903822898007725
-9.876288947087584
-9.844781824498718
-9.811535834621798
-9.778186062563353
-9.74556970666666
-9.713663367391442
-9.681657447351252
-9.648152482270763
-9.611448076387795
-9.569883104306788
-9.522176691856538
-9.467715168577888
-9.406733431477129
-9.34035219109399
-9.270455533583315
-9.199423164060049
-9.129762614851993
-9.063710975626213
-9.002886293738886
-8.948061588373898
-8.899109794241822
-8.85513099941168
-8.814732717484699
-8.776399615230309
-8.738869791373304
-8.70143545175505
-8.664106671538455
-8.62761259402934
-8.593255395499039
-8.562667268960315
-8.537539450744209
-8.519389370675666
-8.509408614752552
-8.50839890942371
-8.51676891680173
-8.534544728017973
-8.56135013419168
-8.596338851667607
-8.638100072650882
-8.684594423665834
-8.73319213634973
-8.780867556503845
-8.824554493656317
-8.861599820697021
-8.890193594099603
-8.909630773758114
-8.92029133143715
-8.923311387297883
-8.920032967457491
-8.911420261872466
-8.897669256094598
-8.878186962832315
-8.851983121978613
-8.818346667856343
-8.777540749432932
-8.731208271282224
-8.682264910525772
-8.63424657251411
-8.59030366585549
-8.55220311659965
-8.51973279467375
-8.490773325111858
-8.462048020353244
-8.430281272439762
-8.39331113830979
-8.35070563423158
-8.30363948764337
-8.25411806088324
-8.203938537063161
-8.153904154013246
-8.103680237664177
-8.052350386860796
-7.999358620574105
-7.945305709961531
-7.892132939335242
-7.842554856641279
-7.799026473046144
-7.762816483871498
-7.73373347327663
-7.710706011343736
-7.692921941588112
-7.680863118559445
-7.676563800491825
-7.682822934769648
-7.701718160835768
-7.733245189520561
-7.774920698515095
-7.822672279686346
-7.872563969550465
-7.922346043172418
-7.97186389788073
-8.022043686348198
-8.073098186340047
-8.12316647060737
-8.168396116154103
-8.204561225695304
-8.2292387474946
-8.243061820849528
-8.249048083932978
-8.250249735889934
-8.247212131470961
-8.237078499501138
-8.215264922789927
-8.178928230081532
-8.130071389315779
-8.076099690286
-8.027123914129279
-7.991394001558789
-7.971523341397796
-7.96371090380782
-7.960256452156202
-7.953600449416233
-7.939337123671584
-7.916668577255938
-7.8867881077154545
-7.851130670684915
-7.811161223895775
-7.767230462932333
-7.728677596698297
-7.71431667251218
-7.73507147843783
-7.788858144668463
-7.862735731175278
-7.940652817853142
-8.011601263603945
-8.073353668180797
-8.130485494155518
-8.189221324264519
-8.253163271711868
-8.32249728323931
-8.396286925454122
-8.475251277583649
-8.562442433445812
-8.661189804221623
-8.771917054913217
-8.890301171691204
-9.00824552513175
-9.117167461557258
-9.211609967087915
-9.291114043367164
-9.359506062313855
-9.422331268524516
-9.484095503581152
-9.546809034459056
-9.610324657840504
-9.673832818251366
-9.737295336474833
-9.801836000729375
-9.868921022988063
-9.938999732230648
-10.010621123653744
-10.080722908883594
-10.14604852717135
-10.204956590187187
-10.258646544677987
-10.311137080790752
-10.367983826599929
-10.434337049244647
-10.513210991212592
-10.604670970493121
-10.706174822474255
-10.813787432255143
-10.923659663719826
-11.033142507261015
-11.141157799250525
-11.247821059602487
-11.353631748102625
-11.458682620002385
-11.562260486704004
-11.662980317015917
-11.759334335999817
-11.850364648683643
-11.936144012811608
-12.017862679868584
-12.097500988193644
-12.17723209952481
-12.25878415219936
-12.342977372515392
-12.429562452989968
-12.517368377741692
-12.604668131302933
-12.689620030944553
-12.770647769144203
-12.846669906064845
-12.91715450940931
-12.982031855504623
-13.041531110455528
-13.096011288116761
-13.145838499634806
-13.191332117162862
-13.232773867147642
-13.270454573991788
-13.30472690482462
-13.336037959573014
-13.364928520884728
-13.392000401218663
-13.417864334172144
-13.443085177252597
-13.46813869269855
-13.49338727104773
-13.519074284404006
-13.545331488949527
-13.572192588534607
-13.599608326739144
-13.627462482585413
-13.655591645293674
-13.683812857048917
-13.711961429590259
-13.739936975531204
-13.767750464543878
-13.795560934074986
-13.82368922476385
-13.852598863893327
-13.882840856095765
-13.915749340908054
-13.956218511080278
-14.001721486824177
-14.049300200407504
-14.096027275706174
-14.139426158051222
-14.177769280734388
-14.210211417091074
-14.236758498693598
-14.258108483723946
-14.275421833035244
-14.290081828308711
-14.303491629905269
-14.31693186985672
-14.331478025281063
-14.347958840659327
-14.366930920006714
-14.388650999490352
-14.413042273219178
-14.439667307689806
-14.467730205736073
-14.496130182080634
-14.523577376299565
-14.548763497502875
-14.57056115441854
-14.58821296073097
-14.601469177390605
-14.608333477978176
-14.606143548398588
-14.593516306953273
-14.570611014260068
-14.539078501771398
-14.501708945309485
-14.461867003637627
-14.42285290759044
-14.387337074169755
-14.35698364177042
-14.332317925272239
-14.312825208506624
-14.297214810577508
-14.283758201539223
-14.270616130131526
-14.25609935663552
-14.238845911318244
-14.217929284850626
-14.192925925032965
-14.163964385226478
-14.13175828415312
-14.09760224361145
-14.063296460495932
-14.030970031130957
-14.002796917984833
-13.980634940755678
-13.965655017594939
-13.958051230158846
-13.956921549985584
-13.96038036761024
-13.965911506367087
-13.970905888978622
-13.973268548998798
-13.971943941549196
-13.967211416203876
-13.960649566814272
-13.954750950206176
-13.952266764789744
-13.955446691255391
-13.965385035591678
-13.981671541097745
-14.002468818079203
-14.025011940580947
-14.046383520178466
-14.064309241847269
-14.077693895975758
-14.086700906649488
-14.092348320773976
-14.095785244916046
-14.097541818672978
-14.097055139879707
-14.092660555090275
-14.082054236439214
-14.063055803529114
-14.034393441219182
-13.996227393775445
-13.950213256198527
-13.899054331420032
-13.845664652851953
-13.792218184405424
-13.73944291569214
-13.686475999096592
-13.63140147096024
-13.572291026985726
-13.508291022844599
-13.440208643669388
-13.370242193033334
-13.300917559549339
-13.233729326473071
-13.16819375268695
-13.10186529301898
-13.031415532110692
-12.954358401754194
-12.870687022768925
-12.783701393713752
-12.699619549921326
-12.626035718952416
-12.569748162057568
-12.534767615966782
-12.521301017453574
-12.526130802902072
-12.544187203862867
-12.570530577018113
-12.60176715505809
-12.636281175153803
-12.673401023650959
-12.712268125427077
-12.751304510603749
-12.788683443511909
-12.82343681051469
-12.856321889941118
-12.889675864358308
-12.926145146097372
-12.96696177600599
-13.010844711663294
-13.054343932131644
-13.093608052384315
-13.126582724926966
-13.154163051007455
-13.179307517577493
-13.20447928029962
-13.229164242449931
-13.249484939206416
-13.260613172495022
-13.260587444657585
-13.252865905200133
-13.245598072054324
-13.24780860052755
-13.264839503512201
-13.29590367433052
-13.335120845167099
-13.375037301169797
-13.410053161030955
-13.437512156014513
-13.456259156761446
-13.46470427631883
-13.460878877914224
-13.444922807331642
-13.421570778595015
-13.399421530554266
-13.3863543875663
-13.384320379682158
-13.388097714271582
-13.389713416305923
-13.385344667967557
-13.373421884003884
-13.36614332235325
-13.384458602363852
-13.431269725171187
-13.491088825194815
-13.54320596359789
-13.57640766011444
-13.59370342910259
-13.605270874119284
-13.617382819250713
-13.626793917756657
-13.624043187880671
-13.601537809095806
-13.559295443793154
-13.504295140362306
-13.44512840403614
-13.387166239354697
-13.33218729263586
-13.281884594841845
-13.241082189883992
-13.216945122804661
-13.214279559690224
-13.230681868832313
-13.255748433370957
-13.275603947375977
-13.280099694993195
-13.268122580999345
-13.247759242047982
-13.23142619377534
-13.229127145099726
-13.243853144640314
-13.271488393429626
-13.304674891364527
-13.337836927588274
-13.370282006920684
-13.405886439356184
-13.45009544162548
-13.506398951895216
-13.574375891280372
-13.650116229168404
-13.72829871637869
-13.804402660611654
-13.87582653827014
-13.94166372216135
-14.00177819079354
-14.056089988241293
-14.104595094844116
-14.147984414763735
-14.188258982175975
-14.228729074788035
-14.273178393643297
-14.32449008288891
-14.383370678396314
-14.44780851782595
-14.513576203573695
-14.575592977981337
-14.629552589756063
-14.673118124226137
-14.706243097231484
-14.730638812763168
-14.748800765843457
-14.763125419877255
-14.77546842152026
-14.787165513558048
-14.799272646566655
-14.812726303088446
-14.828272288869485
-14.846228354038933
-14.866279825097234
-14.887487439100397
-14.90855202478195
-14.92823075469462
-14.945721362081063
-14.960854981358754
-14.974038016363691
-14.985999205333549
-14.997472797449657
-15.008955054262367
-15.020618684779125
-15.032391345016089
-15.044135145973176
-15.055827827757371
-15.067652357302833
-15.0799464529337
-15.093029610250207
-15.106984770299913
-15.121497719280008
-15.135837472239004
-15.149004530502037
-15.16000597649979
-15.168164964727739
-15.173356926307724
-15.176090278616174
-15.177404138995323
-15.17861715514852
-15.181006960349363
-15.185514964230626
-15.192555453344049
-15.201970801935962
-15.213129738256741
-15.225126439808934
-15.237015159651055
-15.248013606516803
-15.25762726751251
-15.265678467588064
-15.272256351490176
-15.27762562745918
-15.282135962074232
-15.28616084427874
-15.290072261284264
-15.294237178142716
-15.2989220213844
-15.30773630884688
-15.319260050713881
-15.331872825731878
-15.344130781453512
-15.355034630567589
-15.364121401865466
-15.371381885819662
-15.377069148962574
-15.38149627168229
-15.384911674195155
-15.387494073907394
-15.38944780562955
-15.391130452225815
-15.39312947248993
-15.396228061456737
-15.401251082391669
-15.40883715062533
-15.419219746424416
-15.432103800338187
-15.446693103512791
-15.461870232087767
-15.47647530779904
-15.489594266322003
-15.500764756252481
-15.510038555607698
-15.517890959423958
-15.525020112795044
-15.532113292249468
-15.539660880114436
-15.547872472636529
-15.556705306889684
-15.56597179603426
-15.575467737117176
-15.585064051183098
-15.594729195374985
-15.604484020737964
-15.614320581901335
-15.624129887458222
-15.633677178416399
-15.642641360235812
-15.650707382028203
-15.657677686322556
-15.663559731073281
-15.668594020575318
-15.673207951737524
-15.677907183244173
-15.68313844393157
-15.68916773662178
-15.696012411972552
-15.703446941994876
-15.711077395795463
-15.718457482980586
-15.725207117637304
-15.731096428774624
-15.736072718428819
-15.74022943135008
-15.743736822805605
-15.746766225238748
-15.749439246668334
-15.751820231970433
-15.753949991047566
-15.75589933743405
-15.75781067684744
-15.759899763969546
-15.762407127606098
-15.765512816584838
-15.769248515107089
-15.773447727592298
-15.777762977351367
-15.781752445119102
-15.785008369139163
-15.787279729834262
-15.78854207682078
-15.788988443534388
-15.788947963668976
-15.788768406312995
-15.788712129861697
-15.788906088160283
-15.789359683502335
-15.790031847348665
-15.790905940404922
-15.792028970093602
-15.793491676142564
-15.795358749412971
-15.797587422293743
-15.799982534967366
-15.802220770412026
-15.803942987089284
-15.804878454958825
-15.804946569691039
-15.804289981692866
-15.803224000777988
-15.8021251793795
-15.801308480148501
-15.800944920644085
-15.80104960004371
-15.801534937098902
-15.802293283511345
-15.803261886791303
-15.804436647359674
-15.805831809495245
-15.807414176811744
-15.809055641286978
-15.810538378838077
-15.811618041629727
-15.81211757474686
-15.812005874719906
-15.811421394570491
-15.8106276159989
-15.80992054764614
-15.809530671487426
-15.809562087200796
-15.80999084418953
-15.810714222789386
-15.811618961114338
-15.812630986899867
-15.813723865363034
-15.814888913358788
-15.816092075660869
-15.817249012109171
-15.818237462985115
-15.818942658494882
-15.819311161913594
-15.819382787724367
-15.819281968138446
-15.819171877958864
-15.819194045057072
-15.819422453230473
-15.819851642759645
-15.820419330371564
-15.821046719849965
-15.821673322739256
-15.822270185743381
-15.822830483953103
-15.823349850254305
-15.823812738079758
-15.824194172559386
