1.1102230246251565e-16
-2.0122792321330962e-16
-0.0006302826606310978
-0.0030477364557527954
-0.00812378745242831
-0.016312670357484946
-0.027586726032556953
-0.04144729931672442
-0.05700794838169272
-0.07313566073567618
-0.08862725934016738
-0.10239339152285336
-0.11362203107547668
-0.12189722096459613
-0.12725613148295264
-0.1301771891137578
-0.1315025212160149
-0.13230767007899977
-0.13373903819520463
-0.1368437917917086
-0.1424174443219947
-0.15089111199168526
-0.16227407086642615
-0.17615877910318217
-0.19178625907995947
-0.20816103524750942
-0.22419793696236404
-0.2388789390130969
-0.2513973347722546
-0.2612689405115146
-0.26839526570959205
-0.2730708148865012
-0.2759348179249591
-0.2778755341512973
-0.2799017382136718
-0.283000205227096
-0.2879994495746417
-0.2954585258097487
-0.3055956699677053
-0.31826559560202866
-0.3329872585467647
-0.34901687753360106
-0.36545492107277483
-0.3813714532326525
-0.39593220696808584
-0.4085082207201158
-0.41875467770015307
-0.42664925668571796
-0.432486128599705
-0.43682787363306347
-0.44042319810275055
-0.44410265491696105
-0.4486670779122141
-0.4547838604079535
-0.46290456991999174
-0.4732140013406547
-0.48561616264074553
-0.49975753561941233
-0.5150829789770679
-0.5309155056180116
-0.5465483902966672
-0.5613369590507616
-0.5747780489327644
-0.5865673367483106
-0.5966281453431587
-0.6051094277845374
-0.6123548192212095
-0.6188483650988539
-0.6251453072642643
-0.6317978135532994
-0.6392856378067732
-0.6479604592447529
-0.6580103143415625
-0.6694474781426982
-0.6821198296290968
-0.6957426121642452
-0.709944986568258
-0.724324175297897
-0.7384994732037278
-0.7521589581745247
-0.7650932299064191
-0.7772126730997289
-0.7885472418433982
-0.7992302288501196
-0.8094695775903469
-0.8195117507344831
-0.8296038234147745
-0.8399592849773563
-0.8507320883693412
-0.8620019640265131
-0.8737721672433028
-0.885978937387943
-0.8985102860001114
-0.9112305222726909
-0.9240063148919797
-0.9367301313580185
-0.9493375466297911
-0.9618160447524761
-0.974204360764356
-0.9865829046716845
-0.9990571548026672
-1.0117369166867907
-1.0247148849150243
-1.0380479607742736
-1.0517442863564972
-1.0657580454918634
-1.0799928972425898
-1.0943136250938221
-1.1085643871436281
-1.1225910034360167
-1.136264139746757
-1.1495001111803627
-1.1622763407120194
-1.1746392144156161
-1.186703073703295
-1.1986402384396881
-1.2106631114298942
-1.2230004279378917
-1.2358704605046122
-1.2494543839779635
-1.263873009101272
-1.2791697144728413
-1.2953017001651295
-1.3121407416596793
-1.3294835533830198
-1.3470707996687337
-1.364612835180464
-1.3818195170665073
-1.3984309807138993
-1.4142461502655979
-1.4291459692952513
-1.443108857893127
-1.456216672682257
-1.4686503867281915
-1.4806757239907147
-1.4926199800727138
-1.50484214347059
-1.5176991168014187
-1.531511261203023
-1.5465306081090195
-1.5629148862540205
-1.5807100113890222
-1.5998429225094348
-1.6201256869251242
-1.6412707228425816
-1.6629159013874129
-1.6846572945148184
-1.7060865312268292
-1.7268291981451565
-1.7465805346526257
-1.7651348591991565
-1.7824057171348033
-1.7984346183078557
-1.8133873550408584
-1.8275381483457185
-1.841243132934116
-1.8549058237695046
-1.8689380811145329
-1.8837206032939724
-1.8995670595139256
-1.916695608255632
-1.935210760213389
-1.9550974183603536
-1.9762275835705378
-1.9983788034996497
-2.021262128222381
-2.0445562739777685
-2.0679440150129977
-2.09114660825316
-2.1139523365724013
-2.1362360038217627
-2.157967340709365
-2.1792076493883896
-2.2000954586614427
-2.220823302371643
-2.2416088034612502
-2.262663910755696
-2.284166310562641
-2.306236698173757
-2.3289247880689015
-2.352205769116887
-2.375987522915009
-2.400127498542894
-2.4244568597075298
-2.4488085562644697
-2.473045446984517
-2.497084583100562
-2.520914255705755
-2.5446013511943564
-2.5682878261047675
-2.5921765419303524
-2.61650810656631
-2.6415315698858
-2.667472660952357
-2.694503624813175
-2.722718569628245
-2.7521175886931593
-2.782601859234137
-2.813980576064716
-2.845989123684432
-2.8783165083901157
-2.910638934908483
-2.9426556597279254
-2.9741229754575937
-3.0048824062552173
-3.0348798894044626
-3.0641737904667834
-3.092930912091479
-3.1214110458510245
-3.149941913204082
-3.178887392552617
-3.2086126155691446
-3.2394497669877143
-3.271668222708521
-3.3054520514071335
-3.3408869729909645
-3.37795773649607
-3.4165556920214293
-3.456495227741874
-3.4975368482029943
-3.539414076505088
-3.581861121831941
-3.6246383711408843
-3.6675532027219178
-3.710474307089411
-3.7533385402900032
-3.7961502184627784
-3.838973585841575
-3.8819198624600686
-3.9251307388197167
-3.968760399502691
-4.0129581246802015
-4.057853264994006
-4.103543961223428
-4.150090449476499
-4.197513224259857
-4.245795790782495
-4.294891278400826
-4.34473184767567
-4.395239624723875
-4.446337841668181
-4.497960939432697
-4.550062576372678
-4.602620754258474
-4.655639590701995
-4.709147604138849
-4.763192707298706
-4.8178344054814914
-4.8731339491117005
-4.929143381953301
-4.985894546012479
-5.0433891429981905
-5.1015909043133885
-5.16042078439995
-5.219755868197524
-5.279432381377994
-5.339252828736866
-5.398996887187853
-5.4584352788488175
-5.517345486410131
-5.5755278894708304
-5.632820736528784
-5.689112354603303
-5.7443491554574395
-5.79853832469043
-5.851744557826505
-5.9040807957256725
-5.955693552299282
-6.006744050617483
-6.057386914727627
-6.107748534450778
-6.157907373962966
-6.207878399557295
-6.257603453553417
-6.30694882681258
-6.355710538231277
-6.403626996523281
-6.450397893249452
-6.495707455727592
-6.539249664506343
-6.580752781976425
-6.620000585238083
-6.656848049641974
-6.69122985335058
-6.723160896972317
-6.752728958329113
-6.780080518502579
-6.805401588537799
-6.828895937442512
-6.85076339903217
-6.871180881834734
-6.890288328328268
-6.908181214153102
-6.9249103271217365
-6.940488627550112
-6.954904084791354
-6.968136625080366
-6.9801768092871
-6.991043650978816
-7.000799110622841
-7.009557243151072
-7.0174866752147675
-7.024805954144934
-7.031772230839302
-7.038664595147296
-7.045764065512385
-7.053332658452485
-7.06159407576337
-7.070718336386218
-7.08081217545982
-7.0919163021020175
-7.104009744940591
-7.117020630833013
-7.130841949206505
-7.145350250510455
-7.160424885484906
-7.175965351199062
-7.1919045706042315
-7.208216457574642
-7.224916839958153
-7.242057637332826
-7.259715015776208
-7.277972969281979
-7.296904321525371
-7.316551442191897
-7.336908999959946
-7.357910833933946
-7.37942255299059
-7.401240830189733
-7.423099626457137
-7.444682840486378
-7.465642222884544
-7.485618881427963
-7.504266389701614
-7.521273417101703
-7.536383921718237
-7.549413262399636
-7.560259046427674
-7.568906076187002
-7.575425328531065
-7.579967433391159
-7.582751561915089
-7.584050951555341
-7.584176465463106
-7.583459603191246
-7.5822362620224215
-7.5808323191279126
-7.579551798952929
-7.578668046646797
-7.578417985679523
-7.578999230544385
-7.580569581123397
-7.583248262454415
-7.587118201204789
-7.592228647592825
-7.59859754980195
-7.606213251150208
-7.6150352873316
-7.624994287732832
-7.63599120584113
-7.647896294654167
-7.660548382127187
-7.673755071922464
-7.687294485071387
-7.70091906502343
-7.71436179659219
-7.7273449516491866
-7.739591192165916
-7.7508365620670885
-7.760844615373291
-7.769420692620743
-7.776425201620976
-7.781784707271721
-7.785499703818694
-7.787648134856575
-7.78838403078662
-7.787931025970227
-7.786570961981969
-7.784628234186194
-7.782450947667616
-7.780390268694422
-7.778779550648964
-7.7779148531433755
-7.778038351295919
-7.779325859223816
-7.781879296432274
-7.7857244520602285
-7.790813904229739
-7.797034487851038
-7.804218327978615
-7.8121562098068065
-7.820611966171427
-7.829336633725893
-7.838081342847553
-7.846608227306105
-7.854699016711333
-7.8621613492950875
-7.868833157280852
-7.874585684178201
-7.8793257620108745
-7.8829978979966455
-7.885586509791031
-7.8871183437361605
-7.887664766633347
-7.887343302882217
-7.88631755969633
-7.884794597493155
-7.883018895022301
-7.881262337805226
-7.879810103241184
-7.878942877281434
-7.878916443893292
-7.879940253559633
-7.8821570121723425
-7.885625558319434
-7.890309258578977
-7.896071822072873
-7.902681829624252
-7.909826440165382
-7.917133762433947
-7.924202373401874
-7.930635548374852
-7.936077060318574
-7.940245008183453
-7.942960113881096
-7.944165310520736
-7.943934208066619
-7.942467097033105
-7.940074425958178
-7.937149025372733
-7.934129598352914
-7.931459009343641
-7.929541555688896
-7.928703615558639
-7.929161796558654
-7.931001980793548
-7.934171547520695
-7.938485672521805
-7.943647105169962
-7.94927737635811
-7.9549561554859585
-7.960264592265654
-7.9648280497737005
-7.968353708666507
-7.9706590917830304
-7.971688560457158
-7.971516156899597
-7.970334663050592
-7.9684322482230225
-7.966159418294076
-7.963890009516497
-7.96198057698322
-7.960732646204533
-7.960361916148061
-7.960977669551453
-7.962574458143412
-7.9650367230618055
-7.968155544877299
-7.971655359901458
-7.975227383773001
-7.978565773327903
-7.9814023127986315
-7.983535656219004
-7.984851863541126
-7.985334048804947
-7.985060285920884
-7.9841903327782235
-7.982943067711333
-7.9815676228065
-7.980311913285874
-7.979392513299658
-7.978969584459929
-7.979129854587754
-7.979879559920789
-7.981147943254776
-7.98280051465645
-7.984660013073792
-7.98653202614369
-7.988231665459777
-7.989607633778125
-7.9905604693680266
-7.991052649573521
-7.991109454052879
-7.9908108524726895
-7.990275991179557
-7.989642912329817
-7.989046785095427
-7.988600060229393
-7.988377553317024
-7.988408580419287
-7.988677052840282
-7.98912908416257
-7.989686398924802
-7.9902628753867
-7.990781074707471
-7.991185696794805
-7.99145155180379
-7.991584736608189
-7.991617061189199
-7.991595128949042
