1.1102230246251565e-16
-6.83481049534862e-16
-0.000634487254821476
-0.003068033661628739
-0.008177781663024072
-0.016420852087360667
-0.027769233181408774
-0.0417207780914135
-0.05738299563585139
-0.07361522970110329
-0.08920625498886817
-0.10305949554586816
-0.11435760893504404
-0.12268200313479966
-0.12807025124966623
-0.13100411516536584
-0.13233144938334782
-0.1331350289743395
-0.13456890278051994
-0.13768716495869077
-0.1432905340589284
-0.15181287595695325
-0.16326340074937787
-0.17723174068366293
-0.19295378582581144
-0.2094273981531969
-0.22556019377882086
-0.24032742066834806
-0.25291707731436885
-0.26284183882737167
-0.2700026288446352
-0.2746959545416922
-0.27756530687518177
-0.2795048274017724
-0.2815299470851709
-0.2846339381807951
-0.2896507652799559
-0.29714316510764577
-0.3073308275517551
-0.32006754737651916
-0.334869170549946
-0.3509870873471978
-0.36751590925893257
-0.3835196220406112
-0.3981584710415943
-0.410799305571827
-0.4210949309080389
-0.42902271562011457
-0.4348785639965203
-0.4392285422134324
-0.4428260861760168
-0.4465070704428916
-0.4510775395730044
-0.45720932604308295
-0.4653571306578909
-0.4757072313012755
-0.48816334981613085
-0.5023700241670247
-0.5177688276757415
-0.5336786165579821
-0.5493881939766401
-0.5642486667336267
-0.5777534105833607
-0.5895957823984995
-0.5996981464304546
-0.6082098970778775
-0.6154763742544084
-0.6219843082303672
-0.6282922205165505
-0.6349557213376649
-0.6424577477624452
-0.6511525432138652
-0.6612298316826217
-0.6727025678319579
-0.6854183039804577
-0.6990910740534363
-0.7133481665345636
-0.727784549263588
-0.7420171812182739
-0.7557320051603671
-0.7687179158857931
-0.7808841766545521
-0.7922602688341174
-0.8029796391555367
-0.813250914604152
-0.8233216189595263
-0.8334400852095287
-0.8438210744388174
-0.8546196647752313
-0.8659164461647959
-0.8777152013027629
-0.8899523540443166
-0.9025157972893859
-0.9152694972289184
-0.9280796569404176
-0.9408382626985482
-0.9534804879434484
-0.9659935648035891
-0.9784161615279197
-0.9908288043808303
-1.0033372338364974
-1.0160515987793763
-1.029064937417165
-1.0424344108989103
-1.0561682636024252
-1.0702205719909466
-1.084494656155679
-1.0988547414077197
-1.1131442548720598
-1.1272081884471408
-1.1409163788868404
-1.1541844171015025
-1.1669892091687262
-1.1793769182056029
-1.1914620162820742
-1.2034173317477057
-1.2154561375595239
-1.2278083435010572
-1.2406936061065639
-1.2542945688207996
-1.2687334518137556
-1.2840548348425154
-1.3002167713290043
-1.3170914271198717
-1.33447536652425
-1.3521085338948464
-1.369700019167666
-1.3869579510615906
-1.4036204058016435
-1.4194840930914003
-1.434427790388598
-1.448428013554504
-1.461565179904128
-1.4740194597148113
-1.486056531616878
-1.4980044581707936
-1.510223786024775
-1.5230736673771055
-1.5368772310259826
-1.5518895601318718
-1.5682714444639798
-1.5860715798648348
-1.605219126984548
-1.6255275800424107
-1.6467098198901768
-1.668403133220189
-1.690201976197078
-1.7116954470501515
-1.7325058954441237
-1.7523249007339547
-1.7709430292996267
-1.7882703291876676
-1.8043453957071827
-1.8193319652047233
-1.8335032563203677
-1.8472155487373365
-1.8608736320095682
-1.8748916428988112
-1.8896533335392807
-1.9054759061693465
-1.9225811911564283
-1.941077162908404
-1.960951662376456
-1.9820788472003505
-2.0042374727083834
-2.0271387828547462
-2.0504607164275734
-2.0738844405486145
-2.0971289972998175
-2.11998012172159
-2.142310031443048
-2.164086112659601
-2.1853677984745317
-2.206292385915873
-2.227051887781267
-2.2478640963832066
-2.268941712362643
-2.2904635774208764
-2.3125517213295863
-2.3352571326530227
-2.358555991688244
-2.3823567135890835
-2.4065167187094736
-2.430866560894577
-2.4552380695830567
-2.47949262503458
-2.5035456580417925
-2.5273839504972564
-2.5510732489152765
-2.5747549685954887
-2.598632197781355
-2.622946623531948
-2.6479492112323815
-2.673868321133471
-2.7008793279744454
-2.7290796741556886
-2.7584726503760133
-2.7889621415283834
-2.8203592345430715
-2.8524001288056464
-2.8847734020825357
-2.917153538572697
-2.9492368615105162
-2.980775721676064
-3.011607005712175
-3.0416717114783767
-3.071023401030457
-3.099824649189014
-3.128331993949683
-3.1568711951568607
-3.1858056662595726
-3.2155016410507713
-3.24629390141331
-3.278455706745947
-3.312175969532767
-3.347545801199091
-3.384555430079128
-3.4231013098052547
-3.4630021329591107
-3.5040215656866494
-3.545894917156583
-3.5883567052986987
-3.631166184434035
-3.6741283255814805
-3.7171084151368605
-3.7600392665800215
-3.8029209162163258
-3.845813493903863
-3.8888246346853035
-3.932093263310179
-3.975771807023148
-4.020008870285376
-4.064934164382892
-4.1106470736387966
-4.157209720798964
-4.204644834771502
-4.252938188404352
-4.302044915964794
-4.351898677749963
-4.402422433755532
-4.453539523553644
-4.505183814980553
-4.557307858707886
-4.6098882416804035
-4.66292763986268
-4.716453400829581
-4.770512813627496
-4.825165525200136
-4.880473821639785
-4.936491694017974
-4.993253740563417
-5.050765009631218
-5.108992853799309
-5.1678617404759715
-5.227251749538996
-5.287001191510234
-5.346913416763924
-5.406767482610983
-5.4663319347881085
-5.525380583469927
-5.583708854854197
-5.6411491189808185
-5.697583366266288
-5.752951749374665
-5.807255825582325
-5.860555809019949
-5.912961732412483
-5.964619066226051
-6.015689978781036
-6.066331968361553
-6.116675986579117
-6.16680634421058
-6.216744611925641
-6.266439392893465
-6.315763277711812
-6.364517550032608
-6.41244437398017
-6.459245358061666
-6.504604655085611
-6.548214215560328
-6.589798534520945
-6.629136259641318
-6.666076365934446
-6.70054721493146
-6.732557634324805
-6.762190080790782
-6.789586871738072
-6.81493127733208
-6.838425851786052
-6.860270678356647
-6.8806441677228705
-6.899688688001399
-6.917502661595179
-6.934139920475207
-6.94961617425544
-6.963921533591803
-6.977037260867316
-6.9889543884992325
-6.999691619375277
-7.009310031309109
-7.017922532486745
-7.025696701375281
-7.032850502877896
-7.039641291504018
-7.046349373809173
-7.053258096477512
-7.0606328657252355
-7.068701634238041
-7.0776391997458195
-7.087557172101896
-7.09850074822338
-7.110452579786024
-7.123343136598608
-7.137066170404894
-7.151497268449207
-7.166513127779647
-7.182009120660128
-7.197912961342108
-7.214192790091056
-7.2308586949081555
-7.2479575050334235
-7.265561512153987
-7.283752506100269
-7.3026030664318
-7.322157368343489
-7.342413809923262
-7.3633115502129005
-7.384722597417955
-7.40645046361462
-7.4282356836301675
-7.449767766162651
-7.470702486450524
-7.490682911283068
-7.509362218439968
-7.52642625900149
-7.541613911994814
-7.554733572364755
-7.565674551848898
-7.574412701769543
-7.581010125383513
-7.585609375588486
-7.588422980251121
-7.589719464279814
-7.589807223061597
-7.589017641147011
-7.587688753855485
-7.586150541341698
-7.5847126570766505
-7.583655062681746
-7.583221705926656
-7.583617072360495
-7.585005191080378
-7.58751050098126
-7.5912198958707515
-7.5961852664657625
-7.602425937656072
-7.609930546671048
-7.618658102670642
-7.628538187923304
-7.63947048051099
-7.651323973944645
-7.6639364177875375
-7.677114586903391
-7.69063599249364
-7.70425257006496
-7.717696720548663
-7.730689852414071
-7.742953294668403
-7.754221150239383
-7.764254368577458
-7.772855069571819
-7.779879980557686
-7.785251781182875
-7.788967204721298
-7.791100924233479
-7.791804548789338
-7.791300445484204
-7.789870551181974
-7.78784079850025
-7.785562203769986
-7.78339000222215
-7.7816624266157515
-7.7806807820551
-7.780692361128663
-7.781877478303329
-7.784341508306545
-7.788112333790771
-7.793143097752323
-7.799319675127002
-7.806471881522117
-7.814387170239105
-7.822825459707268
-7.8315337893445065
-7.840259707660158
-7.848762616793866
-7.856822681823021
-7.864247301889706
-7.870875474483967
-7.8765806139439585
-7.881272476795441
-7.884898788301264
-7.887446969128895
-7.888946063985651
-7.889468629274076
-7.889132008674208
-7.888098179353975
-7.886571243198229
-7.88479170434143
-7.883026928043834
-7.881557599027097
-7.880660543643428
-7.880588879825417
-7.881551026679893
-7.883690553137951
-7.887069092379761
-7.891654536885168
-7.897316429785478
-7.903829890540775
-7.910888604038903
-7.918126443798881
-7.9251462997871895
-7.931553760469937
-7.936992576461529
-7.941178411579775
-7.94392733710092
-7.945175875487989
-7.94499013230757
-7.943562603585697
-7.941196503490483
-7.938278787389066
-7.935244297509827
-7.9325344860139175
-7.9305548483190815
-7.929635440387745
-7.929998618437406
-7.931737443584277
-7.934807106355522
-7.939030362274397
-7.9441164788837355
-7.949691742249302
-7.955338320280297
-7.96063737275974
-7.965211837447346
-7.9687643615275165
-7.971106385077869
-7.972175358933671
-7.972038384554066
-7.970882052355693
-7.968989761016344
-7.966709155422119
-7.964413374611913
-7.962460437036514
-7.961155239892792
-7.960718298420472
-7.961264542467838
-7.962794315373841
-7.965197319013216
-7.9682687788741635
-7.971735731746314
-7.975290221813613
-7.978625455123963
-7.981470690172393
-7.983620862843116
-7.984957629256705
-7.985459577910321
-7.985200685427825
-7.984337510044147
-7.9830869629987
-7.981697607411061
-7.980418171568731
-7.9794672379365625
-7.979007846224256
-7.979130056152568
-7.979843440740169
-7.98108016182052
-7.98270788759776
-7.984550530976259
-7.986413788778242
-7.988111881955154
-7.989491816490827
-7.990451916768119
-7.990952268527239
-7.991015922038093
-7.990721072640871
-7.990185754431184
-7.989547655963034
-7.988942330243412
-7.98848322077216
-7.988246535141286
-7.988263127369644
-7.988518338348516
-7.988959388501094
-7.989508644761296
-7.990080113627184
-7.990596015519898
-7.991000366950617
-7.991267131645912
-7.9914015930959295
-7.991434954299422
-7.991413534489022
