-7.632783294297951e-17
-0.0006344872548199737
-0.0030680336616278163
-0.00817778166302328
-0.01642085208736019
-0.02776923318140996
-0.041720778091414196
-0.05738299563585313
-0.07361522970110485
-0.08920625498886942
-0.1030594955458688
-0.11435760893504462
-0.12268200313479911
-0.12807025124966323
-0.13100411516536253
-0.1323314493833463
-0.13313502897433774
-0.13456890278051994
-0.1376871649586911
-0.14329053405892922
-0.15181287595695428
-0.16326340074937806
-0.17723174068366288
-0.19295378582581152
-0.20942739815319714
-0.2255601937788211
-0.24032742066834836
-0.2529170773143694
-0.262841838827372
-0.27000262884463516
-0.2746959545416927
-0.2775653068751827
-0.27950482740177374
-0.2815299470851716
-0.2846339381807943
-0.289650765279955
-0.29714316510764616
-0.30733082755175706
-0.3200675473765204
-0.33486917054994725
-0.35098708734719997
-0.36751590925893385
-0.3835196220406115
-0.3981584710415919
-0.41079930557182354
-0.42109493090803574
-0.4290227156201125
-0.434878563996517
-0.43922854221342855
-0.44282608617601327
-0.44650707044288795
-0.4510775395730034
-0.4572093260430832
-0.465357130657891
-0.4757072313012765
-0.48816334981613263
-0.5023700241670257
-0.5177688276757424
-0.5336786165579831
-0.5493881939766413
-0.5642486667336267
-0.5777534105833587
-0.589595782398499
-0.5996981464304544
-0.60820989707788
-0.6154763742544114
-0.6219843082303718
-0.6282922205165551
-0.6349557213376712
-0.6424577477624508
-0.6511525432138696
-0.6612298316826271
-0.6727025678319651
-0.6854183039804649
-0.6990910740534423
-0.7133481665345671
-0.7277845492635915
-0.7420171812182763
-0.7557320051603694
-0.7687179158857974
-0.7808841766545553
-0.7922602688341215
-0.8029796391555399
-0.8132509146041582
-0.8233216189595363
-0.833440085209538
-0.8438210744388288
-0.8546196647752451
-0.8659164461648124
-0.8777152013027776
-0.8899523540443328
-0.9025157972893995
-0.9152694972289309
-0.928079656940428
-0.9408382626985562
-0.9534804879434544
-0.9659935648035949
-0.9784161615279272
-0.9908288043808405
-1.0033372338365096
-1.0160515987793917
-1.0290649374171825
-1.0424344108989287
-1.0561682636024472
-1.0702205719909714
-1.0844946561557045
-1.0988547414077445
-1.1131442548720842
-1.127208188447166
-1.1409163788868641
-1.154184417101527
-1.1669892091687515
-1.1793769182056255
-1.191462016282094
-1.2034173317477257
-1.2154561375595405
-1.2278083435010732
-1.2406936061065799
-1.2542945688208171
-1.2687334518137698
-1.2840548348425296
-1.3002167713290211
-1.3170914271198884
-1.33447536652427
-1.3521085338948695
-1.3697000191676927
-1.3869579510616195
-1.4036204058016706
-1.4194840930914285
-1.434427790388626
-1.4484280135545295
-1.4615651799041576
-1.4740194597148424
-1.4860565316169068
-1.4980044581708205
-1.5102237860247998
-1.5230736673771341
-1.5368772310260115
-1.5518895601319005
-1.568271444464012
-1.5860715798648715
-1.6052191269845824
-1.625527580042448
-1.6467098198902133
-1.6684031332202287
-1.6902019761971128
-1.7116954470501835
-1.732505895444153
-1.7523249007339858
-1.7709430292996544
-1.7882703291876938
-1.8043453957072035
-1.8193319652047513
-1.8335032563203952
-1.8472155487373623
-1.8608736320095987
-1.87489164289884
-1.889653333539317
-1.905475906169388
-1.9225811911564754
-1.941077162908456
-1.9609516623765155
-1.982078847200417
-2.0042374727084504
-2.0271387828548177
-2.0504607164276463
-2.0738844405486923
-2.0971289972998965
-2.1199801217216723
-2.142310031443129
-2.1640861126596835
-2.185367798474617
-2.2062923859159618
-2.227051887781354
-2.247864096383293
-2.2689417123627345
-2.290463577420964
-2.312551721329681
-2.335257132653119
-2.3585559916883456
-2.382356713589185
-2.406516718709576
-2.4308665608946805
-2.455238069583151
-2.4794926250346703
-2.5035456580418805
-2.527383950497341
-2.5510732489153587
-2.574754968595568
-2.598632197781427
-2.622946623532022
-2.6479492112324494
-2.6738683211335434
-2.700879327974517
-2.7290796741557664
-2.75847265037609
-2.7889621415284553
-2.8203592345431394
-2.8524001288057135
-2.8847734020826064
-2.9171535385727787
-2.9492368615106015
-2.9807757216761575
-3.0116070057122775
-3.0416717114784815
-3.071023401030566
-3.0998246491891126
-3.1283319939497742
-3.1568711951569544
-3.1858056662596725
-3.2155016410508783
-3.2462939014134093
-3.2784557067460542
-3.312175969532873
-3.3475458011991988
-3.38455543007924
-3.4231013098053653
-3.463002132959211
-3.50402156568674
-3.5458949171566667
-3.5883567052987866
-3.6311661844341296
-3.6741283255815764
-3.7171084151369596
-3.7600392665801303
-3.802920916216433
-3.8458134939039734
-3.888824634685406
-3.9320932633102843
-3.9757718070232486
-4.02000887028548
-4.064934164382998
-4.110647073638891
-4.157209720799052
-4.204644834771592
-4.252938188404448
-4.302044915964887
-4.351898677750059
-4.4024224337556275
-4.4535395235537445
-4.505183814980663
-4.557307858707987
-4.609888241680499
-4.662927639862773
-4.716453400829682
-4.770512813627597
-4.825165525200236
-4.880473821639897
-4.936491694018092
-4.99325374056355
-5.050765009631359
-5.108992853799449
-5.167861740476119
-5.22725174953915
-5.287001191510392
-5.346913416764103
-5.406767482611151
-5.466331934788282
-5.525380583470087
-5.5837088548543665
-5.641149118980989
-5.697583366266457
-5.752951749374845
-5.807255825582494
-5.860555809020122
-5.912961732412651
-5.964619066226222
-6.015689978781206
-6.066331968361716
-6.1166759865792715
-6.166806344210735
-6.2167446119258205
-6.266439392893668
-6.315763277712049
-6.364517550032848
-6.4124443739804295
-6.45924535806191
-6.504604655085845
-6.548214215560585
-6.589798534521188
-6.629136259641568
-6.666076365934682
-6.700547214931737
-6.732557634325079
-6.762190080791055
-6.789586871738363
-6.814931277332366
-6.838425851786359
-6.860270678356942
-6.880644167723178
-6.899688688001687
-6.917502661595488
-6.934139920475526
-6.949616174255755
-6.963921533592084
-6.977037260867597
-6.988954388499526
-6.999691619375591
-7.009310031309406
-7.017922532487048
-7.025696701375614
-7.032850502878222
-7.039641291504319
-7.046349373809466
-7.053258096477822
-7.060632865725544
-7.068701634238364
-7.077639199746158
-7.08755717210226
-7.098500748223732
-7.11045257978639
-7.123343136599007
-7.13706617040532
-7.151497268449625
-7.166513127780042
-7.182009120660507
-7.197912961342501
-7.214192790091436
-7.230858694908516
-7.247957505033774
-7.265561512154362
-7.283752506100602
-7.3026030664321535
-7.322157368343831
-7.342413809923589
-7.363311550213212
-7.384722597418259
-7.406450463614946
-7.428235683630492
-7.449767766162976
-7.470702486450831
-7.490682911283357
-7.509362218440298
-7.526426259001816
-7.5416139119951415
-7.554733572365097
-7.565674551849205
-7.574412701769857
-7.581010125383834
-7.5856093755888
-7.588422980251462
-7.589719464280162
-7.589807223061938
-7.589017641147331
-7.587688753855821
-7.586150541342022
-7.584712657076995
-7.583655062682076
-7.583221705926961
-7.583617072360794
-7.585005191080697
-7.587510500981605
-7.5912198958711
-7.596185266466116
-7.6024259376564265
-7.609930546671418
-7.618658102671038
-7.628538187923711
-7.639470480511359
-7.65132397394502
-7.663936417787941
-7.677114586903773
-7.690635992494014
-7.7042525700653215
-7.7176967205489895
-7.730689852414385
-7.742953294668717
-7.754221150239683
-7.7642543685777525
-7.772855069572117
-7.77987998055799
-7.785251781183136
-7.7889672047215734
-7.791100924233743
-7.791804548789606
-7.791300445484455
-7.7898705511822435
-7.787840798500554
-7.7855622037702945
-7.783390002222467
-7.781662426616032
-7.780680782055378
-7.78069236112895
-7.7818774783035884
-7.784341508306818
-7.788112333791021
-7.79314309775256
-7.799319675127213
-7.806471881522331
-7.814387170239317
-7.822825459707485
-7.831533789344701
-7.840259707660351
-7.848762616794068
-7.856822681823241
-7.864247301889943
-7.870875474484219
-7.876580613944226
-7.881272476795706
-7.884898788301506
-7.887446969129129
-7.888946063985896
-7.889468629274335
-7.88913200867446
-7.888098179354193
-7.886571243198449
-7.884791704341636
-7.883026928044052
-7.88155759902733
-7.880660543643671
-7.880588879825637
-7.881551026680133
-7.883690553138183
-7.887069092379941
-7.891654536885357
-7.897316429785717
-7.903829890541004
-7.910888604039148
-7.918126443799141
-7.925146299787471
-7.9315537604702655
-7.936992576461858
-7.941178411580115
-7.943927337101239
-7.945175875488329
-7.944990132307887
-7.943562603586011
-7.941196503490777
-7.938278787389369
-7.935244297510156
-7.932534486014277
-7.930554848319422
-7.929635440388073
-7.929998618437738
-7.9317374435846055
-7.934807106355881
-7.939030362274784
-7.944116478884103
-7.94969174224964
-7.955338320280599
-7.9606373727600355
-7.965211837447656
-7.9687643615278025
-7.971106385078191
-7.972175358934007
-7.9720383845544225
-7.970882052356077
-7.968989761016711
-7.966709155422487
-7.964413374612275
-7.9624604370368885
-7.961155239893171
-7.960718298420837
-7.961264542468228
-7.962794315374197
-7.965197319013577
-7.968268778874498
-7.971735731746633
-7.975290221813931
-7.97862545512429
-7.981470690172697
-7.9836208628434004
-7.984957629256992
-7.985459577910615
-7.9852006854280955
-7.984337510044408
-7.9830869629989225
-7.981697607411312
-7.980418171568992
-7.97946723793682
-7.979007846224555
-7.979130056152875
-7.979843440740461
-7.981080161820806
-7.982707887598037
-7.984550530976523
-7.986413788778505
-7.988111881955433
-7.989491816491103
-7.990451916768364
-7.990952268527452
-7.991015922038281
-7.990721072641065
-7.990185754431359
-7.989547655963166
-7.988942330243522
-7.988483220772249
-7.988246535141384
-7.988263127369768
-7.988518338348645
-7.988959388501231
-7.989508644761421
-7.990080113627297
-7.990596015520025
-7.991000366950756
-7.991267131646059
-7.991401593096055
-7.991434954299566
-7.991413534489165
-7.991385043346922
