5.1974266904175614e-14
-0.006809577933823391
-0.025209641216700777
-0.056801406467062734
-0.09996878893655213
-0.15079646508230937
-0.20445983955309383
-0.2565338858361395
-0.30383287538916337
-0.34466957890143635
-0.37866597275900604
-0.4063631392045609
-0.4288529077236031
-0.4475420050299463
-0.4640396310228065
-0.4800909221199559
-0.4974789299448086
-0.5178648215743181
-0.5425907675359619
-0.5725001640713617
-0.6078248676781791
-0.6481601643781337
-0.6925169674744489
-0.7394252980560181
-0.7870685022830898
-0.8334452413824759
-0.8765704660690751
-0.9147244608862058
-0.9467376644007072
-0.9722669298368473
-0.9919920828529742
-1.0076556741683007
-1.0218917862077967
-1.0378383203170032
-1.0585875859180796
-1.0865829813766354
-1.1230972478644892
-1.1679198821338845
-1.219338359872866
-1.2744308700231177
-1.3296151424105203
-1.3813378723703715
-1.4267573016946025
-1.4642748329133277
-1.4938079713309163
-1.5167562324209427
-1.53567894779518
-1.5537634372055877
-1.574201106630413
-1.5996006535779952
-1.6315513427588073
-1.670410954403597
-1.715342404815365
-1.7645717478549523
-1.8157988793314015
-1.8666683003681583
-1.9152039614986842
-1.960128214286501
-2.0010151940621843
-2.0382661592295994
-2.0729304057514955
-2.1064233512557933
-2.1402084915448
-2.175510373182329
-2.213112722282191
-2.25327317350526
-2.2957590116637814
-2.33998277625371
-2.385761697517214
-2.433153963400757
-2.4801283579092783
-2.5249524712145894
-2.566446686740588
-2.604111260231671
-2.638116892015247
-2.6691768499957016
-2.69834027485055
-2.7267576831480658
-2.7554692061265267
-2.785254786618746
-2.816566779379924
-2.8495440186379453
-2.8840875922521856
-2.9199665489986675
-2.9569189543360825
-2.994720136692441
-3.033203390295397
-3.072234914473439
-3.1116597912028943
-3.1512452225627348
-3.1906484707801352
-3.229429569890418
-3.2671148665960588
-3.3033006520616355
-3.3377713334176518
-3.3705981722155904
-3.4021854150426387
-3.4332410808111575
-3.4646675723109897
-3.4973883599989395
-3.532145883621665
-3.5693174100843956
-3.6087962697600857
-3.649974551764248
-3.6918417900378553
-3.733186960240116
-3.772864607648854
-3.8100668875080257
-3.8445371243335216
-3.8766697063242996
-3.907464483416151
-3.9383364241298384
-3.9708156325573434
-4.006200704800112
-4.045242853364274
-4.087935252769591
-4.133461614957105
-4.180324091710434
-4.2266304945307
-4.270483551920151
-4.310389300220167
-4.345594232775915
-4.3762740048604325
-4.398717252962733
-4.409269979921673
-4.406169538638879
-4.389695379359034
-4.361963873504754
-4.326426136489963
-4.287184078188118
-4.248269362127614
-4.213026774745869
-4.183709604409175
-4.161339114232198
-4.145817086939976
-4.136225125787874
-4.131209827370847
-4.129346379603591
-4.129394591948538
-4.130403770126734
-4.13167391718876
-4.132626015413521
-4.132660621530663
-4.131083683526383
-4.127150916147283
-4.120235114646582
-4.110068931229482
-4.0969760297308095
-4.081990721699267
-4.066787259841355
-4.053391702335403
-4.043718294120821
-4.039038329308636
-4.039530706116649
-4.0440631488734216
-4.050305548188146
-4.055190603628277
-4.055634207222621
-4.049339385668566
-4.035462931816113
-4.01494201031945
-3.990359621240026
-3.9653533569320647
-3.9437065032716054
-3.928363708940592
-3.9206510339713483
-3.9199353470394716
-3.923838098545278
-3.928955302967091
-3.9318779772693215
-3.9302067104328495
-3.9232470063115272
-3.912166039514586
-3.8995600734578386
-3.8885717745503983
-3.8818449973789235
-3.8806597264369986
-3.8845299237559785
-3.891389329030897
-3.8982876544420777
-3.9023438139914597
-3.90161867142523
-3.8956096649814738
-3.885218974783719
-3.87224814828446
-3.858646965466443
-3.845824676917647
-3.8342868565246118
-3.8237104702017906
-3.813376682305701
-3.802728359153443
-3.7917753062337636
-3.781156449578564
-3.771845438245528
-3.7646694757887054
-3.759908867629989
-3.757204341623413
-3.755836008563161
-3.755230583898216
-3.7554082942884888
-3.7570802765223985
-3.761267022909722
-3.768562415016707
-3.778391754637432
-3.788680756950286
-3.796206861340086
-3.7975932406956145
-3.7905735244683956
-3.7749738275713867
-3.752938974800357
-3.7282552242127265
-3.7050443961167607
-3.6864112009973504
-3.6736478761302016
-3.666310484775124
-3.663022230780079
-3.66247870533004
-3.6640477362872503
-3.667633667888007
-3.672964856207479
-3.6788750344696983
-3.6832136240870135
-3.683654802333924
-3.6790634831546014
-3.6705884187570286
-3.6616345623209168
-3.6564137762741846
-3.6576301670007134
-3.664528984890207
-3.6725674410685207
-3.675222450932267
-3.667265980644239
-3.64787030621153
-3.621772420913103
-3.59761707118697
-3.584095508242689
-3.585773101343497
-3.6007842651793047
-3.6216373026893565
-3.638705341532936
-3.644538525777618
-3.636769553010984
-3.6183073537978507
-3.5951309810241723
-3.573282261600583
-3.556821422795878
-3.5475317129148576
-3.545799025314722
-3.555220681705095
-3.5797587604084886
-3.6224075571972674
-3.6790260438101963
-3.7400403667108235
-3.7954387910156058
-3.840032562784164
-3.875829211564691
-3.9102468720396764
-3.9514471426766136
-4.003642612288302
-4.064977660497168
-4.128841704282875
-4.187457693267678
-4.235507016707848
-4.271896196177116
-4.299126110673128
-4.321150855759802
-4.34127524829552
-4.3612796352820515
-4.381961050604941
-4.404341056208502
-4.430468307299201
-4.463144497283841
-4.504690161896269
-4.55552341456124
-4.6134691650375315
-4.67430113293631
-4.733317805603726
-4.787178269076123
-4.835086232265626
-4.878761215675274
-4.921260698842437
-4.965276564696571
-5.011748293409246
-5.059434908678258
-5.10559940571219
-5.147436618697159
-5.1835603397181815
-5.214880335903696
-5.244506965191475
-5.2767581135661565
-5.315709421712137
-5.363877008235841
-5.421514935536205
-5.48672153645092
-5.5562185666366934
-5.626432949707182
-5.694453492349045
-5.758553115275121
-5.818188864549367
-5.873612929400055
-5.925358364413001
-5.973863014201578
-6.019383413783532
-6.062189395255252
-6.1028934559103325
-6.142710568878599
-6.183479911141566
-6.227386992633179
-6.276454849974863
-6.331973906891735
-6.394074547474255
-6.461604268456085
-6.532370721691881
-6.603690851626301
-6.6730872267942996
-6.738927752609096
-6.800826052381312
-6.859696297216493
-6.9174607155339
-6.976506591112611
-7.039053278918125
-7.106602875950992
-7.17961148498642
-7.257446784151414
-7.338615474466887
-7.421175233023974
-7.5032077016556995
-7.583228752482821
-7.660445368939095
-7.734821693234878
-7.806972704478193
-7.879757750979629
-7.958062374193937
-8.039116449654385
-8.119922356574978
-8.197898784851338
-8.271422631693289
-8.340125503290226
-8.404874727920319
-8.467455631970958
-8.530046254605368
-8.594620370755198
-8.662423120701506
-8.73363827257753
-8.807315987753535
-8.881567496425347
-8.953972504154242
-9.022099782830956
-9.084020931908828
-9.138705306733135
-9.186217118160815
-9.227684278136328
-9.265060147687324
-9.300741766321183
-9.33713262742684
-9.37624098848034
-9.41938784970684
-9.467068180448758
-9.51897306662821
-9.574147530431265
-9.631235332387137
-9.68875179843568
-9.745329299871921
-9.7998953017996
-9.85176530101418
-9.900656283643738
-9.946644163653191
-9.990096368271702
-10.03160702195539
-10.071949622341975
-10.112046200726734
-10.152939072140406
-10.192061165222944
-10.22513195078453
-10.249068391586508
-10.26238124475803
-10.265182018624019
-10.258833509954021
-10.245372028241892
-10.226877384692067
-10.204959066538756
-10.18047369333923
-10.153511293548773
-10.123610532225802
-10.090106188444667
-10.05248821332293
-10.010663132031173
-9.965048694644565
-9.916488051224917
-9.86602400222157
-9.81461239017656
-9.762867188868952
-9.71091639613134
-9.658412740224609
-9.60469710278379
-9.54906842678617
-9.491083593354102
-9.430802044794898
-9.368904681552218
-9.306650847606601
-9.245682603541887
-9.187730603476302
-9.134308119782185
-9.086487710898645
-9.044832445472561
-9.009503616711175
-8.980503900572243
-8.957961387529092
-8.9423379952178
-8.934467171779746
-8.935385289889863
-8.945997423183654
-8.966682332975266
-8.996968856017432
-9.035396262507085
-9.079612356959489
-9.126686877144019
-9.17355061239461
-9.217434231445234
-9.256185552772456
-9.288387386105509
-9.313266145465757
-9.330452567529132
-9.339706509390561
-9.34072935621225
-9.333152908404111
-9.316721190031139
-9.291595444655398
-9.25864640282128
-9.219583006030744
-9.176816869894706
-9.133062707014128
-9.090786924137559
-9.051690321794931
-9.01641006353783
-8.984545818364232
-8.954986090100217
-8.926389064779608
-8.897615205217285
-8.86794714472752
-8.83705037586846
-8.804765371686075
-8.770902775091791
-8.735192126756926
-8.697425238955615
-8.657705491411884
-8.616643801314426
-8.575372515041586
-8.535358244553567
-8.498113535562
-8.464960993762745
-8.436959418370801
-8.414987885710884
-8.399872482497578
-8.392403331701862
-8.393154043606305
-8.402146600282943
-8.418524829824433
-8.440436451230672
-8.465250790822413
-8.490088341426342
-8.512480279471346
-8.530889183965824
-8.544860658140493
-8.554740224416653
-8.56111051080305
-8.564257988430334
-8.563961040860628
-8.559695747717818
-8.551098390897712
-8.53837190890848
-8.522379504611244
-8.504394957231465
-8.485721764091279
-8.467481792616145
-8.450733364393535
-8.436787151512247
-8.427352258177041
-8.42417825789244
-8.428208188461689
-8.438703176370986
-8.452978632599748
-8.46710044779554
-8.477293561579692
-8.481341443767114
-8.47924204206539
-8.472822368580868
-8.464584118379447
-8.456402730305983
-8.448678163397332
-8.440231022838635
-8.428875838204998
-8.412373906497473
-8.389422264552787
-8.360392579881875
-8.327595368934157
-8.292486914761186
-8.264307537839912
-8.260769061207105
-8.290038062392998
-8.348062686695227
-8.422669519821499
-8.500898461075241
-8.574706711386371
-8.642302155884517
-8.705762645456467
-8.76772476314842
-8.829659991602483
-8.892308195056517
-8.956958326168413
-9.02585582101664
-9.101125739329252
-9.183080439599653
-9.269371387651676
-9.35578543694047
-9.438236569115356
-9.514671383900966
-9.58574711746378
-9.654038061493669
-9.722470886922357
-9.793048820509886
-9.866550520405863
-9.943130126682625
-10.023144425352987
-10.107463712866037
-10.196973230177155
-10.29159394004005
-10.3895182351546
-10.487247564069243
-10.58053795956931
-10.665825609169799
-10.741433706053098
-10.807987742379277
-10.86789031654026
-10.924174367927186
-10.979311139621704
-11.034487041054339
-11.089564661334585
-11.143603022934354
-11.195603826932356
-11.245136257291891
-11.292627653551321
-11.339295883150244
-11.386850987401736
-11.437152491279784
-11.491966048446887
-11.552857499039762
-11.621159968021917
-11.69790825235139
-11.783673156171961
-11.878318439021829
-11.980788222131112
-12.089060933211977
-12.200357567488126
-12.311589813997795
-12.419928881101649
-12.523320121688396
-12.620785894626374
-12.712436374253738
-12.79920689626308
-12.882420722378045
-12.963314208324107
-13.042654485206798
-13.120538998637144
-13.196407631391008
-13.269237867394116
-13.337846558027358
-13.401200478934372
-13.45864765447804
-13.510018005471078
-13.55559098658891
-13.595970570086822
-13.631928735600432
-13.664272425525702
-13.69376274896646
-13.721084058019622
-13.746839551553853
-13.77154737785595
-13.795624683334228
-13.819366566746222
-13.842940348108675
-13.86641529130767
-13.889834165537104
-13.913312942512468
-13.9371382857938
-13.9618268901575
-13.988118678761294
-14.0168945673065
-14.049032557402295
-14.085235752066259
-14.125876125821248
-14.170895249277535
-14.219788428539358
-14.272352153790022
-14.332415944274462
-14.395498031160367
-14.457093729637947
-14.513525850878318
-14.562472758640029
-14.60307021533332
-14.635641378144957
-14.661217783536255
-14.681043065579301
-14.696210323777901
-14.707505486712607
-14.715447153587402
-14.720453188848175
-14.72303763076459
-14.723948393788094
-14.724188831179454
-14.7249123090406
-14.727225198067403
-14.731967515306078
-14.73955143787287
-14.749920251514503
-14.76264664942857
-14.77713398663007
-14.792840878601304
-14.809440959477284
-14.826862444541444
-14.842793934997383
-14.853868873250981
-14.857765924222917
-14.8535443397259
-14.84160475740519
-14.823339284332196
-14.800633122655393
-14.775394263330698
-14.749229083994775
-14.723296711704275
-14.698310475692953
-14.674629622587599
-14.652387628557038
-14.631613794852072
-14.612313223146675
-14.59448428704705
-14.578081526909639
-14.562967958312385
-14.5489183931342
-14.535710931215021
-14.523281363098755
-14.511852871808637
-14.501939512993934
-14.494177040617968
-14.489030311199715
-14.486502087780185
-14.485974545181865
-14.486250451092776
-14.485770427824573
-14.48292183288328
-14.476351418310871
-14.46523251685839
-14.449476515836949
-14.42988440739618
-14.408206615723426
-14.387048204735112
-14.369558820637714
-14.35889967792766
-14.35756917524236
-14.366753860839003
-14.38590512000111
-14.41269482076491
-14.443383538373867
-14.473491501955275
-14.49856342591394
-14.51481379684067
-14.519526266491974
-14.511202043077855
-14.489533645956044
-14.455284619554527
-14.410107156507658
-14.356290288652529
-14.29644534303692
-14.233186051168575
-14.168883922361372
-14.105529824003463
-14.044642286316098
-13.987125148822432
-13.933056327767604
-13.88154165123274
-13.830855826431252
-13.778998639885556
-13.724537729834761
-13.667362032538701
-13.608936677602923
-13.551894648181758
-13.499172352696231
-13.453137224582985
-13.415107789907013
-13.385395440139817
-13.363715779229748
-13.349697102244876
-13.343263508286729
-13.344781748173363
-13.354940732752361
-13.374382870835825
-13.40318406156779
-13.440390058836503
-13.483869197539521
-13.530626643468645
-13.577458011153203
-13.621587205352558
-13.66096073744743
-13.694185172554866
-13.72041986035384
-13.739520367111629
-13.752335165336573
-13.76069069365224
-13.766704103030214
-13.77161242400239
-13.77478368365995
-13.773527838074303
-13.763839157639843
-13.741723645053586
-13.704578413396485
-13.652132229408164
-13.58658779783874
-13.511841983095533
-13.432049194538314
-13.35017363823219
-13.267222420241435
-13.182440906595739
-13.094188251356941
-13.000952832737259
-12.90214226771768
-12.798576241124017
-12.69267247552155
-12.588197131535738
-12.489499906643633
-12.400477150623633
-12.323752660129514
-12.26042705463544
-12.21042325267275
-12.173285927989253
-12.149164624756253
-12.13939243949802
-12.14595192544971
-12.169813772883028
-12.20929158761983
-12.259897548235164
-12.316106560331315
-12.373931101754042
-12.432658402404076
-12.49470462545291
-12.563565721564634
-12.634457700865775
-12.70905597792633
-12.799140307324393
-12.90550312580819
-13.019199190563889
-13.12929768122673
-13.229960133416293
-13.321877662230621
-13.40841994696733
-13.490600717051906
-13.565097710383945
-13.626597075494168
-13.672059662520276
-13.703092055124749
-13.7245925861079
-13.741253646355807
-13.75506540801079
-13.765488279711594
-13.771356649631816
-13.772420577514437
-13.769294206850988
-13.762166907435457
-13.749627763286686
-13.728900711446078
-13.697807417589198
-13.657391362616826
-13.613298136650853
-13.574541429947367
-13.550022961115262
-13.544839109374532
-13.558633710056665
-13.586835636019831
-13.623702399627964
-13.665140695345576
-13.709815847858215
-13.758409645142669
-13.811954780332963
-13.870409580887369
-13.932206504720707
-13.994855072757717
-14.056127398070412
-14.115082388513109
-14.172309069718496
-14.229257744929775
-14.287100333210473
-14.345834948627953
-14.404142424344862
-14.459983272923923
-14.511470202681101
-14.55746049395072
-14.597595749284032
-14.631923090136231
-14.660466918738544
-14.683065486242196
-14.699544957759903
-14.710073056094254
-14.71545052483259
-14.717170835829542
-14.71722406586063
-14.717739233921176
-14.720596173493474
-14.727108525927555
-14.737836779475284
-14.752565982602562
-14.770462570551194
-14.7903818260145
-14.811237031708535
-14.832302995597361
-14.853346456671966
-14.87455243432649
-14.896308975873996
-14.918970556795417
-14.94271077429471
-14.967508742399321
-14.99323798855146
-15.019789695489203
-15.047174389924205
-15.07557661416134
-15.105350592636338
-15.136941831551525
-15.170730350769807
-15.206831683296743
-15.244935456942605
-15.284263205845468
-15.323672410649408
-15.361859653092411
-15.397579199846401
-15.42981691145426
-15.457910824809671
-15.481636798576114
-15.50126037467963
-15.517523237005216
-15.531528826434625
-15.544531355580284
-15.557686569657788
-15.571846853307177
-15.587458776343993
-15.604568718132056
-15.622900452335523
-15.641960140136218
-15.66114158193587
-15.679824084789809
-15.69746061574329
-15.713647575802963
-15.728163448735735
-15.74097065296848
-15.75218819365236
-15.762050125278456
-15.770861036770617
-15.778951168149533
-15.786630425322683
-15.795108389714509
-15.806499499515457
-15.818669886008744
-15.829533382902579
-15.83770931304812
-15.842764960565745
-15.845035319566591
-15.845234043668931
-15.844106638693773
-15.842255178278018
-15.840116534360352
-15.83801549278807
-15.836243516362417
-15.8351525396753
-15.835236067697247
-15.837119834131691
-15.841385619644345
-15.848252696272244
-15.857283783027214
-15.867337129862932
-15.876871403804824
-15.884483902950485
-15.88939400867588
-15.891611830140855
-15.891741161528506
-15.890594620670592
-15.88887691150514
-15.887081620217781
-15.88556236046895
-15.884635934081183
-15.88461397765921
-15.885768262479028
-15.888294688076527
-15.892305175804706
-15.89780676353642
-15.904619339689777
-15.912261754267904
-15.919921268981314
-15.926608701411592
-15.9314734380356
-15.9341104832894
-15.934668624058865
-15.933699804502767
-15.931871143452144
-15.929740814308715
-15.927715525779732
-15.926143179233055
-15.925396297814325
-15.925844907250427
-15.927742254534063
-15.931126906639616
-15.935812969490957
-15.941446064569387
-15.947552262096023
-15.953550428602924
-15.958779830431801
-15.962614339034923
-15.964656587242242
-15.964902422398062
-15.96374862301811
-15.961818855996988
-15.959719781262613
-15.957886389434073
-15.956589402343543
-15.956038387561604
-15.956448754971873
-15.958000226188124
-15.960730245416979
-15.964464337601385
-15.968840833896293
-15.973398937800129
-15.977660669925582
-15.98117858013376
-15.983582921946574
-15.98466599781301
-15.98447879831924
-15.983358130492798
-15.981825939176796
-15.980398739122531
-15.979424801155886
-15.979048474870059
-15.979296247397093
-15.980184023017648
-15.981745787015226
-15.983972113928841
-15.986732832790366
-15.989763116440967
-15.992724680278855
-15.99529044141632
-15.997201721492843
-15.998295930003101
-15.998534400501327
-15.998037430059814
-15.997088839213253
-15.996068152299365
-15.995323100440842
-15.99505680782361
-15.995304507544784
-15.996004639702187
-15.997092734245944
-15.998536709734097
-16.000296142789736
-16.002260567159574
-16.00423434185374
-16.005984527963847
-16.007311852055306
-16.00809733336996
-16.008314110626046
-16.008025907271634
-16.00738605371937
-16.006621954789303
-16.00598368921896
-16.005667010035154
-16.005756169486972
-16.00622653360245
-16.006999418953985
-16.007998295650037
-16.009160983413917
-16.010410621623706
-16.011628991438396
-16.012669426096203
-16.01340430346327
-16.0137700872704
-16.013780559768527
-16.013510846915313
-16.013073831617724
-16.012601100357465
-16.01222236801025
-16.012036668794476
-16.012085352681154
-16.012346692719348
-16.01275836827307
-16.01325036209881
-16.013763811140738
-16.014249089342176
-16.014658444041984
-16.01495057849617
-16.01510662411405
