0.8462433519128475
-4.320497942910443
-6.425542748055575
-6.643707963510926
-6.255527214238203
-5.985733876536731
-6.030319651926283
-6.373114016475162
-6.91991650208761
-7.523489765288353
-8.046984393072833
-8.393859078225372
-8.5551327173447
-8.605183049229554
-8.64504444139135
-8.749910529282028
-8.934977414283173
-9.153183069972986
-9.351465163075733
-9.514004393798869
-9.663724988116957
-9.83524151581251
-10.044845982375039
-10.286875058468175
-10.543022071253285
-10.787558767558743
-10.991166788314095
-11.134955656156002
-11.224600738922247
-11.294815819939858
-11.3936738336131
-11.548793695056535
-11.743697924692272
-11.93634912477452
-12.105509547723267
-12.266567914713772
-12.439769760679624
-12.613200062514771
-12.745265586342773
-12.81299370348486
-12.837422164181362
-12.857421917332477
-12.893803168110384
-12.934808102222334
-12.95679933441632
-12.955877916467134
-12.949137502254835
-12.951514112875103
-12.965079146899594
-12.98408254012468
-13.002467905866167
-13.018956818247982
-13.037867753042839
-13.064561316033073
-13.098003674124957
-13.127687644692791
-13.142939315211972
-13.144382033629103
-13.142103250032418
-13.144369451325083
-13.15108609801924
-13.157623673220836
-13.161066002890614
-13.161494522754817
-13.159768257940724
-13.157205850115178
-13.156901450454978
-13.161451453861972
-13.169121366910773
-13.175536735725114
-13.178747607420421
-13.18014649102973
-13.181547356337752
-13.183543888302657
-13.186317586524204
-13.190108303148154
-13.194054642542728
-13.196088308588006
-13.195278934173047
-13.193120553437375
-13.191657223204547
-13.191487249870896
-13.192033852829255
-13.192706102413107
-13.193276775596974
-13.19367398483839
-13.194055929034677
-13.194928923911089
-13.196512703147814
-13.19813128192139
-13.198893632635627
-13.19875248057983
-13.198367596907353
-13.198192848197944
-13.198168516002447
-13.198171321895048
-13.198244507176007
-13.198333811821765
-13.198306239898171
-13.198273758473501
-13.198453385121347
-13.198791300526395
-13.199075151456512
-13.199251456870385
-13.199374529538257
-13.199426740495841
-13.199410197002024
-13.199437480401265
-13.199543368596316
-13.19960704531789
-13.199578179670006
-13.199549033410598
-13.199567317953019
-13.199592773281303
-13.199615710880657
-13.199656722460187
-13.199695088828223
-13.199707357972613
-13.199720891380425
-13.19975841990263
-13.199800330751993
-13.199833697021187
-13.199862799853125
-13.199878217473454
-13.199872851595686
-13.199861616552859
-13.199858632587429
-13.199862247149106
-13.199868379873198
-13.199875628050227
-13.199880729885589
-13.199886295270892
-13.199899466164382
-13.199916086058169
