0.2666894726213715
-3.035163310249101
-5.645345512071451
-7.541359372135332
-8.775478926340735
-9.466102555701033
-9.76552667284833
-9.821458603074461
-9.750713931125553
-9.633410731144163
-9.518858450571784
-9.434137627809353
-9.392040058139614
-9.39658087810916
-9.4464898989686
-9.53680146901633
-9.660735386418246
-9.81074585885721
-9.978897232305322
-10.157686389361276
-10.340773317894394
-10.524333088962438
-10.707755557053373
-10.893487064913119
-11.08618026472408
-11.290632261005035
-11.510493322247948
-11.749591265987462
-12.012939635105939
-12.303319762576969
-12.618952449871236
-12.95287715584063
-13.292904149985361
-13.622981888903132
-13.92816246470039
-14.199540521064423
-14.434611275767374
-14.63493584572852
-14.804865065015278
-14.948786705817017
-15.069481859005514
-15.170050097928662
-15.25611182912635
-15.336431735057865
-15.420772205577315
-15.515319786765579
-15.62014969467361
-15.731014338307212
-15.842697272892227
-15.951241394785416
-16.054786349334723
-16.15348259283444
-16.24900260719211
-16.343883757222653
-16.44025842866155
-16.53833951655777
-16.635834917071247
-16.728652220985907
-16.812305389351703
-16.883825916028005
-16.94352018621605
-16.995133598074617
-17.04394176701048
-17.093798997950238
-17.14505870184169
-17.194651446267585
-17.237970029894793
-17.271493068730976
-17.294877775033182
-17.31115620277778
-17.32494347008462
-17.339982098448825
-17.357680518222146
-17.377400239568914
-17.397705901169036
-17.4174955223046
-17.436483670324677
-17.45491196329324
-17.472955420089363
-17.490364310352145
-17.506553069020107
-17.521024920078574
-17.533655006776655
-17.54462817603255
-17.55420097631899
-17.56247591666591
-17.569346883945602
-17.574581805687952
-17.577986186314597
-17.579583941426037
-17.579688358325466
-17.578875939363293
-17.577876244218015
-17.577379091085568
-17.577808671679865
-17.579167403631455
-17.581094205800177
-17.583099627213457
-17.5848175452886
-17.586137498586137
-17.58716752941828
-17.588093536081395
-17.58903081550413
-17.58997138460498
-17.590841098186484
-17.59158531502512
-17.59221332168194
-17.592782065242375
-17.59335547192282
-17.593967375056618
-17.594609714776123
-17.595250563473883
-17.595858161255215
-17.596413050982964
-17.59690369733008
-17.59732018683356
-17.597651497404033
-17.59788920329362
-17.598037156381192
-17.598115955905254
-17.598155541306138
-17.598180309993932
-17.598202400314527
-17.59822547019955
-17.598252261468836
-17.598288832504014
-17.598342761606823
-17.598418024149556
-17.598511517677544
-17.598615900503397
-17.59872439982284
-17.59883266984072
-17.598937042744044
-17.599032979932687
-17.599115576677328
-17.599181631676785
-17.59923164262036
-17.599269484751645
-17.599300288274286
-17.599328480431822
-17.59935721599381
-17.599387859140002
-17.599419560992096
-17.599449856202895
-17.599476492419896
-17.59949910392918
-17.599519466727752
-17.59954003367739
-17.59956186704379
-17.599583951650942
-17.599604401770964
-17.59962213340514
-17.59963733890266
-17.599650848173795
-17.599663322304806
-17.5996751092989
-17.599686598308693
-17.59969840347107
-17.59971096871372
-17.599724145393612
-17.599737289762807
-17.59974974844591
-17.59976120247986
-17.599771666496594
-17.599781265353926
-17.59979006792185
-17.599798123406437
-17.59980556533467
-17.599812592430588
-17.599819370675093
-17.599825996363613
-17.59983252202342
-17.599838977165106
-17.599845349687865
-17.599851558560097
-17.59985747888271
-17.599863029960915
-17.599868230309085
-17.59987316015516
-17.59987788397858
-17.599882414021934
-17.5998867318918
-17.599890838965173
-17.599894779488626
-17.599898613008722
-17.59990237269173
