1.404688122435
0.24779999866893654
-0.806216665742473
-1.7392128248627525
-2.5417379592233784
-3.2129447076013173
-3.756516114234003
-4.178160245297661
-4.486930556090876
-4.696549863472546
-4.824310715742189
-4.88956485981781
-4.912475935396157
-4.912649213669599
-4.9071853298865005
-4.909389291335864
-4.928331943561402
-4.968968463321322
-5.032597102002985
-5.117501053776107
-5.219655524507746
-5.333458692763974
-5.452472509102516
-5.570144907273442
-5.680476768636336
-5.77858680662842
-5.861139587608857
-5.926624401717779
-5.975422517427169
-6.00955990307743
-6.03219159974915
-6.046984325882715
-6.057516853176075
-6.066783889612442
-6.0768770446764435
-6.088880783135971
-6.1029612884102535
-6.11857531826681
-6.134723622573279
-6.150210186068217
-6.163892438697318
-6.174899736111935
-6.182786532349053
-6.187590090816176
-6.189779031312346
-6.1901097012703765
-6.189442113836028
-6.188577058494537
-6.188151670968745
-6.188597776596612
-6.190146948824257
-6.192858389391926
-6.196647216003913
-6.201303695008681
-6.206512934682811
-6.211891321732806
-6.217043824990032
-6.221630605094528
-6.2254249361517475
-6.228346229476815
-6.230458599374464
-6.231936359843771
-6.233010039753795
-6.2339123622268
-6.234838939869593
-6.235928304318847
-6.237258005568748
-6.238850501152647
-6.240683280598768
-6.242700508632316
-6.244826340757383
-6.246980681790859
-6.249096151486691
-6.251132541790044
-6.253084470911848
-6.254979818176673
-6.256869758387154
-6.258814135759806
-6.260867156665388
-6.2630674878776444
-6.265434504809452
-6.2679699536509865
-6.270662770657419
-6.273494641133095
-6.276444784479898
-6.27949366856366
-6.282626085245307
-6.285833904999332
-6.289118187417859
-6.292489831707064
-6.295968081270408
-6.299576911836545
-6.303340198834393
-6.307277079928445
-6.311398834742634
-6.3157079703131735
-6.320199367697901
-6.324862714679753
-6.329685266458625
-6.3346542100200605
-6.339758311920114
-6.3449888388389155
-6.350339849278863
-6.355807932302519
-6.361391442989376
-6.3670893291613355
-6.372899751955549
-6.378818806716135
-6.384839664657388
-6.390952333507805
-6.397144019481766
-6.403399877791353
-6.409703864160952
-6.416039457276288
-6.4223901456017956
-6.428739683481054
-6.435072180325138
-6.441372095122523
-6.447624194067046
-6.453813521640999
-6.459925441943078
-6.4659458035301
-6.471861240118372
-6.477659548510139
-6.483330028849355
-6.4888636736042775
-6.494253153317226
-6.499492631369981
-6.5045774983356335
-6.509504121615704
-6.514269666159946
-6.518871991447013
-6.523309601509366
-6.527581625161117
-6.53168781351709
-6.535628541771699
-6.539404793780759
-6.543018109055344
-6.546470492372951
-6.549764314427863
-6.552902243996718
-6.555887235114273
-6.558722557691429
-6.56141183294584
-6.563959035084817
-6.566368444616988
-6.568644565909258
-6.570792033969978
-6.572815531432813
-6.574719727434685
-6.576509244258132
-6.57818865373494
-6.579762498015147
-6.58123531923263
-6.582611677926941
-6.583896147030188
-6.585093283215709
-6.586207589479835
-6.587243483771804
-6.588205279934032
-6.5890971778870195
-6.58992325681592
-6.590687467689571
-6.591393624749346
-6.592045396485524
-6.592646296338289
-6.593199674306243
-6.593708712400279
-6.594176426764438
-6.594605676194469
-6.594999173083739
-6.595359491889914
-6.595689072791245
-6.595990221788911
-6.5962651101978995
-6.596515775688879
-6.596744125437249
-6.596951941079745
-6.597140885070816
-6.597312507822654
-6.5974682545268974
-6.597609470543853
-6.597737405178162
-6.597853214879447
-6.597957967268741
-6.598052646584856
-6.598138160004907
-6.598215343819517
-6.59828496880066
-6.598347744687402
-6.598404324003983
-6.598455305432612
-6.59850123697575
-6.598542619202362
-6.598579908779561
-6.598613522176173
-6.5986438391422935
-6.598671205613995
-6.598695936034093
-6.598718315385327
-6.5987386012451745
-6.5987570259609925
-6.598773798860749
-6.598789108379041
-6.5988031240228455
-6.5988159981219665
-6.598827867321263
-6.598838853833218
-6.598849066560667
-6.598858602225629
-6.598867546560913
-6.598875975505559
-6.598883956299115
-6.598891548416407
-6.598898804354793
-6.598905770315129
-6.598912486808599
-6.598918989211918
-6.598925308295093
-6.598931470736669
-6.598937499614387
-6.598943414841071
-6.598949233528372
-6.598954970293633
-6.598960637541698
-6.598966245740916
-6.598971803688583
-6.598977318751292
-6.598982797070773
-6.598988243734695
-6.598993662915014
-6.5989990579789435
-6.599004431583981
-6.5990097857705186
-6.599015122058809
-6.599020441544856
-6.5990257449836855
-6.599031032853894
-6.599036305406127
-6.599041562702087
-6.5990468046489905
-6.599052031031347
-6.5990572415409
-6.599062435804896
-6.599067613410537
-6.599072773923697
-6.599077916900817
-6.599083041897005
-6.59908814847363
-6.599093236206724
-6.599098304694968
-6.59910335356558
-6.599108382477848
-6.599113391124315
-6.599118379230715
-6.599123346554819
-6.599128292885128
-6.599133218040469
-6.5991381218699825
-6.59914300425284
-6.599147865096738
-6.599152704335339
-6.599157521925287
-6.599162317843749
-6.599167092086167
-6.599171844664566
-6.599176575605863
-6.599181284950324
-6.59918597274972
-6.599190639065265
-6.599195283965441
-6.599199907524234
-6.599204509819854
-6.599209090933799
-6.599213650949949
-6.5992181899536355
-6.599222708030829
-6.599227205267283
-6.599231681747902
-6.5992361375562565
-6.599240572774248
-6.599244987482069
-6.599249381757866
-6.599253755677646
-6.599258109315056
-6.599262442741219
-6.599266756024767
-6.599271049231913
-6.599275322426605
-6.599279575670675
-6.599283809024055
-6.599288022544819
-6.599292216289335
-6.599296390312418
-6.5993005446674005
-6.5993046794063535
-6.599308794580287
-6.599312890239265
-6.599316966432536
-6.599321023208681
-6.599325060615673
-6.599329078701091
-6.5993330775121555
-6.599337057095875
-6.599341017499119
-6.5993449587686746
-6.59934888095138
-6.599352784094073
-6.599356668243717
-6.599360533447419
-6.5993643797524815
-6.599368207206497
-6.599372015857268
-6.59937580575292
-6.599379576941883
-6.5993833294728885
-6.59938706339501
-6.599390778757661
-6.599394475610596
-6.5993981540038975
-6.599401813988037
-6.5994054556138035
-6.599409078932331
-6.599412683995121
-6.599416270853958
-6.599419839561017
-6.5994233901687975
-6.599426922730087
-6.599430437298018
-6.599433933925982
-6.599437412667723
-6.599440873577261
-6.599444316708894
-6.599447742117198
-6.599451149857025
-6.599454539983468
-6.599457912551897
-6.599461267617926
-6.599464605237392
-6.599467925466387
-6.599471228361196
-6.599474513978364
-6.599477782374597
-6.599481033606873
-6.599484267732279
-6.599487484808165
-6.599490684892024
-6.599493868041545
-6.5994970343146075
-6.599500183769187
-6.5995033164634975
-6.599506432455878
-6.599509531804783
-6.599512614568852
-6.5995156808068485
-6.599518730577647
-6.5995217639402926
-6.599524780953884
-6.599527781677682
-6.599530766171064
-6.599533734493465
-6.599536686704502
-6.599539622863764
-6.59954254303105
-6.599545447266174
-6.599548335629073
-6.59955120817971
-6.599554064978166
-6.599556906084592
-6.599559731559143
-6.599562541462105
-6.599565335853771
-6.599568114794494
-6.599570878344686
-6.599573626564806
-6.599576359515312
-6.599579077256739
-6.599581779849618
-6.599584467354553
-6.599587139832103
-6.599589797342908
-6.599592439947571
-6.599595067706737
-6.599597680681072
-6.599600278931222
-6.599602862517777
-6.599605431501461
-6.599607985942854
-6.599610525902612
-6.599613051441331
-6.59961556261961
-6.599618059498028
-6.599620542137116
-6.599623010597437
-6.5996254649394634
-6.599627905223608
-6.599630331510353
-6.599632743860047
-6.5996351423330495
-6.599637526989636
-6.59963989789009
-6.599642255094546
-6.59964459866319
-6.599646928656104
-6.599649245133283
-6.599651548154697
-6.5996538377802665
-6.599656114069794
-6.599658377083049
-6.599660626879709
-6.599662863519403
-6.599665087061638
-6.599667297565907
-6.599669495091549
-6.599671679697829
-6.599673851444011
-6.599676010389153
-6.599678156592297
-6.599680290112349
-6.599682411008162
-6.599684519338432
-6.599686615161844
-6.599688698536875
-6.599690769521982
-6.599692828175483
-6.599694874555555
-6.599696908720338
-6.59969893072782
-6.599700940635852
-6.599702938502203
-6.5997049243845165
-6.599706898340339
-6.599708860427055
-6.599710810701948
-6.5997127492221725
-6.599714676044766
-6.599716591226629
-6.599718494824536
-6.599720386895144
-6.599722267494948
-6.599724136680347
-6.599725994507592
-6.599727841032783
-6.5997296763118705
-6.599731500400722
-6.599733313355022
-6.599735115230308
-6.599736906082017
-6.599738685965382
-6.599740454935542
-6.599742213047463
-6.599743960355969
-6.599745696915749
-6.599747422781315
-6.599749138007053
-6.599750842647181
-6.5997525367557754
-6.599754220386723
-6.599755893593814
-6.599757556430651
-6.599759208950684
-6.599760851207199
-6.599762483253297
-6.59976410514198
-6.599765716926052
-6.599767318658168
-6.599768910390782
-6.599770492176232
-6.5997720640666895
-6.5997736261141275
-6.599775178370378
-6.599776720887095
-6.599778253715788
-6.59977977690776
-6.599781290514208
-6.599782794586048
-6.59978428917417
-6.599785774329181
-6.59978725010156
-6.599788716541623
-6.59979017369951
-6.59979162162516
-6.599793060368386
-6.599794489978755
-6.599795910505739
-6.599797321998602
-6.5997987245064245
-6.599800118078117
-6.599801502762429
-6.599802878607926
-6.599804245662984
-6.5998056039757795
-6.599806953594396
-6.599808294566645
-6.599809626940214
-6.599810950762606
-6.599812266081139
-6.599813572942937
-6.599814871394953
-6.599816161483972
-6.599817443256611
-6.599818716759254
-6.59981998203817
-6.599821239139404
-6.599822488108819
-6.599823728992148
-6.599824961834866
-6.599826186682323
-6.599827403579689
-6.599828612571903
-6.5998298137037965
-6.599831007019951
-6.59983219256479
-6.599833370382559
-6.599834540517337
-6.599835703012995
-6.599836857913227
-6.599838005261574
-6.599839145101355
-6.599840277475712
-6.599841402427641
-6.59984251999991
-6.599843630235151
-6.599844733175784
-6.5998458288640425
-6.599846917341992
-6.599847998651527
-6.599849072834321
-6.599850139931914
-6.599851199985654
-6.599852253036671
-6.59985329912594
-6.599854338294287
-6.5998553705823015
-6.599856396030404
-6.599857414678872
-6.59985842656776
-6.599859431736961
-6.599860430226199
-6.599861422074978
-6.599862407322674
-6.5998633860084475
-6.5998643581713
-6.599865323850043
-6.599866283083305
-6.599867235909542
-6.599868182367035
-6.599869122493889
-6.599870056328022
-6.599870983907174
-6.59987190526892
-6.599872820450646
-6.599873729489563
-6.5998746324227175
-6.599875529286962
-6.599876420118992
-6.5998773049552915
-6.599878183832224
-6.59987905678593
-6.599879923852404
-6.599880785067468
-6.5998816404667355
-6.599882490085687
-6.599883333959607
-6.599884172123609
-6.5998850046126325
-6.599885831461464
-6.599886652704713
-6.599887468376769
-6.599888278511946
-6.599889083144298
-6.599889882307748
-6.599890676036036
-6.599891464362757
-6.599892247321323
-6.5998930249449685
-6.599893797266761
-6.599894564319614
-6.599895326136267
-6.599896082749284
-6.599896834191066
-6.599897580493884
-6.59989832168975
-6.5998990578106564
-6.599899788888277
-6.599900514954224
-6.599901236039905
-6.59990195217658
-6.59990266339533
-6.5999033697270875
-6.599904071202593
-6.599904767852502
-6.599905459707225
-6.599906146797033
-6.599906829152088
-6.599907506802319
-6.599908179777541
-6.599908848107407
-6.599909511821396
-6.599910170948843
-6.599910825518926
-6.599911475560645
-6.599912121102884
-6.599912762174345
-6.599913398803556
-6.599914031018927
-6.599914658848708
-6.599915282320982
-6.599915901463675
-6.599916516304575
-6.599917126871315
-6.5999177331913925
-6.599918335292111
-6.599918933200664
-6.599919526944058
-6.59992011654921
-6.599920702042821
-6.599921283451479
-6.599921860801638
-6.59992243411955
-6.599923003431396
-6.5999235687631455
-6.5999241301406535
-6.599924687589627
-6.599925241135652
-6.599925790804095
-6.599926336620266
-6.5999268786092715
-6.59992741679612
-6.599927951205654
-6.599928481862564
-6.599929008791441
-6.599929532016698
-6.599930051562608
-6.599930567453335
-6.599931079712876
-6.599931588365102
-6.599932093433747
-6.59993259494242
-6.599933092914554
-6.599933587373492
-6.5999340783424305
-6.5999345658444
-6.599935049902355
-6.599935530539038
-6.599936007777164
-6.599936481639201
-6.5999369521475675
-6.599937419324522
-6.599937883192174
-6.599938343772539
-6.5999388010875
-6.599939255158764
-6.599939706007985
-6.599940153656615
-6.599940598126009
-6.599941039437429
-6.599941477611948
-6.5999419126705625
-6.599942344634126
-6.599942773523359
-6.59994319935888
-6.5999436221611605
-6.599944041950581
-6.599944458747334
-6.599944872571583
-6.5999452834432955
-6.5999456913823575
-6.599946096408527
-6.59994649854143
-6.599946897800589
-6.5999472942053945
-6.599947687775106
-6.599948078528949
-6.599948466485916
-6.5999488516649425
-6.599949234084875
-6.59994961376437
-6.59994999072204
-6.599950364976355
-6.5999507365456545
-6.599951105448204
-6.599951471702127
-6.599951835325445
-6.5999521963360746
-6.599952554751796
-6.599952910590323
-6.5999532638692235
-6.5999536146059565
-6.599953962817902
-6.599954308522307
-6.5999546517363346
-6.59995499247699
-6.599955330761215
-6.599955666605876
-6.59995600002765
-6.599956331043169
-6.599956659668949
-6.59995698592141
-6.599957309816846
-6.599957631371456
-6.5999579506013495
-6.599958267522537
-6.599958582150917
-6.599958894502247
-6.599959204592279
-6.5999595124365875
-6.599959818050681
-6.599960121449964
-6.599960422649726
-6.599960721665177
-6.599961018511438
-6.599961313203512
-6.599961605756329
-6.599961896184697
-6.599962184503347
-6.599962470726899
-6.599962754869929
-6.5999630369468605
-6.599963316972042
-6.599963594959725
-6.5999638709241095
-6.599964144879236
-6.59996441683913
-6.599964686817648
-6.599964954828618
-6.59996522088576
-6.5999654850026985
-6.599965747192969
-6.599966007470032
-6.599966265847234
-6.599966522337879
-6.599966776955117
-6.599967029712081
-6.599967280621798
-6.599967529697185
-6.5999677769510985
-6.59996802239632
-6.599968266045487
-6.599968507911261
-6.5999687480060985
-6.599968986342465
-6.599969222932701
-6.599969457789074
-6.5999696909238
-6.5999699223489765
-6.599970152076626
-6.599970380118692
-6.5999706064870685
-6.599970831193525
-6.599971054249801
-6.59997127566752
-6.599971495458223
-6.599971713633432
-6.599971930204537
-6.599972145182859
-6.599972358579672
-6.599972570406143
-6.599972780673389
-6.599972989392428
-6.599973196574217
-6.599973402229678
-6.5999736063695895
-6.599973809004695
-6.599974010145652
-6.599974209803117
-6.5999744079875455
-6.599974604709422
-6.599974799979128
-6.599974993806985
-6.59997518620324
-6.5999753771780485
-6.599975566741522
-6.599975754903752
-6.5999759416746375
-6.59997612706413
-6.599976311082056
-6.599976493738177
-6.5999766750422175
-6.599976855003803
-6.599977033632513
-6.599977210937857
-6.599977386929274
-6.5999775616161465
-6.599977735007798
-6.59997790711347
-6.5999780779423665
-6.599978247503618
-6.599978415806275
-6.599978582859354
-6.599978748671775
-6.599978913252462
-6.599979076610198
-6.599979238753751
-6.599979399691838
-6.599979559433086
-6.599979717986067
-6.599979875359331
-6.599980031561329
-6.599980186600458
-6.5999803404850805
-6.599980493223485
-6.599980644823896
-6.599980795294491
-6.599980944643424
-6.599981092878722
-6.599981240008418
-6.599981386040442
-6.599981530982721
-6.599981674843091
-6.599981817629336
-6.599981959349197
-6.599982100010359
-6.599982239620464
-6.599982378187068
-6.599982515717718
-6.5999826522198575
-6.599982787700943
-6.599982922168316
-6.59998305562932
-6.599983188091219
-6.599983319561191
-6.599983450046449
-6.599983579554097
-6.599983708091204
-6.5999838356647915
-6.599983962281816
-6.599984087949201
-6.59998421267382
-6.5999843364625175
-6.5999844593220445
-6.59998458125916
-6.599984702280513
-6.599984822392784
-6.599984941602512
-6.599985059916265
-6.599985177340554
-6.599985293881815
-6.599985409546454
-6.5999855243408305
-6.59998563827129
-6.5999857513440805
-6.599985863565424
-6.5999859749415455
-6.599986085478545
-6.599986195182527
-6.599986304059586
-6.59998641211569
-6.599986519356835
-6.599986625788942
-6.59998673141791
-6.5999868362495775
-6.599986940289741
-6.599987043544166
-6.599987146018602
-6.5999872477186985
-6.599987348650124
-6.599987448818482
-6.599987548229304
-6.599987646888127
-6.599987744800464
-6.599987841971729
-6.599987938407349
-6.5999880341126875
-6.599988129093079
-6.5999882233538125
-6.599988316900144
-6.599988409737315
-6.599988501870465
-6.599988593304765
-6.599988684045329
-6.599988774097221
-6.599988863465473
-6.5999889521551
-6.599989040171059
-6.599989127518276
-6.59998921420166
-6.599989300226055
-6.599989385596314
-6.59998947031718
-6.599989554393466
-6.599989637829857
-6.599989720631057
-6.599989802801709
-6.599989884346467
-6.5999899652699
-6.599990045576559
-6.59999012527099
-6.5999902043576775
-6.599990282841075
-6.599990360725611
-6.599990438015691
-6.599990514715676
-6.599990590829914
-6.599990666362695
-6.599990741318289
-6.599990815700956
-6.599990889514908
-6.5999909627643
-6.599991035453301
-6.599991107586058
-6.599991179166614
-6.599991250199071
-6.5999913206874545
-6.599991390635761
-6.599991460048001
-6.599991528928067
-6.599991597279937
-6.599991665107456
-6.599991732414518
-6.5999917992049415
-6.599991865482562
-6.599991931251151
-6.599991996514421
-6.599992061276165
-6.599992125540053
-6.599992189309768
-6.599992252588932
-6.599992315381189
-6.599992377690155
-6.599992439519375
-6.599992500872391
-6.599992561752702
-6.599992622163871
-6.5999926821093
-6.5999927415924535
-6.599992800616768
-6.599992859185617
-6.599992917302363
-6.599992974970371
-6.599993032192959
-6.599993088973436
-6.5999931453150325
-6.599993201221048
-6.599993256694685
-6.599993311739151
-6.599993366357625
-6.599993420553275
-6.599993474329227
-6.599993527688589
-6.599993580634455
-6.5999936331699
-6.599993685297973
-6.599993737021671
-6.599993788344014
-6.599993839267974
-6.5999938897965365
-6.599993939932624
-6.599993989679122
-6.599994039038976
-6.599994088015005
-6.599994136610113
-6.599994184827114
-6.599994232668799
-6.599994280137991
-6.599994327237456
-6.599994373969926
-6.599994420338157
-6.599994466344852
-6.599994511992696
-6.599994557284365
-6.599994602222513
-6.599994646809787
-6.599994691048786
-6.599994734942111
-6.5999947784923485
-6.599994821702054
-6.599994864573777
-6.599994907109991
-6.599994949313269
-6.599994991186062
-6.599995032730815
-6.59999507395003
-6.599995114846097
-6.599995155421463
-6.5999951956785035
-6.599995235619581
-6.599995275247103
-6.59999531456339
-6.599995353570765
-6.599995392271554
-6.599995430668042
-6.59999546876251
-6.599995506557226
-6.599995544054429
-6.599995581256332
-6.599995618165174
-6.599995654783147
-6.59999569111241
-6.5999957271551715
-6.599995762913538
-6.59999579838964
-6.599995833585638
-6.599995868503608
-6.599995903145638
-6.599995937513795
-6.599995971610163
-6.599996005436745
-6.599996038995613
-6.599996072288738
-6.599996105318149
-6.599996138085816
-6.5999961705937045
-6.599996202843779
-6.599996234837968
-6.599996266578211
-6.599996298066427
-6.599996329304489
-6.599996360294298
-6.599996391037733
-6.599996421536633
-6.599996451792866
-6.599996481808233
-6.599996511584586
-6.599996541123705
-6.5999965704273915
-6.59999659949741
-6.599996628335531
-6.599996656943515
-6.599996685323106
-6.599996713476016
-6.5999967414039595
-6.599996769108648
-6.599996796591769
-6.599996823855001
-6.59999685090001
-6.599996877728428
-6.5999969043419355
-6.599996930742121
-6.599996956930626
-6.599996982909039
-6.599997008678972
-6.5999970342420085
-6.599997059599705
-6.599997084753596
-6.599997109705281
-6.599997134456277
-6.599997159008106
-6.599997183362269
-6.5999972075202695
-6.599997231483633
-6.5999972552538
-6.599997278832263
-6.5999973022204905
-6.599997325419915
-6.599997348431978
-6.599997371258096
-6.599997393899699
-6.599997416358201
-6.599997438634986
-6.5999974607314496
-6.599997482648945
-6.599997504388876
-6.599997525952567
-6.599997547341388
-6.599997568556673
-6.599997589599721
-6.599997610471869
-6.5999976311744595
-6.599997651708718
-6.599997672075989
-6.599997692277536
-6.599997712314611
-6.599997732188513
-6.5999977519004425
-6.599997771451685
-6.59999779084345
-6.5999978100769745
-6.599997829153485
-6.599997848074142
-6.5999978668401695
-6.599997885452774
-6.599997903913117
-6.599997922222365
-6.599997940381691
-6.599997958392248
-6.599997976255176
-6.599997993971614
-6.5999980115427075
-6.599998028969536
-6.59999804625325
-6.59999806339495
-6.5999980803957
-6.59999809725662
-6.599998113978797
-6.599998130563271
-6.599998147011124
-6.5999981633234075
-6.599998179501189
-6.599998195545473
-6.5999982114573275
-6.599998227237766
-6.5999982428878
-6.599998258408452
-6.599998273800724
-6.599998289065589
-6.599998304204046
-6.599998319217111
-6.599998334105696
-6.599998348870836
-6.599998363513446
-6.599998378034485
-6.5999983924349115
-6.599998406715655
-6.599998420877654
-6.599998434921819
-6.599998448849069
-6.599998462660347
-6.599998476356518
-6.599998489938488
-6.599998503407172
-6.599998516763438
-6.599998530008165
-6.59999854314222
-6.599998556166488
-6.599998569081795
-6.599998581889009
-6.599998594589005
-6.5999986071825765
-6.5999986196705915
-6.599998632053856
-6.599998644333192
-6.599998656509444
-6.599998668583383
-6.5999986805558315
-6.5999986924275955
-6.599998704199448
-6.599998715872197
-6.599998727446598
-6.599998738923434
-6.599998750303486
-6.599998761587495
-6.599998772776228
-6.599998783870431
-6.599998794870871
-6.5999988057782755
-6.599998816593359
-6.599998827316886
-6.599998837949547
-6.599998848492099
-6.599998858945214
-6.599998869309636
-6.599998879586034
-6.599998889775119
-6.599998899877608
-6.599998909894143
-6.5999989198254365
-6.599998929672177
-6.599998939434991
-6.599998949114585
-6.599998958711609
-6.599998968226704
-6.599998977660556
-6.5999989870137785
-6.5999989962870425
-6.599999005480962
-6.599999014596184
-6.599999023633325
-6.599999032593024
-6.599999041475865
-6.599999050282511
-6.599999059013551
-6.599999067669568
-6.599999076251191
-6.599999084759014
-6.599999093193606
-6.59999910155558
-6.599999109845511
-6.59999911806396
-6.5999991262115145
-6.599999134288745
-6.599999142296207
-6.599999150234488
-6.599999158104113
-6.599999165905655
-6.599999173639651
-6.599999181306657
-6.5999991889072005
-6.599999196441832
-6.599999203911068
-6.599999211315459
-6.599999218655478
-6.599999225931708
-6.599999233144636
-6.599999240294772
-6.599999247382632
-6.5999992544087185
-6.59999926137353
-6.599999268277569
-6.599999275121319
-6.599999281905285
-6.5999992886299355
-6.5999992952957705
-6.599999301903257
-6.599999308452873
-6.599999314945077
-6.59999932138035
-6.5999993277591695
-6.599999334081975
-6.599999340349234
-6.599999346561381
-6.599999352718897
-6.599999358822204
-6.599999364871763
-6.599999370868007
-6.599999376811367
-6.599999382702294
-6.5999993885411845
-6.59999939432851
-6.5999994000646565
-6.599999405750063
-6.599999411385131
-6.599999416970297
-6.599999422505964
-6.599999427992523
-6.599999433430387
-6.599999438819984
-6.599999444161675
-6.5999994494558765
-6.599999454702977
-6.599999459903361
-6.599999465057406
-6.599999470165529
-6.59999947522806
-6.599999480245435
-6.599999485217982
-6.599999490146096
-6.599999495030126
-6.599999499870475
-6.59999950466747
-6.599999509421476
-6.59999951413287
-6.59999951880199
-6.599999523429189
-6.599999528014829
-6.599999532559233
-6.599999537062782
-6.599999541525779
-6.599999545948575
-6.5999995503315265
-6.599999554674948
-6.599999558979176
-6.599999563244518
-6.599999567471327
-6.599999571659943
-6.5999995758106325
-6.599999579923761
-6.5999995839995975
-6.599999588038518
-6.599999592040774
-6.599999596006709
-6.599999599936619
-6.599999603830811
-6.59999960768958
-6.599999611513228
-6.599999615302057
-6.599999619056346
-6.599999622776403
-6.599999626462512
-6.599999630114963
-6.599999633734033
-6.599999637320035
-6.5999996408731985
-6.599999644393828
-6.599999647882226
-6.599999651338624
-6.599999654763317
-6.599999658156569
-6.59999966151865
-6.599999664849838
-6.599999668150361
-6.599999671420514
-6.599999674660545
-6.599999677870712
-6.599999681051264
-6.599999684202468
-6.599999687324561
-6.599999690417823
-6.599999693482453
-6.599999696518736
-6.599999699526889
-6.599999702507177
-6.599999705459821
-6.599999708385072
-6.599999711283166
-6.599999714154317
-6.599999716998773
-6.599999719816768
-6.599999722608528
-6.5999997253742695
-6.59999972811423
-6.599999730828637
-6.599999733517685
-6.599999736181619
-6.599999738820653
-6.599999741435001
-6.599999744024862
-6.59999974659047
-6.599999749132023
-6.599999751649745
-6.59999975414382
-6.59999975661448
-6.599999759061906
-6.59999976148632
-6.599999763887909
-6.599999766266878
-6.599999768623421
-6.599999770957757
-6.599999773270037
-6.599999775560476
-6.599999777829273
-6.59999978007662
-6.599999782302692
-6.599999784507683
-6.599999786691772
-6.599999788855163
-6.5999997909980115
-6.599999793120505
-6.599999795222842
-6.5999997973051645
-6.599999799367687
-6.59999980141057
-6.599999803433973
-6.59999980543809
-6.59999980742308
-6.599999809389097
-6.599999811336357
-6.599999813264976
-6.599999815175143
-6.599999817067022
-6.599999818940779
-6.5999998207965636
-6.599999822634541
-6.59999982445487
-6.599999826257697
-6.5999998280432015
-6.599999829811518
-6.599999831562807
-6.59999983329722
-6.5999998350149225
-6.599999836716041
-6.599999838400743
-6.599999840069148
-6.599999841721429
-6.599999843357715
-6.59999984497817
-6.5999998465829215
-6.599999848172105
-6.599999849745885
-6.599999851304359
-6.5999998528477075
-6.599999854376056
-6.5999998558895205
-6.599999857388239
-6.599999858872374
-6.5999998603420345
-6.599999861797353
-6.599999863238459
-6.599999864665483
-6.59999986607855
-6.599999867477807
-6.599999868863351
-6.599999870235323
-6.599999871593835
-6.59999987293903
-6.599999874271004
-6.599999875589897
-6.599999876895819
-6.599999878188898
-6.599999879469236
-6.599999880736961
-6.599999881992194
-6.59999988323503
-6.599999884465596
-6.599999885683997
-6.59999988689036
-6.599999888084788
-6.59999988926739
-6.599999890438262
-6.59999989159753
-6.599999892745298
-6.599999893881666
-6.599999895006739
-6.599999896120621
-6.599999897223427
-6.599999898315235
-6.599999899396185
-6.599999900466352
-6.599999901525825
-6.599999902574734
-6.599999903613142
-6.599999904641193
-6.599999905658939
-6.59999990666649
-6.59999990766396
-6.5999999086514105
-6.599999909628945
-6.599999910596687
-6.59999991155469
-6.599999912503058
-6.599999913441891
-6.599999914371258
-6.599999915291255
-6.5999999162020035
-6.599999917103535
-6.599999917995964
-6.599999918879368
-6.599999919753856
-6.599999920619474
-6.599999921476326
-6.599999922324503
-6.599999923164072
-6.599999923995128
-6.599999924817736
-6.599999925631973
-6.599999926437945
-6.599999927235702
-6.599999928025333
-6.5999999288069375
-6.599999929580539
-6.599999930346265
-6.599999931104158
-6.599999931854313
-6.5999999325967815
-6.5999999333316755
-6.5999999340590225
-6.599999934778906
-6.5999999354914225
-6.5999999361966175
-6.599999936894569
-6.599999937585334
-6.599999938269001
-6.599999938945649
-6.599999939615303
-6.5999999402780585
-6.599999940933982
-6.599999941583125
-6.599999942225569
-6.599999942861377
-6.599999943490592
-6.599999944113297
-6.599999944729552
-6.59999994533943
-6.599999945942964
-6.599999946540239
-6.599999947131307
-6.59999994771623
-6.5999999482950695
-6.599999948867867
-6.599999949434717
-6.599999949995647
-6.599999950550721
-6.5999999511000045
-6.599999951643547
-6.599999952181404
-6.59999995271363
-6.599999953240296
-6.599999953761428
-6.5999999542771075
-6.599999954787372
-6.599999955292276
-6.599999955791872
-6.599999956286214
-6.5999999567753616
-6.599999957259344
-6.599999957738238
-6.599999958212081
-6.599999958680924
-6.599999959144794
-6.599999959603795
-6.59999996005792
-6.599999960507236
-6.59999996095182
-6.599999961391669
-6.599999961826854
-6.599999962257421
-6.59999996268342
-6.59999996310489
-6.599999963521871
-6.599999963934419
-6.599999964342578
-6.599999964746386
-6.599999965145873
-6.599999965541114
-6.599999965932111
-6.599999966318946
-6.599999966701642
-6.599999967080229
-6.599999967454777
-6.599999967825298
-6.599999968191851
-6.599999968554461
-6.599999968913185
-6.599999969268046
-6.599999969619088
-6.599999969966365
-6.599999970309881
-6.599999970649711
-6.599999970985866
-6.599999971318395
-6.599999971647325
-6.599999971972705
-6.59999997229456
-6.599999972612936
-6.599999972927853
-6.599999973239366
-6.599999973547497
-6.599999973852273
-6.599999974153739
-6.599999974451942
-6.599999974746895
-6.599999975038624
-6.599999975327196
-6.5999999756125955
-6.599999975894898
-6.599999976174113
-6.599999976450282
-6.59999997672343
-6.599999976993594
-6.599999977260772
-6.599999977525044
-6.599999977786422
-6.599999978044924
-6.599999978300593
-6.59999997855344
-6.599999978803526
-6.599999979050842
-6.599999979295447
-6.599999979537349
-6.599999979776589
-6.5999999800131715
-6.599999980247154
-6.599999980478561
-6.599999980707396
-6.599999980933702
-6.599999981157496
-6.599999981378817
-6.599999981597662
-6.599999981814104
-6.599999982028144
-6.599999982239796
-6.599999982449091
-6.599999982656058
-6.599999982860716
-6.599999983063094
-6.599999983263231
-6.599999983461113
-6.599999983656785
-6.599999983850285
-6.59999998404162
-6.5999999842308075
-6.599999984417874
-6.5999999846028405
-6.599999984785747
-6.599999984966596
-6.599999985145391
-6.59999998532219
-6.599999985497009
-6.599999985669845
-6.5999999858407605
-6.59999998600972
-6.599999986176785
-6.599999986341957
-6.599999986505277
-6.599999986666754
-6.599999986826383
-6.5999999869842165
-6.5999999871402615
-6.599999987294533
-6.599999987447072
-6.599999987597865
-6.5999999877469495
-6.599999987894329
-6.599999988040045
-6.599999988184084
-6.599999988326513
-6.599999988467275
-6.599999988606465
-6.599999988744058
-6.599999988880078
-6.599999989014542
-6.599999989147472
-6.599999989278872
-6.599999989408774
-6.599999989537178
-6.599999989664122
-6.59999998978959
-6.599999989913625
-6.599999990036241
-6.599999990157432
-6.599999990277244
-6.599999990395676
-6.5999999905127344
-6.599999990628442
-6.599999990742802
-6.599999990855859
-6.599999990967596
-6.5999999910780645
-6.599999991187225
-6.599999991295128
-6.599999991401793
-6.599999991507209
-6.5999999916114
-6.599999991714393
-6.59999999181617
-6.599999991916769
-6.599999992016214
-6.599999992114466
-6.599999992211605
-6.599999992307593
-6.599999992402464
-6.599999992496239
-6.599999992588897
-6.599999992680477
-6.5999999927709965
-6.599999992860443
-6.599999992948831
-6.599999993036201
-6.599999993122538
-6.599999993207865
-6.59999999329219
-6.599999993375512
-6.599999993457856
-6.599999993539241
-6.599999993619644
-6.599999993699127
-6.599999993777653
-6.599999993855265
-6.599999993931931
-6.599999994007715
-6.599999994082607
-6.599999994156588
-6.599999994229705
-6.5999999943019585
-6.599999994373335
-6.599999994443874
-6.599999994513578
-6.599999994582459
-6.599999994650512
-6.5999999947177415
-6.599999994784191
-6.599999994849842
-6.5999999949147
-6.599999994978804
-6.59999999504211
-6.59999999510468
-6.599999995166494
-6.599999995227571
-6.599999995287908
-6.59999999534753
-6.599999995406437
-6.599999995464636
-6.5999999955221345
-6.59999999557893
-6.599999995635053
-6.599999995690495
-6.599999995745263
-6.599999995799374
-6.599999995852842
-6.5999999959056606
-6.599999995957839
-6.599999996009379
-6.599999996060304
-6.599999996110611
-6.599999996160306
-6.5999999962093865
-6.59999999625788
-6.599999996305792
-6.599999996353119
-6.599999996399855
-6.599999996446031
-6.599999996491657
-6.599999996536701
-6.599999996581224
-6.5999999966251695
-6.599999996668604
-6.599999996711508
-6.5999999967538745
-6.599999996795738
-6.599999996837078
-6.599999996877911
-6.599999996918246
-6.599999996958092
-6.599999996997439
-6.599999997036298
-6.599999997074692
-6.599999997112605
-6.599999997150045
-6.599999997187031
-6.599999997223572
-6.599999997259646
-6.599999997295273
-6.599999997330476
-6.59999999736524
-6.599999997399555
-6.599999997433462
-6.599999997466936
-6.599999997500009
-6.599999997532661
-6.599999997564918
-6.599999997596753
-6.599999997628213
-6.599999997659275
-6.599999997689945
-6.599999997720243
-6.599999997750155
-6.599999997779685
-6.599999997808872
-6.5999999978376795
-6.599999997866126
-6.599999997894224
-6.599999997921957
-6.599999997949339
-6.599999997976402
-6.599999998003099
-6.599999998029484
-6.5999999980555115
-6.599999998081239
-6.59999999810662
-6.599999998131697
-6.5999999981564414
-6.5999999981808966
-6.599999998205023
-6.5999999982288635
-6.599999998252381
-6.599999998275605
-6.5999999982985464
-6.599999998321195
-6.599999998343547
-6.599999998365638
-6.599999998387432
-6.599999998408944
-6.599999998430195
-6.5999999984511675
-6.599999998471873
-6.599999998492308
-6.599999998512494
-6.599999998532431
-6.5999999985520965
-6.599999998571519
-6.599999998590704
-6.599999998609622
-6.5999999986283004
-6.599999998646762
-6.599999998664976
-6.599999998682936
-6.599999998700692
-6.599999998718203
-6.599999998735498
-6.59999999875258
-6.59999999876941
-6.599999998786061
-6.599999998802473
-6.599999998818681
-6.59999999883469
-6.599999998850476
-6.5999999988660605
-6.59999999888145
-6.599999998896633
-6.599999998911633
-6.5999999989264335
-6.599999998941037
-6.599999998955445
-6.599999998969676
-6.599999998983721
-6.59999999899759
-6.599999999011269
-6.599999999024768
-6.599999999038096
-6.599999999051251
-6.599999999064227
-6.59999999907705
-6.599999999089694
-6.5999999991021685
-6.599999999114479
-6.59999999912664
-6.599999999138629
-6.599999999150488
-6.599999999162163
-6.599999999173685
-6.599999999185078
-6.599999999196305
-6.5999999992073874
-6.599999999218327
-6.599999999229122
-6.5999999992397775
-6.599999999250274
-6.599999999260648
-6.5999999992708815
-6.599999999280988
-6.599999999290954
-6.599999999300788
-6.599999999310489
-6.599999999320062
-6.5999999993294995
-6.599999999338843
-6.5999999993480305
-6.599999999357106
-6.599999999366064
-6.599999999374906
-6.5999999993836225
-6.599999999392225
-6.599999999400707
-6.599999999409089
-6.599999999417351
-6.599999999425515
-6.599999999433553
-6.599999999441479
-6.599999999449311
-6.5999999994570375
-6.5999999994646625
-6.599999999472195
-6.599999999479612
-6.5999999994869345
-6.599999999494152
-6.599999999501266
-6.599999999508295
-6.599999999515237
-6.599999999522077
-6.599999999528823
-6.599999999535475
-6.599999999542048
-6.59999999954853
-6.599999999554921
-6.5999999995612235
-6.599999999567437
-6.59999999957358
-6.599999999579618
-6.5999999995856005
-6.599999999591481
-6.59999999959729
-6.599999999603019
-6.599999999608674
-6.5999999996142495
-6.59999999961974
-6.59999999962517
-6.599999999630515
-6.599999999635802
-6.599999999640996
-6.599999999646139
-6.599999999651194
-6.599999999656193
-6.599999999661119
-6.599999999665979
-6.599999999670768
-6.5999999996754894
-6.599999999680152
-6.599999999684756
-6.599999999689287
-6.599999999693759
-6.599999999698164
-6.599999999702511
-6.599999999706805
-6.599999999711038
-6.599999999715209
-6.599999999719318
-6.59999999972339
-6.599999999727387
-6.599999999731323
-6.599999999735216
-6.599999999739057
-6.599999999742847
-6.599999999746562
-6.5999999997502545
-6.5999999997538845
-6.59999999975747
-6.599999999760998
-6.5999999997644565
-6.599999999767894
-6.59999999977128
-6.599999999774624
-6.59999999977792
-6.599999999781152
-6.59999999978435
-6.599999999787505
-6.599999999790619
-6.599999999793687
-6.599999999796702
-6.599999999799683
-6.599999999802621
-6.5999999998055126
-6.599999999808365
-6.5999999998111845
-6.599999999813969
-6.599999999816697
-6.599999999819406
-6.59999999982206
-6.5999999998246786
-6.599999999827268
-6.599999999829823
-6.599999999832329
-6.599999999834807
-6.599999999837255
-6.599999999839663
-6.599999999842035
-6.59999999984438
-6.5999999998466885
-6.5999999998489685
-6.599999999851203
-6.599999999853406
-6.599999999855584
-6.599999999857731
-6.599999999859865
-6.599999999861944
-6.599999999864
-6.5999999998660295
-6.599999999868041
-6.5999999998700005
-6.599999999871943
-6.599999999873843
-6.59999999987574
-6.599999999877609
-6.599999999879431
-6.5999999998812395
-6.599999999883018
-6.599999999884778
-6.599999999886499
-6.5999999998882135
-6.599999999889885
-6.59999999989155
-6.599999999893173
-6.599999999894786
-6.599999999896376
-6.599999999897932
-6.599999999899483
-6.599999999900992
-6.599999999902493
-6.599999999903973
-6.5999999999054175
-6.59999999990686
-6.599999999908259
-6.5999999999096515
-6.599999999911024
-6.5999999999123755
-6.599999999913695
-6.599999999915015
-6.599999999916308
-6.599999999917582
-6.599999999918829
-6.599999999920076
-6.599999999921291
-6.599999999922492
-6.599999999923665
-6.5999999999248455
-6.599999999925984
-6.5999999999271175
-6.599999999928232
-6.599999999929333
-6.599999999930414
-6.599999999931474
-6.599999999932531
-6.599999999933565
-6.599999999934594
-6.599999999935587
-6.599999999936582
-6.599999999937554
-6.599999999938533
-6.599999999939461
-6.599999999940401
-6.599999999941325
-6.599999999942217
-6.599999999943124
-6.599999999944007
-6.599999999944856
-6.599999999945708
-6.599999999946548
-6.599999999947382
-6.599999999948198
-6.599999999949004
-6.599999999949783
-6.599999999950581
-6.599999999951339
-6.5999999999520975
-6.599999999952853
-6.5999999999535905
-6.599999999954295
-6.599999999955008
-6.599999999955711
-6.599999999956419
-6.599999999957097
-6.599999999957765
-6.599999999958414
-6.599999999959062
-6.599999999959714
-6.599999999960346
-6.599999999960955
-6.599999999961586
-6.599999999962184
-6.599999999962777
-6.599999999963359
-6.599999999963937
-6.599999999964506
-6.5999999999650605
-6.599999999965615
-6.599999999966157
-6.599999999966692
-6.599999999967219
-6.599999999967738
-6.599999999968245
-6.599999999968748
-6.5999999999692385
-6.599999999969723
-6.599999999970204
-6.599999999970674
-6.599999999971145
-6.599999999971592
-6.599999999972054
-6.5999999999725
-6.599999999972934
-6.599999999973365
-6.599999999973796
-6.599999999974212
-6.599999999974628
-6.599999999975029
-6.599999999975415
-6.599999999975822
-6.599999999976195
-6.599999999976593
-6.599999999976955
-6.599999999977323
-6.59999999997769
-6.5999999999780545
-6.599999999978392
-6.599999999978751
-6.599999999979091
-6.599999999979424
-6.599999999979751
-6.599999999980074
-6.5999999999804
-6.59999999998071
-6.599999999981031
-6.599999999981339
-6.599999999981632
-6.599999999981929
-6.59999999998222
-6.599999999982517
-6.5999999999827885
-6.5999999999830665
-6.599999999983338
-6.599999999983618
-6.599999999983883
-6.5999999999841386
-6.59999999998441
-6.59999999998465
-6.599999999984904
-6.599999999985139
-6.59999999998539
-6.599999999985625
-6.599999999985857
-6.599999999986094
-6.599999999986324
-6.599999999986553
-6.599999999986767
-6.599999999986982
-6.599999999987197
-6.599999999987404
-6.599999999987608
-6.599999999987808
-6.599999999988021
-6.599999999988205
-6.599999999988405
-6.599999999988593
-6.599999999988783
-6.5999999999889685
-6.599999999989146
-6.599999999989325
-6.599999999989489
-6.599999999989679
-6.5999999999898575
-6.599999999990013
-6.59999999999018
-6.599999999990347
-6.599999999990502
-6.599999999990652
-6.599999999990809
-6.599999999990964
-6.59999999999111
-6.599999999991259
-6.599999999991409
-6.599999999991552
-6.599999999991688
-6.599999999991838
-6.599999999991972
-6.599999999992103
-6.5999999999922325
-6.599999999992351
-6.599999999992484
-6.599999999992609
-6.5999999999927415
-6.599999999992859
-6.59999999999298
-6.599999999993095
-6.599999999993206
-6.599999999993319
-6.599999999993434
-6.599999999993543
-6.599999999993654
-6.5999999999937575
-6.599999999993865
-6.599999999993964
-6.599999999994068
-6.599999999994167
-6.5999999999942665
-6.599999999994358
-6.599999999994458
-6.59999999999455
-6.599999999994644
-6.599999999994738
-6.599999999994825
-6.599999999994909
-6.599999999995003
-6.599999999995083
-6.599999999995163
-6.599999999995241
-6.59999999999533
-6.599999999995404
-6.599999999995493
-6.599999999995575
-6.599999999995646
-6.599999999995714
-6.599999999995784
-6.599999999995868
-6.599999999995922
-6.599999999995996
-6.5999999999960774
-6.599999999996146
-6.599999999996204
-6.599999999996267
-6.599999999996328
-6.599999999996392
-6.599999999996445
-6.5999999999965215
-6.5999999999965775
-6.5999999999966255
-6.5999999999966885
-6.599999999996742
-6.5999999999968
-6.599999999996854
-6.599999999996912
-6.599999999996962
-6.599999999997017
-6.599999999997077
-6.599999999997121
-6.599999999997165
-6.599999999997214
-6.599999999997255
-6.59999999999732
-6.599999999997349
-6.59999999999741
-6.599999999997456
-6.599999999997499
-6.5999999999975305
-6.599999999997574
-6.599999999997623
-6.599999999997662
-6.599999999997708
-6.599999999997738
-6.599999999997773
-6.599999999997822
-6.599999999997854
-6.5999999999979
-6.599999999997926
-6.599999999997971
-6.599999999998001
-6.5999999999980385
-6.5999999999980705
-6.599999999998117
-6.599999999998142
-6.599999999998177
-6.599999999998219
-6.599999999998245
-6.599999999998266
-6.5999999999983014
-6.599999999998339
-6.599999999998361
-6.5999999999983885
-6.599999999998415
-6.599999999998442
-6.599999999998471
-6.599999999998502
-6.5999999999985315
-6.599999999998548
-6.599999999998581
-6.5999999999986
-6.599999999998629
-6.5999999999986505
-6.5999999999986745
-6.599999999998699
-6.599999999998714
-6.599999999998741
-6.599999999998769
-6.599999999998779
-6.599999999998802
-6.599999999998829
-6.599999999998853
-6.599999999998863
-6.599999999998886
-6.599999999998912
-6.599999999998925
-6.599999999998948
-6.599999999998962
-6.599999999998982
-6.599999999999002
-6.59999999999903
-6.59999999999904
-6.5999999999990555
-6.599999999999084
-6.59999999999908
-6.599999999999106
-6.59999999999912
-6.599999999999133
-6.599999999999156
-6.599999999999172
-6.599999999999186
-6.599999999999211
-6.599999999999215
-6.599999999999222
-6.599999999999243
-6.599999999999257
-6.599999999999262
-6.599999999999277
-6.599999999999287
-6.599999999999303
-6.599999999999323
-6.599999999999328
-6.599999999999339
-6.599999999999353
-6.599999999999358
-6.599999999999379
-6.599999999999383
-6.599999999999392
-6.599999999999412
-6.59999999999941
-6.599999999999427
-6.599999999999444
-6.599999999999451
-6.599999999999459
-6.599999999999468
-6.599999999999477
-6.599999999999485
-6.599999999999503
-6.599999999999509
-6.599999999999509
-6.599999999999521
-6.599999999999538
-6.599999999999543
-6.599999999999543
-6.599999999999552
-6.599999999999569
-6.599999999999571
-6.599999999999579
-6.599999999999577
-6.599999999999591
-6.599999999999602
-6.599999999999616
-6.599999999999618
-6.599999999999625
-6.599999999999627
-6.599999999999636
-6.599999999999648
-6.5999999999996515
-6.599999999999654
-6.599999999999662
-6.599999999999676
-6.599999999999676
-6.599999999999673
-6.599999999999685
-6.599999999999692
-6.599999999999694
-6.599999999999705
-6.599999999999712
-6.599999999999715
-6.599999999999725
-6.599999999999721
-6.5999999999997305
-6.599999999999735
-6.59999999999974
-6.599999999999744
-6.59999999999976
-6.599999999999752
-6.5999999999997545
-6.599999999999758
-6.599999999999761
-6.599999999999769
-6.599999999999759
-6.599999999999785
-6.599999999999779
-6.5999999999997945
-6.599999999999795
-6.599999999999795
-6.599999999999803
-6.5999999999998025
-6.5999999999998105
-6.599999999999813
-6.599999999999808
-6.599999999999811
-6.59999999999982
-6.599999999999824
-6.599999999999836
-6.599999999999827
-6.599999999999821
-6.599999999999835
-6.5999999999998336
-6.599999999999843
-6.599999999999842
-6.599999999999849
-6.599999999999854
-6.599999999999848
-6.599999999999856
-6.599999999999851
-6.599999999999852
-6.599999999999865
-6.599999999999864
-6.599999999999877
-6.599999999999873
-6.599999999999875
-6.599999999999882
-6.599999999999879
-6.599999999999884
-6.599999999999881
-6.599999999999885
-6.599999999999891
-6.5999999999998895
-6.599999999999882
-6.599999999999889
-6.599999999999898
-6.599999999999891
-6.599999999999895
-6.599999999999907
-6.5999999999999055
-6.599999999999902
-6.599999999999895
-6.599999999999907
-6.599999999999917
-6.599999999999907
-6.599999999999915
-6.599999999999909
-6.599999999999914
-6.5999999999999135
-6.5999999999999135
-6.599999999999914
-6.599999999999918
-6.599999999999916
-6.59999999999992
-6.599999999999929
-6.599999999999918
-6.5999999999999295
-6.599999999999929
-6.599999999999929
-6.599999999999934
-6.599999999999932
-6.599999999999932
-6.599999999999935
-6.599999999999943
-6.599999999999942
-6.599999999999935
-6.599999999999929
-6.599999999999943
-6.599999999999946
-6.5999999999999375
-6.599999999999952
-6.599999999999945
-6.599999999999945
-6.5999999999999375
-6.59999999999995
-6.599999999999946
-6.599999999999951
-6.599999999999959
-6.599999999999955
-6.599999999999948
-6.599999999999955
-6.59999999999994
-6.599999999999953
-6.5999999999999535
-6.599999999999954
-6.599999999999959
-6.599999999999954
-6.599999999999955
-6.599999999999954
-6.599999999999959
-6.599999999999959
-6.599999999999949
-6.599999999999954
-6.599999999999961
-6.599999999999948
-6.599999999999934
-6.599999999999931
-6.599999999999898
-6.59999999999984
-6.599999999999696
-6.599999999999402
-6.599999999998749
-6.599999999997348
-6.599999999994315
-6.5999999999876335
-6.599999999972955
-6.599999999940532
-6.599999999868524
-6.599999999707816
-6.599999999347353
-6.599999998534928
-6.599999996695038
-6.599999992508071
-6.599999982935263
-6.599999960948816
-6.59999991023873
-6.599999792875676
-6.599999520776752
-6.599998891299862
-6.599997451351202
-6.59999426241829
-6.599987754970687
-6.599976879001473
-6.599966178288836
-6.5999694996460985
-6.599989476808296
-6.599999914911322
-6.5999888980864165
-6.599981304410951
-6.599992583525291
-6.599999832328985
-6.599991194743858
-6.599989087424065
-6.599998247478959
-6.5999980385835055
-6.599991929682028
-6.59999583305426
-6.599999953200789
-6.599995655424898
-6.599995333263869
-6.599999705778025
-6.599998199761422
-6.599996099742004
-6.599999063157599
-6.599999486003412
-6.599997259049786
-6.599998656177525
-6.599999946568466
-6.599998324011816
-6.599998574862829
-6.599999984495641
-6.599999115328986
-6.599998729984557
-6.599999864706421
-6.599999617422465
-6.599999004803254
-6.5999997320994614
-6.5999998838313285
-6.599999305548871
-6.599999650342189
-6.599999987267486
-6.5999995719930595
-6.599999634272506
-6.599999995872547
-6.599999774271411
-6.599999672729082
-6.599999963179197
-6.5999999057028
-6.5999997438193
-6.599999925192055
-6.599999974964669
-6.599999824743327
-6.599999901368379
-6.599999998838362
-6.599999897558208
-6.5999998978138255
-6.59999999613778
-6.599999951752917
-6.5999999115819445
-6.599999983250998
-6.599999984335932
-6.599999935157392
-6.599999971551172
-6.599999998178811
-6.599999960331372
-6.599999966667753
-6.599999999447046
-6.599999980890206
-6.599999969298866
-6.5999999949526735
-6.5999999938550715
-6.599999976986661
-6.599999990114633
-6.599999999374044
-6.599999986158165
-6.599999987923136
-6.599999999678592
-6.599999993802742
-6.599999988946632
-6.599999997683327
-6.599999998391514
-6.599999992101003
-6.599999995783224
-6.599999999962862
-6.599999995719828
-6.599999995208417
-6.599999999590059
-6.599999998467597
-6.5999999960148825
-6.599999998612159
-6.5999999998040675
-6.599999997532965
-6.599999998002875
-6.599999999952425
-6.599999998959017
-6.599999998100097
-6.5999999995371175
-6.59999999979679
-6.599999998706994
-6.599999999155472
-6.599999999997662
-6.599999999405452
-6.5999999991055045
-6.599999999828654
-6.599999999866102
-6.599999999355589
-6.599999999621522
-6.599999999999976
-6.599999999695888
-6.59999999957271
-6.599999999923224
-6.599999999932257
-6.599999999688216
-6.5999999998156795
-6.599999999999919
-6.5999999998579835
-6.599999999790982
-6.599999999957095
-6.599999999973168
-6.599999999853447
-6.599999999902634
-6.599999999999067
-6.599999999940227
-6.599999999896323
-6.599999999971589
-6.599999999992553
-6.599999999934393
-6.599999999945775
-6.599999999997289
-6.599999999978529
-6.599999999949321
-6.59999999997969
-6.599999999999161
-6.59999999997326
-6.599999999969647
-6.599999999995601
-6.5999999999942975
-6.599999999976738
-6.5999999999856716
-6.599999999999891
-6.599999999990931
-6.599999999983908
-6.599999999994915
-6.599999999999316
-6.599999999990709
-6.599999999990699
-6.599999999998886
-6.59999999999792
-6.5999999999925
-6.599999999995467
-6.599999999999945
-6.5999999999972045
-6.599999999994834
-6.59999999999817
-6.599999999999866
-6.599999999997259
-6.599999999996846
-6.599999999999418
-6.5999999999995715
-6.599999999997758
-6.599999999998254
-6.599999999999889
-6.599999999999394
-6.59999999999836
-6.5999999999991195
-6.599999999999986
-6.59999999999936
-6.599999999998898
-6.599999999999588
-6.599999999999973
-6.599999999999453
-6.599999999999287
-6.5999999999998185
-6.599999999999938
-6.599999999999563
-6.599999999999575
-6.599999999999927
-6.599999999999932
-6.59999999999967
-6.599999999999746
-6.599999999999968
-6.5999999999999215
-6.599999999999775
-6.599999999999859
-6.599999999999982
-6.59999999999993
-6.599999999999843
-6.599999999999904
-6.5999999999999925
-6.599999999999949
-6.599999999999893
-6.599999999999932
-6.599999999999989
-6.599999999999945
-6.599999999999923
-6.599999999999964
-6.599999999999996
-6.599999999999975
-6.599999999999946
-6.599999999999976
-6.599999999999989
-6.59999999999997
-6.599999999999966
-6.599999999999985
-6.599999999999992
-6.599999999999984
-6.599999999999973
-6.5999999999999766
-6.599999999999987
-6.599999999999987
-6.59999999999998
-6.599999999999989
-6.599999999999994
-6.599999999999994
-6.599999999999986
-6.599999999999993
-6.599999999999988
-6.599999999999987
-6.599999999999984
-6.5999999999999845
-6.599999999999985
-6.5999999999999845
-6.599999999999976
-6.599999999999983
-6.599999999999975
-6.5999999999999766
-6.599999999999976
-6.599999999999981
-6.599999999999987
-6.599999999999987
-6.599999999999986
-6.599999999999996
-6.599999999999993
-6.6
-6.6
-6.6
-6.599999999999988
-6.59999999999999
-6.599999999999999
-6.599999999999994
-6.599999999999994
-6.599999999999999
-6.6
-6.599999999999993
-6.599999999999994
-6.599999999999994
-6.599999999999984
-6.599999999999989
-6.5999999999999845
-6.599999999999987
-6.599999999999995
-6.599999999999995
-6.5999999999999925
-6.59999999999999
-6.599999999999989
-6.599999999999994
-6.599999999999999
-6.599999999999995
-6.59999999999999
-6.599999999999994
-6.5999999999999925
-6.599999999999987
-6.599999999999989
-6.599999999999993
-6.599999999999994
-6.6
-6.599999999999995
-6.600000000000001
-6.59999999999999
-6.599999999999989
-6.599999999999995
-6.59999999999999
-6.599999999999993
-6.59999999999999
-6.599999999999987
-6.599999999999989
-6.599999999999994
-6.599999999999999
-6.6
-6.6
-6.599999999999999
-6.599999999999999
-6.6000000000000005
-6.599999999999999
-6.599999999999989
-6.599999999999994
-6.599999999999989
-6.599999999999994
-6.599999999999988
-6.599999999999993
-6.599999999999989
-6.599999999999988
-6.59999999999999
-6.599999999999984
-6.599999999999988
-6.599999999999988
-6.599999999999989
-6.599999999999994
-6.599999999999993
-6.599999999999993
-6.599999999999989
-6.59999999999999
-6.599999999999989
-6.599999999999987
-6.599999999999994
-6.599999999999999
-6.5999999999999925
-6.599999999999995
-6.59999999999999
-6.599999999999995
-6.599999999999994
-6.599999999999995
-6.6
-6.599999999999987
-6.59999999999999
-6.599999999999994
-6.599999999999994
-6.59999999999999
-6.599999999999995
-6.599999999999993
-6.600000000000001
-6.6
-6.599999999999993
-6.59999999999999
-6.599999999999987
-6.599999999999989
-6.599999999999994
-6.599999999999989
-6.599999999999987
-6.599999999999994
-6.599999999999989
-6.599999999999995
-6.59999999999999
-6.599999999999994
-6.599999999999988
-6.599999999999993
-6.599999999999989
-6.599999999999993
-6.6
-6.599999999999989
-6.599999999999993
-6.59999999999999
-6.599999999999989
-6.599999999999993
-6.599999999999981
-6.599999999999987
-6.599999999999987
-6.59999999999999
-6.599999999999988
-6.599999999999982
-6.599999999999987
-6.599999999999988
-6.599999999999984
-6.59999999999999
-6.599999999999987
-6.59999999999999
-6.59999999999999
-6.59999999999998
-6.599999999999987
-6.599999999999987
-6.599999999999984
-6.599999999999987
-6.599999999999987
-6.599999999999988
-6.59999999999999
-6.6
-6.59999999999999
-6.599999999999994
-6.599999999999987
-6.5999999999999925
-6.599999999999994
-6.59999999999999
-6.599999999999994
-6.599999999999995
-6.59999999999999
-6.599999999999994
-6.599999999999988
-6.599999999999987
-6.599999999999987
-6.599999999999981
-6.599999999999987
-6.599999999999984
-6.599999999999984
-6.599999999999984
-6.599999999999988
-6.599999999999989
-6.599999999999978
-6.5999999999999925
-6.599999999999982
-6.599999999999989
-6.599999999999982
-6.599999999999987
-6.599999999999987
-6.599999999999981
-6.59999999999999
-6.599999999999989
-6.599999999999988
-6.599999999999988
-6.599999999999988
-6.59999999999999
-6.599999999999984
-6.599999999999993
-6.599999999999984
-6.599999999999987
-6.59999999999999
-6.599999999999982
-6.599999999999994
-6.59999999999999
-6.599999999999993
-6.599999999999987
-6.599999999999987
-6.599999999999987
-6.59999999999999
-6.599999999999989
-6.599999999999989
-6.599999999999987
-6.599999999999987
-6.599999999999987
-6.59999999999999
-6.599999999999982
-6.599999999999984
-6.599999999999984
-6.599999999999987
-6.599999999999982
-6.599999999999994
-6.599999999999987
-6.59999999999999
-6.599999999999994
-6.599999999999989
-6.59999999999999
-6.599999999999988
-6.59999999999999
-6.599999999999993
-6.599999999999989
-6.599999999999987
-6.599999999999982
-6.599999999999989
-6.59999999999999
-6.599999999999988
-6.599999999999988
-6.599999999999994
-6.59999999999999
-6.599999999999994
-6.5999999999999925
-6.59999999999999
-6.599999999999989
-6.599999999999983
-6.599999999999988
-6.599999999999988
-6.599999999999994
-6.599999999999988
-6.599999999999993
-6.599999999999994
-6.599999999999994
-6.599999999999994
-6.599999999999994
-6.599999999999994
-6.599999999999989
-6.599999999999995
-6.599999999999995
-6.59999999999999
-6.599999999999995
-6.599999999999993
-6.599999999999995
-6.599999999999995
-6.6
-6.599999999999994
-6.599999999999999
-6.599999999999988
-6.59999999999999
-6.599999999999989
-6.599999999999987
-6.599999999999994
-6.599999999999994
-6.59999999999999
-6.599999999999994
-6.599999999999999
-6.599999999999999
-6.599999999999994
-6.599999999999987
-6.599999999999995
-6.59999999999999
-6.599999999999993
-6.599999999999989
-6.599999999999987
-6.599999999999989
-6.599999999999987
-6.599999999999988
-6.599999999999999
-6.599999999999993
-6.599999999999999
-6.599999999999994
-6.599999999999999
-6.599999999999999
-6.599999999999995
-6.600000000000001
-6.6
-6.599999999999995
-6.599999999999994
-6.599999999999989
-6.600000000000001
-6.6000000000000005
-6.599999999999995
-6.6
-6.6
-6.599999999999999
-6.599999999999993
-6.599999999999995
-6.6
-6.599999999999999
-6.6
-6.6
-6.599999999999999
-6.599999999999999
-6.59999999999999
-6.599999999999995
-6.599999999999994
-6.599999999999995
-6.599999999999995
-6.599999999999999
-6.599999999999994
-6.599999999999995
-6.599999999999994
-6.599999999999995
-6.599999999999993
-6.599999999999994
-6.599999999999994
-6.599999999999999
-6.6000000000000005
-6.599999999999995
-6.599999999999999
-6.599999999999994
-6.599999999999995
-6.600000000000001
-6.599999999999989
-6.599999999999995
-6.599999999999994
-6.599999999999995
-6.599999999999999
-6.6
-6.599999999999994
-6.5999999999999925
-6.599999999999995
-6.599999999999988
-6.599999999999989
-6.599999999999995
-6.6
-6.6
-6.59999999999999
-6.599999999999987
-6.599999999999989
-6.599999999999987
-6.6
-6.599999999999994
-6.599999999999993
-6.599999999999994
-6.599999999999995
-6.599999999999994
-6.599999999999993
-6.599999999999995
-6.599999999999995
-6.59999999999999
-6.599999999999995
-6.599999999999993
-6.6
-6.6000000000000005
-6.599999999999997
-6.599999999999988
-6.599999999999998
-6.59999999999999
-6.599999999999989
-6.5999999999999845
-6.59999999999998
-6.599999999999959
-6.599999999999925
-6.599999999999845
-6.599999999999682
-6.599999999999362
-6.599999999998712
-6.599999999997362
-6.599999999994594
-6.5999999999888
-6.599999999976689
-6.59999999995124
-6.5999999998974825
-6.599999999783304
-6.599999999539692
-6.599999999017275
-6.599999997891497
-6.5999999954537145
