-0.3135756780034545
-3.635228699281548
-6.24055865370682
-8.099493850996465
-9.270234342564034
-9.882409422530445
-10.101851529348778
-10.087433581812787
-9.960768785306993
-9.800871052360458
-9.653391299281564
-9.542528363911803
-9.479886642200082
-9.468873842621694
-9.5073088832361
-9.589552547925326
-9.70786131048676
-9.853532889110026
-10.018326481249947
-10.194719973431242
-10.376134145632687
-10.557551114329344
-10.73625307571055
-10.912273640515577
-11.088480146153586
-11.27050065193071
-11.466065977874475
-11.683933906770411
-11.932428031449302
-12.216192543759355
-12.532868548496545
-12.871222500656655
-13.212413450542279
-13.534781299192613
-13.82138439878765
-14.065349041881277
-14.268794241746898
-14.440207252739096
-14.591438044789667
-14.733652109853333
-14.874067694777837
-15.013941126339574
-15.147825148414249
-15.267183365529533
-15.366265456020061
-15.445871459430457
-15.513559544561682
-15.580000745379685
-15.654068227586418
-15.740027844664086
-15.838332942431123
-15.947875342246649
-16.066395881830836
-16.190044134563433
-16.313767825023678
-16.432695623256002
-16.54409818680057
-16.648249070724283
-16.746808178405775
-16.840008496577276
-16.92535635615933
-16.998995973543174
-17.058481742087217
-17.104747437417586
-17.141989226907043
-17.17585839351496
-17.21090859151287
-17.248392536788437
-17.285872608907876
-17.318978040403103
-17.34418616122363
-17.360897309223148
-17.371656568521885
-17.380713210969084
-17.39181902130491
-17.406608416664834
-17.42448444590672
-17.44369731187789
-17.462566929526638
-17.48010628073004
-17.49600256616574
-17.510332805084623
-17.523291382461778
-17.53500254239905
-17.545431982542013
-17.554367909764863
-17.56155104536134
-17.56687652537596
-17.57053469470819
-17.57301970927959
-17.57499384668543
-17.577048106795495
-17.579454671782518
-17.582110435929067
-17.58472121832301
-17.58703938689694
-17.588979083386498
-17.59059249786201
-17.591977775436835
-17.593179273488886
-17.594150196531203
-17.59481550384983
-17.595159651687432
-17.595261245319584
-17.595253141046168
-17.595253851722163
-17.595319894437484
-17.59545187096205
-17.595635762869414
-17.595871428413915
-17.596170267958357
-17.596536186555543
-17.59694981106326
-17.597367000964127
-17.597737757914942
-17.598035994072408
-17.598273249116758
-17.598481899041662
-17.598682621709028
-17.598868685481957
-17.59901649836288
-17.599107049397286
-17.599141253665493
-17.599142449178746
-17.59914433705941
-17.599171614763492
-17.599229725672668
-17.599308715293137
-17.599393442128903
-17.59947149387743
-17.599536921417062
-17.599589224490686
-17.59963043400207
-17.59966306308491
-17.59968937007818
-17.599711349279602
-17.599731108474856
-17.599750692616475
-17.599771103984086
-17.59979191715057
-17.599811794375892
-17.59982951336332
-17.599844929848157
-17.599859249881696
-17.599873952079033
-17.599889234505984
-17.59990358146212
