1.1946791714165788
-3.126430841498845
-4.347788585852382
-3.8447039806431267
-3.4912767148156174
-3.696834432258987
-4.131931043918379
-4.4458893175582395
-4.549459825512915
-4.595586999164016
-4.7129512976648105
-4.9047034651108525
-5.1112565122635925
-5.276193022879983
-5.377063124608963
-5.4260887444423
-5.44745288201147
-5.4512552876443054
-5.434185715450949
-5.402739824522343
-5.385430465861079
-5.407063307034258
-5.46409878922173
-5.531254362286856
-5.581379610808245
-5.603551837381314
-5.605804884706804
-5.603300462104237
-5.607494313859369
-5.623300225217185
-5.649596286721843
-5.680672919359759
-5.7093741612891655
-5.7309839975680275
-5.7458939835812375
-5.759128963854808
-5.776247561721025
-5.798909023876416
-5.824208253731831
-5.847643258770761
-5.866560707364751
-5.88156458017358
-5.895476744886286
-5.911145964483771
-5.929841371944422
-5.951112101785056
-5.9736990468981155
-5.99651400068533
-6.019093086481156
-6.0415588928280375
-6.064406410774297
-6.088330031535692
-6.114052587916525
-6.142027767470816
-6.1721538124733994
-6.203896571790877
-6.236908425174942
-6.271502220059849
-6.3082076197730785
-6.346764508586423
-6.385918026638973
-6.424295884975953
-6.460819020827454
-6.493975040860642
-6.521809337523497
-6.543311894235186
-6.5587079885924515
-6.568189163570795
-6.5720308685951485
-6.571684487431679
-6.568968501085317
-6.564845986047418
-6.560186513867395
-6.556467617909469
-6.554856893237773
-6.555720478010137
-6.55910596966794
-6.564571645075777
-6.570899178245853
-6.576909515619817
-6.5821148734098465
-6.586316911334733
-6.589397584805356
-6.591522073822217
-6.59284154390655
-6.5932498697604505
-6.592807645479982
-6.591913586636308
-6.590935259544706
-6.59010758347335
-6.589648476321173
-6.589654368671912
-6.5900906075865375
-6.59094495411804
-6.592152740368963
-6.593489774017996
-6.59472781936728
-6.595741455482921
-6.596451212007327
-6.596854687579426
-6.597047059157095
-6.597104767168016
-6.597054877243819
-6.596941091107938
-6.596805968885047
-6.596676730305605
-6.59660831633282
-6.59665615441897
-6.596829782470328
-6.597113690138137
-6.597472111130237
-6.597840965746652
-6.598166253443579
-6.598422994770196
-6.598600405023654
-6.598707215294363
-6.598764935169914
-6.598785164452909
-6.598779067827101
-6.598766070696663
-6.598758678225423
-6.598762724874064
-6.598783825720833
-6.598822647511712
-6.598879124442964
-6.59895418873745
-6.599040254096385
-6.599123780240559
-6.5991935209266535
-6.599242173713348
-6.599270824632415
-6.599287973302303
-6.599300257906039
-6.599310940694785
-6.599322097131387
-6.599334137580652
-6.59934830985892
-6.599366683174869
-6.5993889832230295
-6.599413966993884
-6.599440594578128
-6.599466960649585
-6.599491192670417
-6.599511624834405
-6.599526939906078
-6.599537907501797
-6.599546631777364
-6.599554859346254
-6.599563860422256
-6.599573902202413
-6.599584583170985
-6.5995959515826765
-6.599608118163916
-6.599620934743664
-6.599634115160127
-6.599646988342592
-6.599658926164089
-6.599669645374468
-6.599678970815702
-6.59968706043806
-6.599694353041576
-6.599701249361228
-6.599708122478297
-6.599715133070595
-6.599722232547207
-6.59972942181899
-6.599736663342881
-6.599743864565924
-6.599750942440007
-6.59975776185875
-6.599764230537183
-6.599770314238668
-6.599775984329198
-6.599781291318859
-6.599786328071638
-6.599791194014063
-6.599795995094743
-6.5998007600860635
-6.59980546476211
-6.599810087623993
-6.599814603192591
-6.5998190006166215
-6.59982325915991
-6.599827344826782
-6.599831251034988
-6.5998349860288945
-6.599838568244911
-6.599842022088339
-6.599845365143379
-6.5998486240843075
-6.599851821213738
-6.599854960002265
-6.599858034490238
-6.599861030152518
-6.599863938111839
-6.5998667585220065
-6.599869489966319
-6.599872132221451
-6.599874685319936
-6.5998771537667995
-6.599879548423756
-6.59988187801537
-6.599884150121869
-6.599886370130112
-6.599888539940553
-6.599890660419408
-6.599892729589183
-6.599894745667797
-6.599896708609729
-6.5998986187843425
-6.59990047813507
