1.7804055356703634
-8.514902558081868
-11.961449886753948
-14.0411339778989
-15.034622718856008
-14.44045856853998
-12.585023514880328
-5.867167547573937
-5.984724477631464
-8.786549683073225
-14.697823414171303
-15.547934671823567
-15.675790085346172
-15.589366703421655
-14.95188769805864
-12.534884387898158
-3.500993573692419
-0.8438293797090348
-6.047529827259269
-7.655684264321341
-9.489152360197314
-12.052251625815684
-13.77062162584185
-14.629295200446881
-14.981573968790357
-14.230385368943763
-10.367200133291545
-8.032268542386905
-9.456416692083664
-12.379886794429305
-13.908991182323973
-12.813444691593102
-12.063597769413716
-11.275152927075618
-14.56216171663968
-13.820125536173352
-13.574421955535872
-12.641917488430817
-14.097816696725785
-13.284428794735438
-13.927978296622808
-13.297476490443676
-13.832689243103886
-13.395437825554115
-13.53184673025602
-13.239449129216554
-13.329396361592302
-13.061952972943558
-13.468191870076963
-13.285715390036005
-13.791527754652863
-13.518634748004404
-13.77400474878684
-13.394591656815845
-13.600526742355937
-13.32235020684052
-13.61872580572945
-13.355293289891957
-13.500159548149218
-13.082698202189901
-13.181109996857911
-12.610448967368391
-13.26047396373825
-12.904409426616835
-13.742747908501292
-13.301862045050756
-13.851384388125185
-13.455366809230895
-13.666720220822421
-13.416220738206952
-13.636268547701363
-13.49762198322463
-13.650670598085906
-13.56593251038908
-13.709357768248886
-13.641571289526595
-13.7396205519357
-13.68429465945918
-13.761758637271956
-13.707790484130676
-13.772227698689155
-13.712667806217024
-13.779464471359603
-13.706230295670748
-13.782848779282222
-13.69037911499856
-13.783479695554183
-13.667818682920917
-13.781945809257236
-13.64110430122579
-13.780584550583086
-13.613636752571686
-13.781904082369966
-13.588168484322251
-13.78729247905518
-13.565933983753618
-13.795796229815318
-13.54648780873286
-13.804805310537589
-13.528967746172578
-13.811925141225666
-13.513613093365022
-13.81654430802592
-13.502496323414967
-13.819555755333328
-13.498687833223697
-13.821497430537923
-13.504517158516563
-13.821865535193673
-13.521013174142828
-13.822305639512962
-13.548831718370701
-13.829348693765002
-13.58666677025112
-13.848108187610595
-13.627411791945947
-13.874199671574708
-13.660503537952643
-13.899110597402096
-13.67925184072409
-13.918897042624844
-13.683708520904261
-13.934210907814647
-13.678187616682784
-13.947142801280275
-13.667886342143197
-13.959451810187813
-13.657051217057838
-13.972311756664677
-13.648776930311039
-13.986561346952731
-13.645180455291724
-14.002689783370771
-13.64722625477279
-14.020574965005673
-13.654556814503154
-14.039504635682139
-13.66587293574366
-14.058646650491866
-13.679688307776912
-14.077553382282769
-13.694911590035536
-14.096310596014984
-13.711026906614139
-14.115372753707176
-13.728008936964208
-14.135329229326667
-13.746166409945229
-14.156755138523504
-13.766019894948796
-14.180164349938824
-13.788237880190842
-14.206025141885886
-13.813617371664506
-14.23479916450902
-13.84308395495792
-14.266980434692536
-13.877689286581603
-14.303123203748148
-13.918592947873124
-14.343854489613545
-13.967024042419437
-14.389868840189145
-14.024215445001321
-14.44189439229306
-14.091285193993299
-14.50059310220197
-14.169010093066802
-14.566312517412085
-14.257405172957275
-14.638544785623232
-14.354981417628336
-14.714848243928259
-14.457438659545351
-14.78871654138126
-14.555189156993652
-14.84524186552138
-14.628695650824847
-14.854135142108337
-14.645543494578757
-14.777054183801356
-14.596186909712632
-14.657396457243765
-14.589646239105408
-14.66162304176514
-14.684164523332187
-14.720748410680983
-14.723033090364787
-14.69514179572487
-14.692987800154874
-14.660018227141627
-14.685212034645414
-14.63420934294389
-14.631377358251623
-14.478241847060005
-14.465980687318991
-14.345016732136923
-14.449114031020988
-14.418503192805444
-14.468546847549899
-14.441038828775891
-14.428370809783821
-14.393268182599776
-14.361980492537223
-14.311032322230123
-14.308316972045626
-14.28153043785632
-14.340320192639014
-14.34011519177701
-14.415481025884953
-14.399808105205585
-14.440988907079813
-14.391993298832478
-14.406165153794475
-14.355245025528191
-14.379935435363185
-14.352297954511124
-14.393327562410906
-14.368852838824887
-14.409321953603149
-14.36424256048755
-14.408720495519084
-14.350237392485289
-14.410680976693225
-14.352057100834301
-14.41376920880973
-14.358128070572848
-14.401265419389217
-14.34906405142609
-14.37172345647858
-14.327173845514807
-14.344053323088369
-14.314313363922945
-14.34003071948598
-14.322578506020562
-14.356483656220147
-14.33664686212396
-14.372978327705994
-14.344056971978594
-14.387669207068413
-14.357305199140692
-14.411252241392685
-14.38293772532674
-14.436207841801595
-14.404209886267957
-14.44533842349313
-14.407242466726345
-14.437822866614201
-14.399826040691588
-14.429235328392519
-14.396541438576978
-14.429049419544555
-14.398260974105362
-14.43183404768404
-14.397334530146667
-14.431453528704605
-14.39325539506077
-14.429867624678929
-14.391554944127305
-14.430074569803777
-14.393772535992817
-14.430601377403661
-14.395951059941668
-14.42861863400224
-14.395308838827152
-14.425762778927512
-14.39507886993493
-14.427456599480003
-14.399479961335826
-14.435276417732268
-14.407100392270273
-14.445202465122772
-14.41426254682046
-14.454096176974375
-14.42075122086672
-14.461985970240908
-14.427650058812588
-14.468339605703015
-14.43356955134193
-14.471184515510435
-14.4361627952534
-14.469975885538709
-14.435461577254285
-14.467124700340111
-14.434116371391164
-14.465956764351516
-14.434487258989645
-14.467709970087931
-14.4366705995516
-14.471371596678157
-14.439742557299818
-14.47580538353356
-14.443525142676261
-14.48071151102231
-14.44826341110802
-14.485820774129198
-14.453519029711636
-14.49041264988511
-14.458291236545307
-14.493960419761954
-14.462066932041557
-14.496805587697839
-14.4652845309037
-14.499833320234226
-14.468675014165957
-14.503560112747989
-14.47247197303804
-14.507787677735086
-14.47642871746039
-14.512038735738043
-14.480298318727831
-14.516012804728714
-14.484031462926096
-14.519631097201971
-14.487642454374114
-14.522912802143672
-14.49110369673697
-14.525945231863071
-14.494411341749853
-14.528926297972859
-14.497690006346888
-14.532141343110611
-14.501167830253959
-14.535825816950721
-14.505023769308506
-14.540025431350134
-14.509269508856624
-14.544588249133007
-14.513771759319424
-14.54927641336072
-14.518353602054493
-14.553881445306425
-14.522869408847068
-14.55827547624683
-14.527226044367447
-14.56241321757358
-14.531380689771689
-14.566317761113375
-14.535340179671737
-14.570063677975842
-14.539161094526802
-14.573755397135908
-14.542936468937407
-14.577497348680286
-14.546763600968623
-14.581362480149183
-14.550707998223425
-14.58537480560128
-14.554786297408786
-14.589515525253114
-14.55897599107622
-14.59374550120446
-14.56323904383574
-14.598026956897364
-14.567540292448607
-14.602332133209217
-14.571851528011248
-14.606639034500875
-14.576145625424722
-14.610923026321718
-14.580390231925287
-14.615152301455304
-14.584545335105869
-14.619287668307928
-14.588560455105302
-14.623280202327402
-14.59236363541479
-14.627059608337266
-14.595838008318195
-14.630510952714724
-14.598788548718055
-14.633444389637644
-14.600910678433724
-14.635575304803904
-14.601796701224345
-14.636569714902953
-14.601085782019483
-14.636297190818327
-14.5989877602399
-14.635521639886345
-14.597396267438105
-14.636975568364711
-14.600944654640104
-14.645419733074254
-14.615350885273235
-14.664127806678593
-14.641318583421343
-14.689527610735928
-14.670686711978487
-14.712336231112221
-14.692870292417211
-14.7257125816108
-14.703502902777828
-14.729201475588921
-14.7043066026174
-14.725423100910197
-14.698424388747938
-14.716784798460449
-14.688360261981842
-14.705250531275059
-14.67621739624948
-14.69280796485601
-14.663934770523142
-14.681381266443054
-14.653267436515524
-14.672688083806284
-14.645860839833645
-14.66824042965833
-14.64320354496224
-14.669140537855215
-14.646181684081938
-14.67560891348825
-14.654559900282992
-14.686761922661569
-14.667046096038506
-14.701041035747318
-14.681989794832209
-14.716906497053412
-14.698003593756301
-14.73313381953602
-14.71403157489318
-14.748676790875198
-14.72914341061156
-14.7625491323055
-14.74247404910247
-14.773937821741853
-14.753327205813859
-14.782373355783267
-14.761275369528967
-14.787797144850439
-14.766245467433855
-14.790574644263717
-14.76863738770283
-14.791499696058873
-14.769364009953568
-14.791691722805245
-14.769652598825992
-14.792305079883226
-14.770629477733124
-14.794134459377696
-14.772879479444558
-14.797285919606786
-14.776162188215052
-14.801035492765687
-14.779380509396368
-14.803960750424519
-14.780930233918351
-14.804564426551732
-14.77979801341429
-14.802848301535457
-14.777829741784796
-14.802811670586854
-14.782058279311748
-14.813218517474363
-14.802550608107017
-14.841981705334906
-14.84322839754024
-14.887058261694607
-14.895235027618085
-14.935742401915885
-14.942635589960553
-14.973646491417737
-14.97298341236909
-14.9927256661005
-14.98227431902555
-14.992638705026526
-14.973070325796495
-14.976737269498416
-14.949533228018298
-14.947616575592368
-14.914588204784742
-14.907115337980587
-14.871628887162577
-14.859575825873835
-14.82682978017325
-14.811871791182375
-14.786060197615365
-14.767463138620732
-14.748348883440162
-14.722533982398414
-14.707304825549066
-14.674261327471484
-14.664554483729116
-14.634062179714432
-14.637514040375551
-14.622491312168654
-14.643016205422358
-14.646257365517126
-14.677050490880806
-14.68934159260329
-14.717352423181289
-14.72633330966278
-14.743874536536321
-14.744497019232359
-14.753944645064024
-14.74708528071372
-14.749722485464487
-14.73457892073528
-14.727401170691778
-14.7058690185751
-14.693126192993391
-14.674618915783267
-14.667711550666713
-14.66059595162492
-14.664900046111134
-14.66644235812427
-14.67537871576968
-14.676200361837717
-14.681120812043991
-14.678351068249102
-14.679297693037974
-14.679685546641808
-14.683451734926868
-14.693416020763019
-14.704644834516275
-14.721676337408327
-14.738543773156467
-14.75390963073757
-14.770238999104938
-14.776362984492327
-14.784812050452857
-14.778814338859725
-14.772809451060525
-14.757037643083248
-14.732543356647602
-14.715114316065701
-14.671871876405518
-14.666235251643693
-14.607111708645869
-14.628062429761977
-14.557418406234518
-14.613549883098614
-14.536413807355261
-14.623716152336442
-14.547620348244653
-14.652359321738235
-14.590826920417056
-14.698478071725313
-14.665893709131522
-14.764227599654177
-14.762219648678254
-14.839478830789409
-14.852871969738052
-14.897302248913755
-14.905536260854703
-14.91039345286347
-14.905463194958873
-14.87985934098179
-14.874786672024914
-14.837308131216785
-14.841149002064165
-14.790389286282991
-14.789509546846766
-14.71421893266236
-14.700543641382879
-14.60852662540312
-14.594761129556192
-14.508560648967482
-14.51307295693258
-14.450686580663586
-14.480205256488608
-14.444998168117637
-14.492188253193493
-14.477445312327857
-14.530605827482727
-14.528616434111903
-14.579747871727811
-14.584406367382105
-14.629537830019007
-14.635056281054705
-14.672163377805264
-14.673407925477486
-14.701567890679854
-14.695566589400482
-14.715179461546077
-14.701857363738904
-14.715008337669012
-14.696623086898459
-14.706718739688311
-14.686497714478866
-14.697017793156617
-14.67762132828061
-14.690645185805916
-14.673203026670938
-14.688901339241987
-14.673297314120036
-14.690807546750902
-14.676758931462059
-14.695408302309673
-14.683036045124197
-14.702714199435007
-14.692047327897075
-14.712710483176794
-14.702911510009411
-14.724077514502591
-14.713407307449824
-14.734234098345814
-14.720835947386101
-14.740656442518784
-14.72345522971233
-14.742304845635879
-14.721388938297434
-14.740148487588876
-14.716472835489359
-14.73650378119715
-14.711144801178143
-14.733641554269507
-14.707083882918592
-14.732611611953997
-14.704529086027899
-14.733042943930425
-14.702680708069186
-14.73389242135461
-14.700773693146608
-14.734520333645937
-14.699071328013291
-14.735462856863977
-14.699191653052914
-14.738469104349498
-14.703378971991032
-14.745330610010779
-14.712538726832806
-14.755387848898705
-14.723893079637621
-14.763332011749245
-14.730263546460996
-14.75945472595157
-14.721498024189064
-14.73202117299079
-14.687512491851962
-14.673360293060316
-14.627752194729862
-14.597667217896982
-14.570844867073518
-14.55792347425293
-14.57124719967907
-14.605275184339725
-14.651802630231936
-14.724151236130384
-14.77685020549637
-14.854277951616373
-14.89078002071656
-14.944842965710452
-14.954091846832767
-14.973571732764432
-14.954059039911918
-14.942121442413564
-14.897124106344597
-14.863226352873891
-14.796973903304593
-14.75268390930257
-14.671585749994689
-14.630669645711976
-14.546981379340908
-14.527103084821622
-14.463514834799515
-14.48373853196944
-14.45714508402859
-14.512053768045078
-14.504315243896844
-14.563829555037119
-14.550528613122244
-14.601430349017175
-14.5857285638726
-14.635679512097553
-14.6283002114133
-14.678622746128209
-14.675931591642533
-14.717575039617994
-14.709960282588973
-14.735957695549137
-14.719455771309862
-14.730399468887315
-14.708357472659605
-14.711165074374467
-14.690412029826645
-14.694195285671263
-14.679947242735055
-14.690787514888985
-14.682991948586023
-14.700652587205083
-14.694449532302082
-14.714191457711546
-14.704524105472576
-14.722190723293862
-14.707869412450062
-14.722677933453115
-14.705856851776888
-14.718821885908673
-14.701506552105759
-14.712930544919207
-14.695273311460294
-14.704845493326282
-14.686717584778936
-14.69518290843564
-14.677947640233684
-14.687187313969275
-14.673063827615772
-14.684224180212663
-14.674549821656983
-14.68697912366223
-14.681939488529487
-14.69428765476473
-14.693735973966769
-14.705290103149347
-14.7087875593612
-14.719438126224343
-14.725612643705832
-14.735093133218006
-14.74159886309266
-14.749089198277323
-14.753399099096814
-14.757746265766254
-14.758069995179982
-14.758446055736925
-14.754336442253132
-14.751060999792465
-14.743638304201887
-14.738617123707723
-14.730197945401976
-14.726404120486944
-14.719383856307507
-14.719463892075758
-14.714917901254344
-14.71980129955135
-14.716782389583441
-14.725343681556375
-14.72160578285971
-14.731731953972167
-14.725445554892453
-14.735546816392507
-14.726328975404337
-14.735828540400695
-14.724158247150811
-14.733036721405863
-14.719481662101417
-14.728196188144368
-14.713488629215655
-14.722761270001469
-14.70658258010829
-14.71394674317502
-14.691386723728161
-14.684622909504235
-14.64653766331535
-14.607105741977394
-14.554253541445208
-14.492167377070563
-14.459412058726434
-14.446276641710316
-14.473045183532488
-14.558406983486181
-14.626098400623274
-14.767179095383412
-14.83640129103651
-14.96535952595491
-15.00857588391569
-15.085390284309627
-15.090465954969398
-15.108311734975894
-15.082406741650303
-15.059035591120752
-15.021162473586683
-14.977080704358212
-14.934596914435087
-14.87332203399919
-14.821746512298079
-14.745031603758456
-14.693266189835251
-14.61808946758669
-14.57950103628792
-14.516694430148355
-14.484700806580706
-14.437813939993116
-14.412462249689906
-14.398587529733604
-14.387641853156557
-14.401013398297085
-14.386022431401205
-14.399683210813237
-14.377482567433601
-14.403833694653976
-14.408347233430502
-14.472944875425332
-14.50964092688409
-14.58771786513208
-14.618734707330391
-14.665824751234256
-14.665135581166517
-14.670234274986228
-14.646724001628906
-14.637901530058398
-14.62274227161746
-14.63499472602039
-14.646142172644012
-14.681929716751133
-14.705542590586399
-14.74084153697328
-14.754138970842622
-14.770610170452919
-14.763640771662473
-14.759892589320238
-14.736522387340937
-14.72198063293261
-14.695354558015504
-14.684216536066646
-14.668380108386536
-14.670202619046348
-14.668180182463535
-14.680848361708549
-14.683988120977968
-14.697522988794908
-14.69481818980099
-14.70043426830494
-14.689056637384036
-14.687209494096283
-14.675630499538048
-14.675026345962484
-14.674049302003743
-14.682545241402469
-14.694001894761241
-14.711647873580192
-14.72718204135117
-14.747488168732366
-14.756658776184254
-14.772541275203434
-14.769844090100529
-14.777724123078182
-14.763791536338395
-14.76507891030954
-14.745123970290239
-14.745787213063368
-14.726328865392302
-14.73266804067923
-14.716631997389776
-14.730379572382418
-14.71541039944891
-14.734022532759457
-14.71587092176915
-14.736263702162315
-14.712842873340046
-14.733720231880294
-14.706654539672352
-14.7282593589177
-14.70174209840898
-14.724303122837973
-14.702311320367492
-14.724814698427455
-14.70874640702499
-14.729078711944075
-14.717652733071363
-14.733793373410627
-14.7245656830165
-14.735290435125824
-14.72575756063588
-14.72984455655031
-14.717713239960702
-14.712404110351928
-14.695779873081648
-14.676170185472103
-14.65447125703269
-14.6161981889722
-14.594257762536328
-14.54303534484298
-14.538591499987936
-14.499802210114519
-14.536834711486868
-14.538091156354394
-14.618360039011778
-14.659354595566725
-14.758695624989654
-14.815935084135866
-14.904920185350546
-14.95219007877379
-15.007991565899298
-15.02691214785477
-15.038308602769526
-15.02068040941165
-14.990220846909494
-14.939367764912742
-14.88267895292075
-14.813726192362934
-14.751548705418426
-14.683348758572128
-14.628675991703098
-14.574786072823379
-14.53389225590455
-14.505782078178857
-14.484418487914684
-14.487489112222185
-14.48212909523947
-14.508467043827778
-14.5116635916465
-14.553624172587439
-14.568112858906929
-14.62220132607144
-14.648431012858593
-14.701125339837775
-14.725504124853519
-14.756581382621867
-14.766100064276944
-14.76622454115192
-14.764027112682053
-14.74529164304417
-14.749888897868717
-14.738570909134546
-14.756307409567064
-14.755946714637542
-14.763655204519152
-14.757053494514157
-14.739908764190462
-14.723027549684751
-14.6864534249038
-14.665674666660571
-14.62230959548115
-14.607781548920569
-14.573669865183758
-14.578614622229813
-14.567764915220083
-14.598292564524394
-14.608448824477003
-14.651345591604159
-14.663461320464553
-14.697406719767566
-14.698706199835463
-14.716083494451567
-14.712764351323141
-14.719414094297925
-14.721985875499314
-14.724022221796865
-14.733699847803937
-14.735059947487603
-14.748423815901157
-14.752143858290637
-14.765358896687516
-14.770026243701855
-14.777885493196651
-14.777412693151286
-14.774864966545566
-14.763110078103589
-14.74897317300636
-14.725452952520927
-14.705922839264435
-14.679615573347789
-14.667899254099892
-14.653978032602954
-14.661490258250558
-14.668546395507144
-14.692227653144084
-14.711191126765927
-14.733802084589653
-14.746160382089728
-14.756154537831438
-14.75364543591239
-14.758453683502239
-14.744558964591867
-14.75523365312911
-14.733960460219603
-14.751504639607347
-14.729057709587286
-14.751747058500436
-14.734878601856277
-14.760054904478395
-14.7462231974123
-14.769036182122793
-14.74413814944737
-14.76198133660491
-14.705100437735327
-14.723553608056356
-14.616452734715724
-14.654233193412018
-14.50136484078707
-14.585926904252053
-14.4325836541353
-14.571111094958175
-14.475723248439543
-14.636724981909662
-14.615071603150117
-14.759409158032375
-14.780617740648818
-14.883788803899325
-14.911063845458226
-14.962791035984313
-14.980151476564428
-14.985124394329924
-14.997517507276882
-14.971747187279934
-14.986618778851065
-14.9438017593005
-14.95357610841795
-14.896428790637739
-14.884280461725766
-14.809559768865293
-14.768384879213418
-14.677294336581499
-14.62482816985818
-14.537488495698444
-14.517662574948382
-14.47570526353617
-14.51749963256571
-14.527610726526893
