0.34959058609236937
-3.078194193755695
-5.8102985879966536
-7.800219104289455
-9.085328305362806
-9.784383970385923
-10.061910838875237
-10.081595936707135
-9.973661187230046
-9.823092545076406
-9.679686380254301
-9.56981478426709
-9.505905024360352
-9.491871682677743
-9.527332968614854
-9.608461709498304
-9.729180711045458
-9.881972682737258
-10.058888221197307
-10.253401366178664
-10.460162386331644
-10.674521415977132
-10.893139019016047
-11.114445905880698
-11.3387169142086
-11.568298875547695
-11.808649143121622
-12.06744316361126
-12.350041058599382
-12.655888377444526
-12.977384470366449
-13.30048511964323
-13.607299503895444
-13.881797149512781
-14.115876133249095
-14.311224372853438
-14.476584471317882
-14.62382581763529
-14.763320929563191
-14.900303684580301
-15.035586797130179
-15.168894580554465
-15.29912199663783
-15.423658872342546
-15.540547810796193
-15.650597721446314
-15.757849529144867
-15.868128933175315
-15.9856524229572
-16.109676533792765
-16.234529564758517
-16.353304592011774
-16.462147074541548
-16.56153067176413
-16.654006400464542
-16.741372842657825
-16.823711107073755
-16.9004767689424
-16.971600867736697
-17.03712867530013
-17.09659485405253
-17.14906360743309
-17.193753519772248
-17.230746431429196
-17.261181978715463
-17.287171108162298
-17.311369016377753
-17.336077040370668
-17.362296631487254
-17.389165575444387
-17.414427465156056
-17.435986165003012
-17.453376927652585
-17.468013108503648
-17.482010278852137
-17.49659503895812
-17.511378013639035
-17.524844376268803
-17.535573997218993
-17.543198615612038
-17.548461502817233
-17.55260469277817
-17.556603340947813
-17.560692652493206
-17.56442635251432
-17.567187484111503
-17.568766417965065
-17.569609781721898
-17.57059301366062
-17.572464700823993
-17.575373717826132
-17.57883405663009
-17.582113522107196
-17.584697237217163
-17.586496509968363
-17.58773915533933
-17.58871480393968
-17.589606462744847
-17.590476333983485
-17.591327067275333
-17.592148677977868
-17.592931546804984
-17.593663624057683
-17.594330444908653
-17.594922067174746
-17.595432610642817
-17.595855148106967
-17.596187519042275
-17.596448011375777
-17.59667898080506
-17.59693044825767
-17.597231007043597
-17.597568918007752
-17.597902370265665
-17.598188641134143
-17.59840704881323
-17.598563909789505
-17.59868163584499
-17.598782923321387
-17.59888211245021
-17.598983109833654
-17.59908155478217
-17.599171188491017
-17.599250027330093
-17.59932093046543
-17.59938699918485
-17.599445886811335
-17.599490593090636
-17.599517188491365
-17.599530722138788
-17.59954280728486
-17.599563369844546
-17.599594109181737
-17.59962947085613
-17.59966260006729
-17.599690147847554
-17.599713054135993
-17.599734363957303
-17.599756459881483
-17.599779497847873
-17.59980154638991
-17.599820372089646
-17.599835545820696
-17.59984892404696
-17.599862849434242
-17.599877901649894
-17.599892525712775
-17.599904696682973
