0.2024481239543528
-6.517955367771207
-9.984881003313008
-11.760128029758894
-13.028467820087737
-14.08092287424747
-14.87885352157061
-15.523941585756818
-16.053409739673054
-16.50118385728136
-16.882794567385652
-17.16131445654888
-17.34089754982297
-17.447946944263705
-17.509668707683225
-17.54516818645397
-17.5658901354793
-17.57827206381628
-17.58586846004619
-17.59065007761493
-17.593729035961815
-17.595749377245582
-17.59709522224821
-17.598002405838628
-17.598619540187144
-17.599042363407047
-17.599333672612236
-17.599535254300676
-17.59967523129043
-17.599772700624868
-17.59984072247134
-17.599888278997376
-17.599921575732935
-17.599944915621542
-17.59996129125993
-17.599972789036265
-17.599980866484415
-17.59998654351125
-17.599990534749764
-17.599993341463943
-17.599995315544575
-17.59999670417644
-17.59999768107553
-17.599998368367768
-17.599998851932238
-17.599999192170113
-17.59999943156913
-17.5999996000188
-17.599999718547657
-17.59999980195088
-17.59999986063839
-17.59999990193456
-17.59999993099342
-17.599999951441298
-17.59999996582987
-17.599999975954876
-17.599999983079563
-17.599999988093092
-17.59999999162101
-17.599999994103605
-17.599999995850553
-17.599999997079884
-17.59999999794494
-17.599999998553663
-17.599999998982057
-17.599999999283515
-17.599999999495644
-17.59999999964494
-17.59999999974999
-17.59999999982391
-17.59999999987593
-17.599999999912548
-17.59999999993832
-17.599999999956474
-17.59999999996922
-17.599999999978184
-17.59999999998452
-17.59999999998898
-17.599999999992058
-17.599999999994306
-17.59999999999588
-17.599999999996925
-17.5999999999977
-17.599999999998246
-17.59999999999866
-17.599999999998893
-17.599999999999113
-17.599999999999213
-17.59999999999929
-17.599999999999383
-17.599999999999426
-17.599999999999447
-17.59999999999949
-17.599999999999497
-17.599999999999525
-17.599999999999504
-17.599999999999557
-17.599999999999532
-17.599999999999568
-17.599999999999547
-17.599999999999575
-17.59999999999956
-17.599999999999554
-17.59999999999954
-17.599999999999568
-17.59999999999956
-17.599999999999554
-17.599999999999568
-17.59999999999954
-17.599999999999536
-17.59999999999955
-17.59999999999956
-17.599999999999554
-17.599999999999554
-17.59999999999955
-17.59999999999956
-17.59999999999956
-17.599999999999547
-17.599999999999575
-17.599999999999568
-17.599999999999554
-17.599999999999547
-17.599999999999554
-17.599999999999536
-17.599999999999532
-17.59999999999956
-17.599999999999547
-17.599999999999582
-17.59999999999956
-17.599999999999564
-17.599999999999575
-17.599999999999547
-17.599999999999554
-17.599999999999554
-17.599999999999568
-17.599999999999554
-17.599999999999568
-17.599999999999557
-17.599999999999557
-17.599999999999554
-17.599999999999554
-17.599999999999575
-17.599999999999554
-17.599999999999564
-17.59999999999958
-17.59999999999958
-17.599999999999582
-17.599999999999568
-17.59999999999956
-17.599999999999554
-17.599999999999568
-17.599999999999554
-17.599999999999568
-17.599999999999575
-17.599999999999582
-17.59999999999956
-17.599999999999575
-17.599999999999568
-17.599999999999575
-17.599999999999568
-17.599999999999543
-17.599999999999557
-17.599999999999568
-17.599999999999568
-17.59999999999956
-17.599999999999593
-17.599999999999596
-17.599999999999586
-17.599999999999586
-17.599999999999575
-17.599999999999547
-17.599999999999568
-17.59999999999957
-17.59999999999958
-17.599999999999582
-17.599999999999557
-17.599999999999568
-17.599999999999564
-17.599999999999582
-17.59999999999955
-17.599999999999568
-17.599999999999547
-17.599999999999568
-17.599999999999568
-17.599999999999586
-17.599999999999536
-17.599999999999582
-17.599999999999568
-17.599999999999547
-17.599999999999568
-17.59999999999956
-17.59999999999959
-17.599999999999564
-17.599999999999554
-17.599999999999582
-17.599999999999575
-17.599999999999604
-17.599999999999547
-17.599999999999557
-17.599999999999554
-17.599999999999554
-17.599999999999554
-17.599999999999575
-17.599999999999575
-17.59999999999958
-17.599999999999557
-17.599999999999568
-17.59999999999955
-17.599999999999582
-17.599999999999568
-17.59999999999956
-17.599999999999554
-17.599999999999568
-17.599999999999554
-17.599999999999564
-17.59999999999956
-17.599999999999554
-17.599999999999596
-17.59999999999954
-17.599999999999568
-17.59999999999959
-17.599999999999593
-17.599999999999596
-17.599999999999568
-17.59999999999958
-17.599999999999586
-17.599999999999582
-17.599999999999554
-17.59999999999958
-17.599999999999575
-17.599999999999604
-17.599999999999582
-17.59999999999958
-17.599999999999604
-17.599999999999593
-17.599999999999582
-17.599999999999582
-17.599999999999575
-17.599999999999582
-17.59999999999961
-17.599999999999575
-17.599999999999582
-17.599999999999575
-17.599999999999575
-17.599999999999604
-17.599999999999604
-17.59999999999959
-17.599999999999582
-17.599999999999575
-17.599999999999575
-17.59999999999958
-17.59999999999958
-17.59999999999959
-17.599999999999575
-17.59999999999956
-17.59999999999959
-17.59999999999955
-17.599999999999596
-17.599999999999568
-17.59999999999961
-17.599999999999593
-17.599999999999582
-17.59999999999958
-17.599999999999618
-17.599999999999586
-17.59999999999959
-17.599999999999625
-17.599999999999604
-17.5999999999996
-17.599999999999582
-17.599999999999593
-17.59999999999959
-17.5999999999996
-17.5999999999996
-17.59999999999957
-17.599999999999596
-17.59999999999959
-17.59999999999959
-17.59999999999961
-17.599999999999596
-17.599999999999596
-17.59999999999959
-17.599999999999604
-17.599999999999582
-17.5999999999996
-17.599999999999596
-17.599999999999625
-17.599999999999596
-17.599999999999596
-17.59999999999959
-17.599999999999582
-17.59999999999959
-17.599999999999614
-17.599999999999582
-17.599999999999586
-17.599999999999575
-17.599999999999582
-17.599999999999604
-17.599999999999604
-17.59999999999957
-17.599999999999607
-17.59999999999961
-17.599999999999604
-17.599999999999614
-17.599999999999582
-17.599999999999596
-17.599999999999575
-17.599999999999596
-17.599999999999618
-17.59999999999958
-17.59999999999959
-17.59999999999961
-17.59999999999959
-17.599999999999575
-17.59999999999961
-17.59999999999959
-17.599999999999607
-17.599999999999618
-17.59999999999961
-17.599999999999596
-17.599999999999607
-17.599999999999604
-17.599999999999596
-17.59999999999959
-17.599999999999618
-17.59999999999961
-17.59999999999961
-17.599999999999564
-17.599999999999618
-17.599999999999596
-17.599999999999568
-17.599999999999593
-17.59999999999961
-17.599999999999582
-17.599999999999596
-17.599999999999596
-17.599999999999596
-17.599999999999596
-17.599999999999607
-17.59999999999959
-17.599999999999604
-17.59999999999963
-17.59999999999961
-17.599999999999607
-17.599999999999596
-17.599999999999632
-17.599999999999596
-17.59999999999961
-17.59999999999959
-17.599999999999596
-17.59999999999959
-17.59999999999963
-17.599999999999618
-17.59999999999961
-17.59999999999962
-17.59999999999961
-17.59999999999961
-17.599999999999614
-17.599999999999625
-17.599999999999625
-17.599999999999618
-17.599999999999614
-17.5999999999996
-17.599999999999604
-17.59999999999959
-17.59999999999961
-17.599999999999618
-17.59999999999961
-17.599999999999635
-17.599999999999625
-17.599999999999607
-17.599999999999618
-17.599999999999614
-17.599999999999625
-17.599999999999618
-17.599999999999635
-17.599999999999593
-17.599999999999632
-17.599999999999625
-17.599999999999582
-17.599999999999604
-17.599999999999582
-17.5999999999996
-17.599999999999596
-17.599999999999604
-17.599999999999604
-17.599999999999596
-17.599999999999614
-17.59999999999963
-17.59999999999961
-17.599999999999635
-17.599999999999625
-17.59999999999962
-17.599999999999607
-17.599999999999604
-17.599999999999604
-17.599999999999607
-17.59999999999961
-17.599999999999632
-17.59999999999962
-17.599999999999625
-17.599999999999604
-17.599999999999625
-17.599999999999646
-17.599999999999643
-17.599999999999618
-17.59999999999962
-17.59999999999961
-17.599999999999614
-17.59999999999964
-17.59999999999959
-17.599999999999643
-17.59999999999961
-17.599999999999625
-17.59999999999961
-17.59999999999961
-17.59999999999961
-17.599999999999618
-17.599999999999625
-17.599999999999625
-17.599999999999625
-17.599999999999625
-17.59999999999961
-17.599999999999632
-17.599999999999632
-17.59999999999961
-17.59999999999962
-17.599999999999614
-17.599999999999625
-17.599999999999618
-17.59999999999965
-17.599999999999646
-17.59999999999964
-17.599999999999632
-17.599999999999653
-17.599999999999618
-17.59999999999961
-17.599999999999618
-17.59999999999964
-17.59999999999965
-17.599999999999625
-17.599999999999635
-17.599999999999604
-17.599999999999618
-17.599999999999653
-17.59999999999962
-17.59999999999962
-17.59999999999961
-17.599999999999632
-17.599999999999632
-17.599999999999625
-17.59999999999964
-17.599999999999643
-17.599999999999618
-17.59999999999961
-17.599999999999625
-17.59999999999963
-17.599999999999657
-17.59999999999966
-17.599999999999653
-17.59999999999963
-17.59999999999964
-17.599999999999632
-17.599999999999632
-17.599999999999632
-17.59999999999964
-17.59999999999965
-17.59999999999961
-17.59999999999961
-17.59999999999964
-17.599999999999653
-17.599999999999614
-17.599999999999653
-17.599999999999618
-17.59999999999964
-17.599999999999653
-17.599999999999653
-17.59999999999967
-17.59999999999964
-17.599999999999635
-17.599999999999643
-17.599999999999625
-17.599999999999625
-17.599999999999625
-17.59999999999962
-17.599999999999646
-17.599999999999632
-17.59999999999964
-17.599999999999646
-17.59999999999965
-17.59999999999961
-17.59999999999962
-17.59999999999964
-17.59999999999963
-17.59999999999964
-17.599999999999604
-17.599999999999646
-17.599999999999646
-17.599999999999632
-17.599999999999618
-17.599999999999653
-17.59999999999961
-17.59999999999964
-17.599999999999643
-17.599999999999667
-17.599999999999657
-17.599999999999646
-17.599999999999653
-17.599999999999646
-17.599999999999632
-17.599999999999646
-17.599999999999632
-17.599999999999618
-17.599999999999625
-17.59999999999966
-17.599999999999646
-17.59999999999964
-17.599999999999625
-17.599999999999614
-17.599999999999653
-17.599999999999653
-17.59999999999967
-17.599999999999675
-17.59999999999965
-17.599999999999675
-17.599999999999625
-17.59999999999964
-17.599999999999653
-17.599999999999646
-17.59999999999966
-17.599999999999625
-17.599999999999667
-17.59999999999964
-17.599999999999643
-17.599999999999635
-17.599999999999635
-17.599999999999632
-17.599999999999632
-17.59999999999964
-17.599999999999625
-17.599999999999632
-17.59999999999961
-17.599999999999625
-17.599999999999643
-17.59999999999963
-17.599999999999643
-17.599999999999646
-17.599999999999625
-17.59999999999966
-17.599999999999653
-17.599999999999646
-17.59999999999964
-17.599999999999653
-17.599999999999675
-17.599999999999653
-17.599999999999643
-17.599999999999643
-17.599999999999643
-17.599999999999653
-17.599999999999657
-17.59999999999966
-17.599999999999657
-17.599999999999646
-17.59999999999967
-17.599999999999646
-17.599999999999646
-17.599999999999646
-17.59999999999964
-17.599999999999643
-17.599999999999653
-17.599999999999635
-17.599999999999635
-17.599999999999667
-17.599999999999646
-17.599999999999643
-17.599999999999643
-17.599999999999632
-17.599999999999643
-17.59999999999967
-17.599999999999646
-17.59999999999966
-17.599999999999675
-17.599999999999653
-17.59999999999966
-17.599999999999632
-17.59999999999968
-17.599999999999653
-17.59999999999965
-17.599999999999675
-17.599999999999653
-17.599999999999653
-17.59999999999966
-17.59999999999966
-17.599999999999632
-17.599999999999667
-17.599999999999657
-17.59999999999966
-17.599999999999667
-17.599999999999646
-17.599999999999643
