0.2024481239543528
-3.711586651119827
-6.5254850712084425
-8.558177585701603
-10.01109792473713
-11.084958036197133
-11.937663516642335
-12.657335507356585
-13.281086315521016
-13.823105697156763
-14.292025980137357
-14.679526693682464
-15.010442846028592
-15.306493657885317
-15.57877162721238
-15.835405689988079
-16.079666554656136
-16.307901279496686
-16.517778267533515
-16.706553129862044
-16.872094582382083
-17.013486439066725
-17.131337677602065
-17.22755834309283
-17.304865727883957
-17.366265188481076
-17.41466429106117
-17.452658681370096
-17.482445827419774
-17.50581933793533
-17.524206932008376
-17.538726225109595
-17.55024286057086
-17.559423263972363
-17.566779129455995
-17.572703329776594
-17.577498112177516
-17.581396838861387
-17.58458054983817
-17.58719048479387
-17.5893375091224
-17.59110919862748
-17.592575168911452
-17.593791095769188
-17.5948017617113
-17.595643377799703
-17.59634536495814
-17.59693173046012
-17.59742213951527
-17.59783275563892
-17.598176904348094
-17.598465600798164
-17.598707971821078
-17.598911595390412
-17.59908277505956
-17.599226762845806
-17.59934794098985
-17.599449970721174
-17.599535914416585
-17.599608336201488
-17.59966938501035
-17.599720863324556
-17.599764284170945
-17.59980091847486
-17.59983183446263
-17.599857930498295
-17.5998799624832
-17.599898566748053
-17.59991427919787
-17.599927551340137
-17.599938763715002
-17.599948237157086
-17.599956242246872
-17.59996300724706
-17.599968724771447
-17.59997355739125
-17.599977642351178
-17.59998109553797
-17.599984014821924
-17.59998648287137
-17.599988569524147
-17.599990333786593
-17.599991825519343
-17.599993086859183
-17.599994153418663
-17.599995055298855
-17.599995817943842
-17.59999646286278
-17.599997008239136
-17.5999974694458
-17.599997859480006
-17.599998189330645
-17.599998468289215
-17.599998704211984
-17.59999890374177
-17.5999990724957
-17.599999215223633
-17.59999933594191
-17.599999438047035
-17.599999524411007
-17.59999959746252
-17.599999659255534
-17.599999711526866
-17.59999975574534
-17.59999979315308
-17.59999982480059
-17.599999851576058
-17.599999874230903
-17.599999893400472
-17.599999909622056
-17.599999923350076
-17.5999999349689
-17.599999944803493
-17.599999953128815
-17.599999960177374
-17.59999996614572
-17.599999971200248
-17.599999975481666
-17.599999979108823
-17.599999982182446
-17.599999984787644
-17.59999998699636
-17.599999988869634
-17.599999990458862
-17.599999991807593
-17.59999999295284
-17.599999993925664
-17.599999994752558
-17.59999999545575
-17.599999996054233
-17.599999996563955
-17.599999996998427
-17.599999997369085
-17.599999997685636
-17.599999997956324
-17.599999998188032
-17.59999999838665
-17.5999999985572
-17.599999998703908
-17.59999999883029
-17.599999998939353
-17.599999999033734
-17.599999999115532
-17.599999999186668
-17.599999999248695
-17.599999999302863
-17.599999999350338
-17.599999999392146
-17.599999999429002
-17.599999999461645
-17.599999999490606
-17.599999999516495
-17.59999999953962
-17.59999999956037
-17.59999999957917
-17.599999999596136
-17.599999999611555
-17.599999999625577
-17.599999999638456
-17.59999999965026
-17.59999999966119
-17.599999999671226
-17.59999999968052
-17.59999999968919
-17.599999999697253
-17.599999999704842
-17.59999999971193
-17.599999999718527
-17.59999999972481
-17.599999999730688
-17.59999999973624
-17.599999999741545
-17.5999999997465
-17.59999999975126
-17.599999999755745
-17.59999999976003
-17.599999999764094
-17.599999999767988
-17.59999999977171
-17.5999999997752
-17.59999999977859
-17.599999999781787
-17.599999999784856
-17.599999999787848
-17.599999999790647
-17.599999999793365
-17.599999999795948
-17.599999999798445
-17.5999999998008
-17.599999999803106
-17.599999999805313
-17.599999999807448
-17.599999999809455
-17.599999999811423
-17.59999999981331
-17.599999999815118
-17.59999999981681
-17.5999999998185
-17.59999999982012
-17.599999999821648
-17.59999999982316
-17.599999999824593
-17.599999999825997
-17.599999999827368
-17.59999999982863
-17.599999999829897
-17.599999999831063
-17.59999999983222
-17.599999999833365
-17.59999999983446
-17.599999999835475
-17.59999999983651
-17.599999999837458
-17.59999999983841
-17.59999999983929
-17.59999999984018
-17.59999999984105
-17.59999999984184
-17.59999999984258
-17.59999999984342
-17.599999999844187
-17.59999999984487
-17.599999999845572
-17.59999999984625
-17.59999999984692
-17.59999999984757
-17.599999999848126
-17.599999999848784
-17.599999999849352
-17.599999999849892
-17.599999999850468
-17.599999999851004
-17.599999999851466
-17.599999999851992
-17.5999999998525
-17.599999999852976
-17.599999999853402
-17.59999999985388
-17.599999999854305
-17.59999999985471
-17.59999999985515
-17.59999999985554
-17.59999999985593
-17.599999999856323
-17.599999999856657
-17.599999999857058
-17.599999999857353
-17.59999999985768
-17.599999999858042
-17.59999999985834
-17.59999999985868
-17.599999999858976
-17.59999999985925
-17.59999999985957
-17.59999999985984
-17.59999999986011
-17.59999999986038
-17.599999999860675
-17.59999999986089
-17.599999999861172
-17.59999999986143
-17.59999999986168
-17.599999999861893
-17.59999999986212
-17.59999999986229
-17.599999999862558
-17.599999999862746
-17.59999999986299
-17.599999999863172
-17.599999999863364
-17.599999999863584
-17.599999999863748
-17.599999999863922
-17.599999999864117
-17.59999999986431
-17.599999999864494
-17.599999999864664
-17.5999999998648
-17.599999999864977
-17.599999999865137
-17.599999999865304
-17.599999999865457
-17.599999999865595
-17.59999999986575
-17.5999999998659
-17.599999999866036
-17.599999999866178
-17.599999999866306
-17.599999999866466
-17.599999999866572
-17.599999999866682
-17.599999999866824
-17.599999999866963
-17.599999999867087
-17.59999999986722
-17.59999999986733
-17.599999999867443
-17.599999999867592
-17.599999999867656
-17.599999999867762
-17.599999999867876
-17.59999999986798
-17.59999999986809
-17.5999999998682
-17.599999999868324
-17.59999999986841
-17.59999999986852
-17.599999999868615
-17.599999999868707
-17.599999999868825
-17.5999999998689
-17.599999999869
-17.599999999869084
-17.59999999986914
-17.599999999869258
-17.599999999869333
-17.599999999869443
-17.59999999986949
-17.599999999869606
-17.599999999869645
-17.599999999869738
-17.599999999869862
-17.599999999869887
-17.599999999869986
-17.599999999870057
-17.599999999870175
-17.599999999870228
-17.599999999870285
-17.59999999987037
-17.599999999870434
-17.599999999870505
-17.599999999870573
-17.599999999870615
-17.599999999870718
-17.5999999998708
-17.599999999870832
-17.59999999987093
-17.599999999871002
-17.599999999871052
-17.599999999871105
-17.59999999987118
-17.599999999871237
-17.599999999871315
-17.599999999871375
-17.59999999987143
-17.599999999871482
-17.599999999871528
-17.59999999987162
-17.59999999987167
-17.599999999871713
-17.599999999871777
-17.599999999871816
-17.599999999871898
-17.599999999871955
-17.59999999987202
-17.59999999987206
-17.599999999872125
-17.599999999872143
-17.59999999987226
-17.59999999987229
-17.599999999872338
-17.59999999987241
-17.59999999987246
-17.59999999987253
-17.59999999987254
-17.5999999998726
-17.599999999872665
-17.599999999872683
-17.59999999987278
-17.59999999987282
-17.599999999872864
-17.59999999987292
-17.59999999987297
-17.59999999987304
-17.599999999873077
-17.599999999873127
-17.599999999873155
-17.59999999987323
-17.59999999987324
-17.59999999987332
-17.59999999987333
-17.599999999873415
-17.599999999873447
-17.599999999873496
-17.599999999873553
-17.599999999873603
-17.599999999873646
-17.599999999873667
-17.599999999873734
-17.59999999987375
-17.599999999873823
-17.59999999987385
-17.599999999873905
-17.599999999873972
-17.599999999873972
-17.599999999874036
-17.599999999874104
-17.599999999874143
-17.599999999874168
-17.59999999987422
-17.599999999874246
-17.59999999987427
-17.599999999874367
-17.59999999987438
-17.599999999874413
-17.599999999874477
-17.599999999874512
-17.599999999874576
-17.599999999874594
-17.59999999987467
-17.599999999874683
-17.59999999987471
-17.599999999874775
-17.599999999874825
-17.59999999987487
-17.5999999998749
-17.599999999874925
-17.59999999987496
-17.59999999987501
-17.599999999875045
-17.59999999987511
-17.599999999875127
-17.59999999987518
-17.59999999987525
-17.59999999987528
-17.59999999987533
-17.599999999875383
-17.599999999875372
-17.599999999875422
-17.599999999875457
-17.599999999875518
-17.59999999987555
-17.59999999987557
-17.599999999875624
-17.59999999987567
-17.599999999875727
-17.599999999875767
-17.59999999987579
-17.599999999875823
-17.599999999875884
-17.599999999875905
-17.599999999875955
-17.599999999875998
-17.59999999987604
-17.599999999876033
-17.599999999876097
-17.599999999876125
-17.599999999876175
-17.599999999876204
-17.59999999987626
-17.59999999987629
-17.599999999876324
-17.599999999876367
-17.599999999876403
-17.59999999987643
-17.599999999876474
-17.59999999987653
-17.599999999876538
-17.59999999987661
-17.599999999876623
-17.599999999876673
-17.599999999876694
-17.59999999987674
-17.599999999876793
-17.59999999987682
-17.599999999876864
-17.59999999987687
-17.599999999876943
-17.599999999876985
-17.59999999987704
-17.599999999877056
-17.599999999877102
-17.599999999877166
-17.599999999877163
-17.599999999877227
-17.599999999877262
-17.59999999987729
-17.599999999877298
-17.59999999987734
-17.599999999877408
-17.599999999877422
-17.5999999998775
-17.59999999987749
-17.59999999987753
-17.599999999877596
-17.599999999877596
-17.59999999987766
-17.59999999987769
-17.599999999877717
-17.599999999877745
-17.599999999877763
-17.599999999877852
-17.599999999877877
-17.599999999877895
-17.599999999877973
-17.599999999877976
-17.59999999987803
-17.599999999878065
-17.599999999878143
-17.599999999878143
-17.599999999878186
-17.599999999878193
-17.599999999878257
-17.599999999878268
-17.59999999987832
-17.599999999878342
-17.5999999998784
-17.599999999878403
-17.599999999878463
-17.59999999987849
-17.59999999987855
-17.599999999878566
-17.59999999987862
-17.599999999878655
-17.59999999987867
-17.59999999987873
-17.59999999987874
-17.59999999987881
-17.599999999878833
-17.599999999878847
-17.599999999878882
-17.59999999987894
-17.599999999878975
-17.599999999878982
-17.599999999879067
-17.599999999879092
-17.599999999879124
-17.59999999987915
-17.599999999879227
-17.599999999879245
-17.599999999879284
-17.59999999987931
-17.599999999879344
-17.59999999987938
-17.59999999987939
-17.59999999987942
-17.599999999879486
-17.59999999987954
-17.599999999879557
-17.599999999879614
-17.599999999879664
-17.599999999879664
-17.599999999879728
-17.599999999879753
-17.599999999879763
-17.5999999998798
-17.599999999879884
-17.599999999879877
-17.59999999987994
-17.599999999879966
-17.599999999880016
-17.599999999880026
-17.59999999988009
-17.599999999880083
-17.599999999880147
-17.599999999880175
-17.599999999880232
-17.599999999880268
-17.599999999880282
-17.599999999880332
-17.599999999880378
-17.599999999880374
-17.599999999880424
-17.59999999988044
-17.59999999988049
-17.599999999880545
-17.599999999880602
-17.59999999988063
-17.599999999880634
-17.599999999880687
-17.599999999880712
-17.599999999880758
-17.599999999880765
-17.59999999988083
-17.599999999880836
-17.59999999988088
-17.599999999880907
-17.599999999880946
-17.599999999880986
-17.599999999881035
-17.599999999881064
-17.5999999998811
-17.599999999881113
-17.599999999881142
-17.59999999988119
-17.599999999881206
-17.59999999988127
-17.599999999881305
-17.599999999881305
-17.599999999881348
-17.599999999881412
-17.59999999988144
-17.599999999881476
-17.599999999881526
-17.59999999988155
-17.599999999881575
-17.599999999881597
-17.599999999881646
-17.599999999881668
-17.599999999881703
-17.599999999881753
-17.599999999881796
-17.599999999881838
-17.599999999881852
-17.599999999881916
-17.59999999988196
-17.59999999988198
-17.599999999881994
-17.599999999882026
-17.599999999882073
-17.599999999882108
-17.599999999882144
-17.599999999882172
-17.59999999988223
-17.599999999882236
-17.5999999998823
-17.59999999988232
-17.599999999882368
-17.599999999882407
-17.59999999988247
-17.599999999882463
-17.59999999988248
-17.599999999882513
-17.599999999882563
-17.599999999882588
-17.599999999882655
-17.599999999882684
-17.599999999882712
-17.599999999882744
-17.59999999988277
-17.599999999882808
-17.599999999882847
-17.599999999882883
-17.59999999988291
-17.599999999882936
-17.599999999882982
-17.599999999883018
-17.599999999883046
-17.599999999883096
-17.599999999883117
-17.599999999883156
-17.599999999883202
-17.599999999883195
-17.599999999883266
-17.599999999883337
-17.599999999883323
-17.59999999988338
-17.599999999883405
-17.599999999883444
-17.599999999883487
-17.59999999988353
-17.599999999883558
-17.59999999988357
-17.59999999988361
-17.599999999883636
-17.599999999883693
-17.599999999883686
-17.599999999883767
-17.599999999883792
-17.599999999883803
-17.599999999883863
-17.599999999883888
-17.599999999883913
-17.599999999883963
-17.599999999883998
-17.599999999884048
-17.59999999988407
-17.59999999988407
-17.599999999884115
-17.599999999884187
-17.599999999884204
-17.599999999884233
-17.59999999988426
-17.599999999884293
-17.599999999884346
-17.59999999988436
-17.59999999988441
-17.599999999884393
-17.599999999884446
-17.59999999988448
-17.599999999884552
-17.599999999884595
-17.599999999884595
-17.599999999884623
-17.599999999884652
-17.599999999884695
-17.599999999884737
-17.599999999884787
-17.599999999884822
-17.599999999884837
-17.599999999884886
-17.599999999884915
-17.59999999988493
-17.599999999884997
-17.599999999885007
-17.599999999885032
-17.59999999988508
-17.599999999885107
-17.59999999988515
-17.599999999885174
-17.599999999885206
-17.599999999885263
-17.599999999885267
-17.599999999885313
-17.599999999885362
-17.599999999885384
-17.599999999885412
-17.599999999885455
-17.59999999988549
-17.599999999885505
-17.599999999885572
-17.59999999988556
-17.599999999885622
-17.599999999885647
-17.599999999885657
-17.59999999988569
-17.599999999885753
-17.59999999988577
-17.59999999988583
-17.599999999885885
-17.599999999885913
-17.59999999988593
-17.599999999885945
-17.59999999988599
-17.599999999886037
-17.59999999988605
-17.59999999988608
-17.59999999988615
-17.599999999886137
-17.599999999886215
-17.599999999886208
-17.599999999886258
-17.599999999886307
-17.599999999886336
-17.599999999886357
-17.599999999886382
-17.59999999988642
-17.599999999886446
-17.599999999886492
-17.599999999886514
-17.59999999988655
-17.59999999988657
-17.599999999886613
-17.599999999886627
-17.599999999886677
-17.599999999886716
-17.59999999988675
-17.599999999886805
-17.59999999988684
-17.59999999988687
-17.599999999886883
-17.599999999886958
-17.599999999886997
-17.599999999886993
-17.59999999988701
-17.59999999988706
-17.59999999988711
-17.599999999887125
-17.599999999887167
-17.599999999887203
-17.599999999887206
-17.599999999887267
-17.599999999887295
-17.59999999988734
-17.599999999887366
-17.599999999887395
-17.599999999887444
-17.599999999887476
-17.59999999988751
-17.599999999887515
-17.599999999887558
-17.599999999887586
-17.59999999988763
-17.59999999988765
-17.5999999998877
-17.599999999887736
-17.599999999887746
-17.599999999887824
-17.599999999887828
-17.59999999988788
-17.599999999887906
-17.599999999887906
-17.599999999887977
-17.599999999887977
-17.59999999988802
-17.59999999988806
-17.59999999988807
-17.59999999988812
-17.59999999988817
-17.599999999888176
-17.599999999888205
-17.599999999888247
-17.59999999988831
-17.599999999888315
-17.599999999888354
-17.59999999988838
-17.599999999888404
-17.599999999888432
-17.599999999888475
-17.599999999888496
-17.599999999888524
-17.599999999888563
-17.599999999888624
-17.59999999988861
-17.599999999888688
-17.599999999888688
-17.599999999888734
-17.599999999888787
-17.59999999988882
-17.599999999888826
-17.599999999888894
-17.599999999888915
-17.599999999888936
-17.599999999888958
-17.599999999888972
-17.59999999988903
-17.599999999889093
-17.5999999998891
-17.59999999988914
-17.599999999889157
-17.59999999988916
-17.599999999889224
-17.599999999889228
-17.59999999988927
-17.599999999889306
-17.599999999889352
-17.59999999988935
-17.599999999889427
-17.599999999889437
-17.599999999889498
-17.599999999889526
-17.599999999889572
-17.599999999889608
-17.59999999988961
-17.599999999889654
-17.599999999889654
-17.599999999889757
-17.59999999988976
-17.599999999889754
-17.599999999889825
-17.59999999988986
-17.59999999988987
-17.599999999889892
-17.599999999889924
-17.59999999988997
-17.59999999989
-17.599999999890052
-17.599999999890088
-17.59999999989008
-17.599999999890127
-17.599999999890173
-17.599999999890194
-17.599999999890237
-17.59999999989027
-17.59999999989031
-17.599999999890333
-17.599999999890358
-17.599999999890382
-17.599999999890432
-17.599999999890457
-17.599999999890485
-17.59999999989054
-17.59999999989055
-17.59999999989057
-17.59999999989061
-17.599999999890663
-17.599999999890734
-17.599999999890734
-17.59999999989075
-17.599999999890773
-17.599999999890812
-17.59999999989084
-17.599999999890883
-17.599999999890898
-17.599999999890947
-17.59999999989097
-17.599999999890976
-17.59999999989102
-17.599999999891047
-17.59999999989108
-17.599999999891097
-17.599999999891168
-17.599999999891175
-17.599999999891217
-17.599999999891253
-17.599999999891295
-17.59999999989133
-17.59999999989136
-17.599999999891367
-17.59999999989142
-17.59999999989145
-17.59999999989143
-17.599999999891473
-17.599999999891548
-17.599999999891573
-17.599999999891608
-17.59999999989163
-17.599999999891658
-17.5999999998917
-17.599999999891747
-17.599999999891754
-17.599999999891768
-17.59999999989181
-17.59999999989185
-17.59999999989184
-17.599999999891907
-17.599999999891967
-17.599999999891978
-17.599999999892006
-17.59999999989205
-17.599999999892077
-17.599999999892106
-17.599999999892127
-17.599999999892177
-17.59999999989219
-17.599999999892244
-17.59999999989226
-17.5999999998923
-17.599999999892333
-17.599999999892333
-17.599999999892404
-17.59999999989241
-17.599999999892432
-17.59999999989244
-17.59999999989252
-17.599999999892525
-17.599999999892596
-17.599999999892596
-17.599999999892646
-17.5999999998927
-17.599999999892695
-17.59999999989273
-17.599999999892777
-17.599999999892827
-17.59999999989286
-17.59999999989288
-17.59999999989291
-17.59999999989294
-17.59999999989297
-17.599999999892987
-17.599999999893043
-17.59999999989304
-17.59999999989307
-17.5999999998931
-17.599999999893136
-17.59999999989318
-17.599999999893214
-17.599999999893285
-17.59999999989329
-17.59999999989331
-17.59999999989333
-17.599999999893342
-17.599999999893427
-17.599999999893427
-17.599999999893445
-17.599999999893484
-17.599999999893512
-17.59999999989356
-17.599999999893594
-17.599999999893594
-17.599999999893658
-17.599999999893676
-17.599999999893697
-17.59999999989373
-17.599999999893747
-17.59999999989379
-17.59999999989384
-17.599999999893882
-17.599999999893917
-17.599999999893924
-17.599999999893942
-17.599999999893953
-17.599999999894017
-17.599999999894045
-17.599999999894084
-17.599999999894116
-17.599999999894134
-17.599999999894187
-17.59999999989421
-17.599999999894237
-17.599999999894276
-17.599999999894294
-17.599999999894322
-17.599999999894337
-17.599999999894397
-17.599999999894404
-17.599999999894436
-17.599999999894465
-17.59999999989451
-17.59999999989454
-17.59999999989455
-17.5999999998946
-17.59999999989464
-17.599999999894642
-17.599999999894703
-17.59999999989471
-17.599999999894756
-17.599999999894806
-17.59999999989482
-17.599999999894862
