1.6304396723460153
-2.519355522210293
-4.770584727648378
-5.447943214980466
-5.57461903513682
-5.875767286117306
-5.964928537515506
-6.023237644050923
-6.071868854301408
-6.116250464429221
-6.158053399193234
-6.1977709032644395
-6.235484836617238
-6.27117684590954
-6.304807614170029
-6.336328790144034
-6.3656821877672325
-6.392811582170208
-6.417681477211044
-6.440291720845968
-6.460683147044849
-6.478935351241917
-6.495159789044655
-6.50949105168116
-6.522078141191438
-6.533076700790013
-6.542642663881672
-6.550927588784905
-6.558075786245952
-6.5642228830499025
-6.569494883947139
-6.5740070579745105
-6.577862980284676
-6.581154297323036
-6.583961218913615
-6.586353422645814
-6.588391115860912
-6.590126120288318
-6.5916029122478115
-6.5928595839744055
-6.593928710075402
-6.594838115008062
-6.595611544884994
-6.5962692509551974
-6.596828493811909
-6.597303977655736
-6.597708223471374
-6.598051889178623
-6.598344043929577
-6.598592402854301
-6.598803527755637
-6.59898299853459
-6.599135559489737
-6.59926524407454
-6.599375481206403
-6.5994691857949235
-6.599548835785734
-6.599616537694962
-6.599674082330508
-6.59972299215487
-6.599764561534972
-6.599799890943639
-6.599829916020998
-6.599855432269636
-6.599877116041407
-6.599895542375236
-6.599911200160459
-6.599924505028598
-6.59993581031511
-6.599945416381226
-6.5999535785418395
-6.5999605138081385
-6.5999664066225945
-6.59997141373681
-6.599975668360242
-6.599979283688852
-6.5999823559060165
-6.599984966734505
-6.599987185606869
-6.599989071510461
-6.599990674556517
-6.599992037313893
-6.5999931959428455
-6.599994181158887
-6.599995019051777
-6.5999957317817035
-6.599996338170808
-6.5999968542058784
-6.599997293465313
-6.59999766748201
-6.599997986051611
-6.599998257494228
-6.599998488876961
-6.59999868620273
-6.599998854570709
-6.599998998312565
-6.599999121108246
-6.599999226084167
-6.59999931589668
-6.599999392802968
-6.599999458721146
-6.5999995152814215
-6.59999956386945
-6.599999605663196
-6.599999641664157
-6.599999672723966
-6.599999699567
-6.5999997228094145
-6.599999742975493
-6.599999760511441
-6.599999775797076
-6.599999789155857
-6.599999800863287
-6.59999981115409
-6.599999820228415
-6.599999828256863
-6.599999835385025
-6.5999998417371435
-6.599999847419343
-6.599999852522281
-6.599999857123498
-6.599999861289332
-6.599999865076576
-6.599999868533906
-6.599999871703076
-6.599999874619948
-6.599999877315301
-6.599999879815687
-6.599999882143904
-6.599999884319688
-6.59999988636004
-6.5999998882796875
-6.5999998900913965
-6.599999891806267
-6.599999893433908
-6.5999998949827505
-6.599999896460096
-6.59999989787241
-6.59999989922531
-6.599999900523751
-6.599999901772115
-6.599999902974286
-6.599999904133666
-6.599999905253338
-6.599999906336025
-6.599999907384136
-6.599999908399889
-6.599999909385259
-6.599999910342001
-6.599999911271749
-6.599999912175971
-6.599999913055995
-6.5999999139130505
-6.599999914748264
-6.599999915562687
-6.599999916357239
-6.599999917132833
-6.599999917890267
-6.599999918630308
-6.599999919353688
-6.599999920061043
-6.59999992075301
-6.59999992143018
-6.599999922093085
-6.599999922742258
-6.599999923378181
-6.5999999240013265
-6.5999999246121135
-6.599999925210967
-6.599999925798307
-6.599999926374444
-6.599999926939799
-6.599999927494684
-6.599999928039438
-6.599999928574346
-6.599999929099734
-6.599999929615862
-6.59999993012301
-6.599999930621441
-6.5999999311114035
-6.599999931593125
-6.599999932066861
-6.599999932532802
-6.599999932991185
-6.5999999334422
-6.599999933886046
-6.599999934322922
-6.599999934753001
-6.599999935176456
-6.599999935593473
-6.5999999360041866
-6.5999999364087785
-6.5999999368074045
-6.599999937200191
-6.599999937587302
-6.599999937968846
-6.599999938344975
-6.599999938715831
-6.5999999390815125
-6.599999939442149
-6.599999939797863
-6.599999940148756
-6.599999940494959
-6.5999999408365495
-6.599999941173651
-6.599999941506345
-6.59999994183474
-6.599999942158933
-6.599999942479004
-6.599999942795055
-6.599999943107157
-6.599999943415401
-6.599999943719862
-6.599999944020622
-6.599999944317753
-6.599999944611342
-6.59999994490145
-6.5999999451881495
-6.599999945471502
-6.599999945751584
-6.599999946028445
-6.599999946302161
-6.599999946572808
-6.59999994684041
-6.59999994710504
-6.599999947366751
-6.599999947625625
-6.5999999478816695
-6.5999999481349665
-6.59999994838555
-6.599999948633505
-6.599999948878828
-6.599999949121617
-6.5999999493618535
-6.599999949599648
-6.59999994983501
-6.599999950067993
-6.599999950298623
-6.599999950526955
-6.599999950753029
-6.599999950976872
-6.599999951198532
-6.599999951418049
-6.599999951635436
-6.599999951850761
-6.599999952064037
-6.599999952275291
-6.599999952484585
-6.599999952691921
-6.599999952897333
-6.599999953100879
-6.5999999533025555
-6.59999995350241
-6.5999999537004665
-6.5999999538967575
-6.599999954091306
-6.599999954284137
-6.599999954475283
-6.599999954664758
-6.599999954852591
-6.599999955038806
-6.599999955223456
-6.599999955406513
-6.599999955588032
-6.599999955768046
-6.599999955946549
-6.599999956123582
-6.59999995629914
-6.599999956473274
-6.599999956645995
-6.599999956817314
-6.599999956987249
-6.599999957155854
-6.599999957323096
-6.599999957489037
-6.599999957653667
-6.599999957817024
-6.59999995797909
-6.59999995813992
-6.5999999582995255
-6.599999958457895
-6.599999958615078
-6.5999999587710825
-6.599999958925906
-6.599999959079582
-6.59999995923211
-6.599999959383526
-6.599999959533828
-6.599999959683028
-6.599999959831151
-6.599999959978205
-6.599999960124203
-6.599999960269166
-6.59999996041308
-6.599999960555999
-6.599999960697912
-6.59999996083882
-6.599999960978751
-6.599999961117714
-6.599999961255726
-6.599999961392803
-6.59999996152893
-6.599999961664131
-6.599999961798435
-6.599999961931822
-6.599999962064331
-6.59999996219595
-6.599999962326713
-6.599999962456604
-6.599999962585649
-6.599999962713833
-6.599999962841205
-6.599999962967757
-6.599999963093498
-6.59999996321841
-6.599999963342548
-6.599999963465894
-6.599999963588471
-6.599999963710264
-6.599999963831305
-6.599999963951583
-6.599999964071119
-6.59999996418993
-6.599999964308014
-6.599999964425356
-6.599999964541999
-6.59999996465792
-6.599999964773165
-6.599999964887691
-6.599999965001556
-6.599999965114734
-6.599999965227241
-6.599999965339091
-6.59999996545027
-6.599999965560809
-6.599999965670703
-6.599999965779959
-6.599999965888578
-6.599999965996574
-6.599999966103962
-6.59999996621073
-6.599999966316879
-6.599999966422431
-6.599999966527397
-6.599999966631785
-6.599999966735561
-6.599999966838784
-6.599999966941413
-6.599999967043479
-6.599999967144994
-6.599999967245942
-6.599999967346344
-6.599999967446199
-6.599999967545516
-6.599999967644293
-6.599999967742537
-6.599999967840258
-6.599999967937447
-6.599999968034137
-6.599999968130302
-6.599999968225955
-6.599999968321123
-6.599999968415772
-6.599999968509933
-6.59999996860361
-6.599999968696801
-6.599999968789502
-6.599999968881729
-6.599999968973491
-6.599999969064778
-6.599999969155588
-6.599999969245959
-6.599999969335865
-6.599999969425301
-6.5999999695143075
-6.599999969602864
-6.599999969690979
-6.599999969778655
-6.5999999698659035
-6.599999969952706
-6.599999970039098
-6.599999970125049
-6.599999970210591
-6.599999970295718
-6.5999999703804235
-6.599999970464722
-6.599999970548618
-6.599999970632101
-6.599999970715199
-6.599999970797887
-6.5999999708801855
-6.599999970962088
-6.599999971043621
-6.599999971124753
-6.5999999712054915
-6.599999971285877
-6.599999971365878
-6.599999971445495
-6.599999971524756
-6.599999971603645
-6.599999971682173
-6.599999971760325
-6.599999971838141
-6.599999971915592
-6.599999971992686
-6.599999972069432
-6.599999972145823
-6.599999972221882
-6.599999972297585
-6.599999972372964
-6.599999972448002
-6.599999972522685
-6.599999972597043
-6.599999972671087
-6.599999972744799
-6.599999972818169
-6.599999972891226
-6.599999972963964
-6.599999973036379
-6.599999973108487
-6.599999973180267
-6.599999973251741
-6.599999973322902
-6.599999973393764
-6.599999973464315
-6.599999973534571
-6.599999973604525
-6.599999973674168
-6.599999973743527
-6.599999973812574
-6.599999973881346
-6.5999999739498225
-6.599999974018013
-6.5999999740859
-6.599999974153521
-6.599999974220854
-6.5999999742879085
-6.599999974354679
-6.599999974421175
-6.599999974487399
-6.599999974553347
-6.599999974619022
-6.599999974684419
-6.5999999747495615
-6.599999974814431
-6.599999974879042
-6.599999974943383
-6.599999975007455
-6.599999975071291
-6.599999975134855
-6.599999975198168
-6.599999975261227
-6.599999975324028
-6.599999975386579
-6.599999975448877
-6.5999999755109355
-6.5999999755727465
-6.5999999756343115
-6.59999997569563
-6.599999975756708
-6.599999975817544
-6.599999975878156
-6.599999975938504
-6.599999975998638
-6.599999976058529
-6.599999976118197
-6.599999976177621
-6.599999976236825
-6.5999999762957895
-6.599999976354533
-6.599999976413055
-6.599999976471343
-6.599999976529427
-6.599999976587275
-6.599999976644906
-6.599999976702312
-6.599999976759499
-6.599999976816489
-6.599999976873242
-6.599999976929796
-6.5999999769861315
-6.5999999770422395
-6.599999977098161
-6.59999997715386
-6.599999977209361
-6.599999977264658
-6.599999977319742
-6.599999977374626
-6.599999977429299
-6.599999977483779
-6.59999997753805
-6.59999997759213
-6.599999977646023
-6.599999977699701
-6.599999977753192
-6.599999977806477
-6.5999999778595875
-6.5999999779124865
-6.599999977965195
-6.599999978017736
-6.599999978070057
-6.599999978122202
-6.599999978174173
-6.5999999782259415
-6.599999978277532
-6.599999978328933
-6.599999978380149
-6.599999978431198
-6.599999978482056
-6.599999978532731
-6.599999978583226
-6.5999999786335515
-6.599999978683693
-6.599999978733662
-6.599999978783464
-6.599999978833075
-6.599999978882522
-6.599999978931793
-6.599999978980891
-6.59999997902982
-6.599999979078587
-6.599999979127169
-6.599999979175598
-6.599999979223854
-6.599999979271953
-6.599999979319872
-6.599999979367629
-6.599999979415233
-6.599999979462664
-6.5999999795099455
-6.599999979557049
-6.599999979604009
-6.599999979650795
-6.59999997969744
-6.5999999797439095
-6.599999979790234
-6.599999979836403
-6.599999979882398
-6.599999979928265
-6.599999979973964
-6.599999980019506
-6.599999980064913
-6.599999980110146
-6.599999980155241
-6.599999980200191
-6.5999999802449825
-6.599999980289625
-6.599999980334129
-6.599999980378483
-6.599999980422675
-6.599999980466745
-6.599999980510667
-6.599999980554437
-6.599999980598065
-6.599999980641554
-6.59999998068489
-6.599999980728095
-6.599999980771155
-6.599999980814082
-6.599999980856869
-6.599999980899517
-6.599999980942021
-6.599999980984392
-6.599999981026633
-6.599999981068731
-6.599999981110689
-6.599999981152519
-6.599999981194218
-6.599999981235785
-6.599999981277204
-6.599999981318505
-6.599999981359676
-6.599999981400716
-6.5999999814416155
-6.599999981482389
-6.5999999815230375
-6.599999981563554
-6.599999981603953
-6.599999981644215
-6.5999999816843555
-6.599999981724367
-6.599999981764257
-6.599999981804015
-6.599999981843665
-6.599999981883171
-6.599999981922556
-6.599999981961831
-6.599999982000975
-6.599999982040011
-6.599999982078918
-6.599999982117703
-6.599999982156361
-6.599999982194916
-6.59999998223334
-6.599999982271656
-6.59999998230985
-6.599999982347924
-6.5999999823858895
-6.5999999824237285
-6.5999999824614495
