7.302074011528945e-12
-1.1326257778001342e-07
-1.1326257843385355e-07
7.023851324695421e-05
-1.1326257582922463e-07
7.02385132494791e-05
7.023851325044217e-05
-0.700996891288392
-1.1326258323087996e-07
3.7185488020273655e-07
3.718548788298864e-07
5.656624646486311e-09
-0.00727420662999828
0.005125482249742373
0.005125482249742708
7.023851325218602e-05
-1.1326257851645487e-07
-0.007274206630000762
3.7185487896254135e-07
0.005125482249734987
3.7185488018240754e-07
0.005125482249743933
5.656621704779825e-09
7.02385132497684e-05
7.023851325241084e-05
0.0051254822497398475
5.656624036527376e-09
3.7185488392497974e-07
0.005125482249721904
-0.007274206629999406
3.718548792038205e-07
-1.132625787809671e-07
-1.1326257805543106e-07
3.718548820496044e-07
-0.007274206629995669
0.005125482249735528
3.7185487961259625e-07
5.656620727034662e-09
0.005125482249738097
7.023851325003769e-05
7.023851325312e-05
5.656620697796242e-09
0.005125482249734001
3.718548827565643e-07
0.005125482249733803
3.7185487750226824e-07
-0.0072742066299942955
-1.1326257994162634e-07
7.023851324665935e-05
0.005125482249731746
0.005125482249733781
-0.007274206629996283
5.656618453738083e-09
3.718548793799285e-07
3.718548816692956e-07
-1.132625788495988e-07
-0.7009968912883843
7.023851324768765e-05
7.023851324912525e-05
-1.1326258114583231e-07
7.023851325010974e-05
-1.1326257850669016e-07
-1.1326257750768018e-07
7.301886878191018e-12
