-6.705899994299527e-16
-3.1007232972194364e-16
-3.201021283176998e-16
-4.946140078903272e-16
-1.0693978227160947e-16
-6.385513959008595e-16
-8.297425445364581e-16
-6.819259220375787e-14
-2.9330639883340447e-16
-2.771949386326434e-16
-8.268326966449847e-16
1.6247675810286808e-14
1.982574476541973e-12
5.793442665126302e-13
5.796830363839551e-13
-3.3482812002800235e-13
-2.7529714378572246e-16
1.9823330053662117e-12
-1.1460384518388792e-16
5.794719224675357e-13
-1.9788856253950397e-16
5.794820500029075e-13
1.650284428359934e-14
-3.339923450363637e-13
-2.2436836749155883e-17
5.794349090156326e-13
1.681704805944478e-14
-5.723063938732479e-13
5.796467785091781e-13
-1.1269113441606908e-11
-5.723376807686066e-13
2.871190000132066e-13
-1.096772530826649e-16
-4.4329014093485537e-16
1.9823644195985883e-12
5.798098487297949e-13
-1.8327713574387006e-16
1.6298959708413077e-14
5.797693011206777e-13
-3.3386083479928133e-13
-5.96877633634918e-16
1.6602446756640678e-14
5.793752595239444e-13
-5.722574800688767e-13
5.79278083344443e-13
-5.724193086902587e-13
-1.1269122622800747e-11
2.8694977853102787e-13
-3.999536880337231e-16
5.797211642118169e-13
5.797698939779187e-13
-1.126921659089059e-11
1.64471776955086e-14
-5.723438649407521e-13
-5.721296819412423e-13
2.872452709874081e-13
-6.847610546377822e-14
-3.3409223801620637e-13
-3.3417313554308583e-13
2.874439014992402e-13
-3.3442926447988325e-13
2.873532344735899e-13
2.8755861956507517e-13
2.887658877072771e-16
3.9506009471099256e-16
1.9830607476819918e-12
-1.0675657634841755e-15
5.9077687593351234e-12
-1.0465370874189565e-15
5.907855559318939e-12
4.3587945555031475e-13
5.0855097212414e-10
-5.648515192637572e-17
2.0511476154562658e-13
1.1499352647188402e-12
7.152569705997695e-14
5.4038951967667005e-12
-2.8079922762813273e-10
-5.690524024963432e-10
-7.3289712557463e-10
1.9828576095142663e-12
-1.2405152987814659e-06
5.403400325362629e-12
1.481655736403412e-06
5.403803376631088e-12
1.481655737225874e-06
-4.2595181748896856e-10
2.806210658224389e-09
5.79637810973342e-13
7.299616285548905e-07
1.885567061009316e-13
-1.0831685795744857e-09
-1.798659565439046e-10
-1.261632696502526e-06
-7.127873292345173e-10
3.271135504729546e-09
-5.499609692108869e-16
2.0478371043303825e-13
5.4034744611028176e-12
-2.8079893807526997e-10
1.1497319368400655e-12
7.104009151838002e-14
-5.690522346032653e-10
-7.328969989651161e-10
1.6389710453705983e-14
-5.9257087822904e-13
1.8874521138906094e-13
-2.1152845772300044e-13
1.8859191589361984e-13
-2.119802109697575e-13
3.3869517977564635e-10
9.576372936073062e-14
5.794428087189193e-13
7.299616284998572e-07
-1.7986534769187806e-10
-1.2616326964790587e-06
1.8890086771787896e-13
-1.0831686967889834e-09
-7.12787537410494e-10
3.2711356878860994e-09
-3.3425478291807943e-13
5.961074315373392e-11
-3.522608641099175e-13
-5.2583185312231965e-12
-3.5223391360253496e-13
-5.258630150701552e-12
-2.0765107540753788e-13
2.872415383838983e-13
7.102272581941051e-16
-1.3018043044113334e-15
1.9829225237463985e-12
5.907938589729288e-12
-7.826365287854907e-16
4.35475491263779e-13
5.908090860642509e-12
5.085502322463718e-10
-1.944829518702323e-16
1.149513499231679e-12
2.0480892041223115e-13
7.110773983068217e-14
5.403725780535196e-12
-5.690519076699183e-10
-2.807990673298959e-10
-7.328969654217419e-10
-4.2039182951722006e-16
5.4031689499667424e-12
2.0450429178216677e-13
-2.8079893402161487e-10
1.1501795373065235e-12
-5.690527791546484e-10
7.175166021374185e-14
-7.328972637629801e-10
1.620405732905869e-14
1.8873977428248149e-13
-5.925152343941807e-13
-2.1213782002822257e-13
1.8914958295727917e-13
3.386950403963442e-10
-2.1219822942978003e-13
9.598391049563935e-14
1.9831337772439593e-12
5.403726225260759e-12
-1.2405152984182899e-06
1.4816557371545627e-06
5.40374689812319e-12
-4.2595187029478005e-10
1.4816557370763886e-06
2.80620874008404e-09
5.794500556743771e-13
1.8905521787277296e-13
7.299616288823978e-07
-1.0831687942619886e-09
-1.7986596686949507e-10
-7.127868516742038e-10
-1.2616326966261013e-06
3.27113518433067e-09
5.791357183566423e-13
-1.7986582591516214e-10
7.299616282707161e-07
-1.2616326964332783e-06
1.8830072827281555e-13
-7.127869406960856e-10
-1.0831690137267128e-09
3.2711357515719983e-09
-3.343450453862768e-13
-3.527256688857125e-13
5.960991433227719e-11
-5.2584847593037026e-12
-3.5249586893384463e-13
-2.0828714442371963e-13
-5.258546350525541e-12
2.870557722457524e-13
-6.562963249580539e-16
5.908048879949334e-12
5.907863162578351e-12
6.96802523959024e-11
4.3499716319805455e-13
-9.580776745974345e-10
-9.58078338429024e-10
1.9699145649355385e-05
1.625205142917778e-14
7.099872772194008e-14
7.105235663776891e-14
-2.021298490034109e-09
-4.2595120459550517e-10
1.218776304258191e-09
1.218776142380063e-09
-4.89210304614641e-10
5.798109427178345e-13
1.4816557372721845e-06
-2.80799260162854e-10
-4.836100243984617e-06
-5.690524299729911e-10
-6.239082924376674e-06
1.2187757161097979e-09
1.4526036158880651e-05
-5.721200969088214e-13
-1.083168529024146e-09
-2.118264528426928e-13
1.9148246695176124e-09
-7.127868135365818e-10
8.847631923110439e-11
3.077422783468568e-09
-7.328965057527691e-10
5.792804578956702e-13
-2.8079901901258776e-10
1.4816557373673984e-06
-4.836100244386497e-06
-5.690523602110274e-10
1.2187751001555241e-09
-6.239082924717292e-06
1.4526036160259548e-05
-5.724480162366878e-13
-2.1199142727610482e-13
-1.0831685611452457e-09
1.9148252884477923e-09
-7.127868706328605e-10
3.0774225759178246e-09
8.847696859634711e-11
-7.328966657461094e-10
-1.1269183463493058e-11
-1.261632696782035e-06
-1.2616326971395784e-06
8.197249391158091e-06
3.386948591377978e-10
8.847660796344784e-11
8.847622891235202e-11
2.8062087655443706e-09
2.871479880327689e-13
-5.258907102618689e-12
-5.258462155209661e-12
5.961043325528934e-11
-2.0823875417669064e-13
-3.523528920927885e-13
-3.5211964000630703e-13
-3.3475390791898006e-13
1.819855424711564e-16
-6.273715080971898e-16
-1.118197636890121e-15
4.355438698118317e-13
1.983066785179888e-12
5.90770472249577e-12
5.908177648845152e-12
5.085507498454294e-10
1.9826726618788536e-12
5.40364145470189e-12
5.403990981912836e-12
-4.259510279019905e-10
-1.2405152983453066e-06
1.4816557363116148e-06
1.4816557367430132e-06
2.806209055920701e-09
-1.340232211947198e-16
5.4036019029803855e-12
1.149491578524618e-12
-5.690529645836987e-10
2.0464648339011673e-13
-2.807993238893583e-10
7.08877227914125e-14
-7.328964681498945e-10
5.792605720156737e-13
-1.798660890461782e-10
1.88823257852093e-13
-7.127871889138117e-10
7.299616283975863e-07
-1.2616326960896857e-06
-1.0831682687835935e-09
3.2711358817420918e-09
-9.967146454181205e-17
1.1497085191434154e-12
5.403906075733907e-12
-5.690523250538753e-10
2.048730847333907e-13
7.091013510615632e-14
-2.8079913927630676e-10
-7.328971741600971e-10
5.791543953653916e-13
1.8901193639166207e-13
-1.7986596264286177e-10
-7.127877504219894e-10
7.299616286955798e-07
-1.083167988933449e-09
-1.2616326973781704e-06
3.2711361000932885e-09
1.6312507123183327e-14
1.886731619390144e-13
1.8851720380649162e-13
3.3869451757217286e-10
-5.923343742248956e-13
-2.1177537655416538e-13
-2.1193552923185533e-13
9.615749469702485e-14
-3.344445285594634e-13
-3.5257828925644616e-13
-3.531594276281965e-13
-2.080296234179704e-13
5.961000752534661e-11
-5.258447557654169e-12
-5.258520060166524e-12
2.8719340083067907e-13
-7.011114825882657e-16
5.907979272381048e-12
4.3512047686936067e-13
-9.5807770040682e-10
5.907419403738028e-12
6.968022081390185e-11
-9.580792624293334e-10
1.969914564881491e-05
5.792606146610469e-13
-2.807988170839029e-10
-5.690526463423365e-10
1.2187758100512043e-09
1.481655736736294e-06
-4.836100242977884e-06
-6.239082924776813e-06
1.452603616021242e-05
5.796294386001035e-13
1.4816557368655113e-06
-5.690522281206079e-10
-6.239082924977172e-06
-2.8079910427169626e-10
-4.836100242440897e-06
1.218775955895172e-09
1.4526036159945321e-05
-1.1269193763032126e-11
-1.261632696905131e-06
3.386952032146606e-10
8.84769321051616e-11
-1.2616326966155136e-06
8.19724939017994e-06
8.847665527929491e-11
2.8062091190666815e-09
1.641142296679685e-14
7.117142136845391e-14
-4.2595241076891576e-10
1.2187762144028486e-09
7.084985843815191e-14
-2.021298597924459e-09
1.2187757066351551e-09
-4.892098405366855e-10
-5.722469802647027e-13
-2.1195743730897343e-13
-7.127872621177197e-10
3.0774228451640263e-09
-1.0831686536757002e-09
1.914825427047935e-09
8.847673090343746e-11
-7.328964729585918e-10
-5.722932753414274e-13
-1.0831680322717498e-09
-7.127870979444123e-10
8.847687074683067e-11
-2.115827479652832e-13
1.914825157185413e-09
3.0774228958540322e-09
-7.328966271779489e-10
2.8700290965888083e-13
-5.258080530952236e-12
-2.073106733978951e-13
-3.5292037956711295e-13
-5.258182383648892e-12
5.960991000828562e-11
-3.5231020371341365e-13
-3.347394517560835e-13
-6.447008949600386e-16
4.3568280116374934e-13
5.907909722434201e-12
-9.580779580309285e-10
5.907683631102391e-12
-9.580784714799079e-10
6.968045308563184e-11
1.969914564793238e-05
5.795899067738831e-13
-5.690524291866266e-10
-2.8079884775683264e-10
1.218775778913669e-09
1.4816557371674573e-06
-6.239082925044784e-06
-4.836100244319889e-06
1.452603615937283e-05
1.64522887764373e-14
-4.259518963501409e-10
7.113426773215679e-14
1.2187762194796477e-09
7.093278327298171e-14
1.2187763279251583e-09
-2.0212989583347456e-09
-4.892099148264781e-10
-5.721109927378308e-13
-7.127877561559683e-10
-2.1214233551402092e-13
3.0774228769007837e-09
-1.083168601630345e-09
8.847671498999485e-11
1.9148247106700547e-09
-7.328968134029304e-10
5.797858917239859e-13
-5.690527926640596e-10
1.481655736557472e-06
-6.239082924769907e-06
-2.8079899069499545e-10
1.218777027998113e-09
-4.836100242777543e-06
1.4526036159401326e-05
-1.1268912120697215e-11
3.386951024633385e-10
-1.261632696959234e-06
8.84769155793248e-11
-1.261632696935992e-06
8.847646507032257e-11
8.197249390401562e-06
2.8062094064949396e-09
-5.723867765118166e-13
-7.127874994984084e-10
-1.0831682145009736e-09
8.847632967534973e-11
-2.1168351942250443e-13
3.0774230273095036e-09
1.91482546988611e-09
-7.328963082474759e-10
2.868489191213142e-13
-2.0753880656492904e-13
-5.258227734912018e-12
-3.527288581430864e-13
-5.258595317368845e-12
-3.5240600285082393e-13
5.961017099920979e-11
-3.3432545570373415e-13
-6.848791252168248e-14
5.085501257984621e-10
5.085510718321482e-10
1.969914564761012e-05
5.085499869675927e-10
1.969914564887283e-05
1.96991456482335e-05
-0.019250254053583007
-3.342889101823946e-13
-7.328973763430544e-10
-7.328971404065574e-10
-4.892099457985461e-10
2.8062094605032443e-09
1.4526036159379042e-05
1.4526036159692526e-05
1.9699145648125886e-05
-3.3446329977207267e-13
2.8062089211244074e-09
-7.328966828997266e-10
1.4526036159491186e-05
-7.328966527414487e-10
1.4526036159912793e-05
-4.892098632806549e-10
1.9699145648143037e-05
2.868045395641098e-13
3.271135648894192e-09
9.607755323533499e-14
-7.32896031100206e-10
3.2711355251509648e-09
2.80620969953549e-09
-7.328961932942095e-10
5.085507288610523e-10
-3.345637896350212e-13
-7.328966888231592e-10
2.806209372565521e-09
1.4526036159580656e-05
-7.328969798642992e-10
-4.892103071744562e-10
1.4526036160795905e-05
1.9699145649071704e-05
2.874062714829821e-13
9.541192558636235e-14
3.271135018991052e-09
-7.328961444665526e-10
3.2711353581633434e-09
-7.328959411167185e-10
2.806209174432328e-09
5.08550814386778e-10
2.8720265313851065e-13
3.2711357972384135e-09
3.2711363829729222e-09
2.8062090378179387e-09
9.549963857593504e-14
-7.328965464571545e-10
-7.328965244480859e-10
5.085509751131015e-10
4.373000855431454e-16
2.8721753046618367e-13
2.869308241599832e-13
-3.34204323685101e-13
2.8703590583288485e-13
-3.346307652964937e-13
-3.3499271488635666e-13
-6.821398690600293e-14
3.2753257122815363e-16
-6.708680833822456e-16
-4.173333641136064e-16
1.6590797882209868e-14
1.982992207485438e-12
5.793622552149282e-13
5.796661426722706e-13
-3.346514457744325e-13
1.9821641548506215e-12
2.0451346348385988e-13
2.0460109563148633e-13
-5.929686147315594e-13
-1.2405152982321637e-06
7.29961628810875e-07
7.299616289910485e-07
5.961022380880818e-11
-7.864152834792058e-16
5.4039164298604166e-12
1.1495421359788393e-12
1.8879769192603423e-13
5.4036375824018375e-12
-1.7986595569649915e-10
1.886994307750303e-13
-3.5268691408545807e-13
5.908240224811864e-12
-2.8079888591896845e-10
7.114403112268388e-14
-2.1205003660882372e-13
1.4816557361135305e-06
-1.261632696927579e-06
-1.0831683551015903e-09
-5.25829367974035e-12
-9.758072469384104e-16
1.1499788127808773e-12
5.403994594559302e-12
1.8889348006082597e-13
5.40372394862082e-12
1.891333618849331e-13
-1.7986591867744529e-10
-3.53131080437297e-13
5.908085540099808e-12
7.120774394644482e-14
-2.807987025828601e-10
-2.121314722135714e-13
1.4816557368038371e-06
-1.0831683523502035e-09
-1.2616326967971621e-06
-5.258919867051799e-12
4.3545361789426e-13
-5.690528307959349e-10
-5.690527403712178e-10
3.3869533666205807e-10
-4.259514992000195e-10
-7.127874960758592e-10
-7.127868284108361e-10
-2.0787325669133237e-13
5.085500117904888e-10
-7.328964237879831e-10
-7.328967482845652e-10
9.583250847196687e-14
2.806208495813282e-09
3.2711351908983064e-09
3.2711355272269246e-09
2.869216379177368e-13
-2.1574101557655038e-16
2.044287081109735e-13
1.1498314123403682e-12
7.110528902325662e-14
5.403642165059928e-12
-2.8079878947162726e-10
-5.690521508574335e-10
-7.328966938921013e-10
2.0490857907887775e-13
-6.700442739768095e-12
-2.0272806274951558e-12
9.28246364038357e-14
1.3607781636348853e-06
-1.1594437974040811e-06
-5.798213979494922e-07
1.914825561446047e-09
5.404159492050662e-12
1.3607781627335002e-06
-1.481382567951001e-11
8.185151493946743e-10
4.12392257446415e-09
-5.836946913657473e-06
1.0338448862327237e-09
8.84770635594376e-11
-2.807989232374764e-10
-1.1594437968851737e-06
-8.007501334124773e-12
-2.7159597856539937e-11
-5.836946913654996e-06
9.11837798179074e-06
-1.8502976420868862e-11
-1.0831686654278119e-09
1.149684524693339e-12
-2.02727818450483e-12
-1.481408049710385e-11
-8.007354863835744e-12
-1.4814912211929767e-11
-8.006788794934904e-12
1.2572420164910264e-09
3.077423327657483e-09
7.089823284266736e-14
9.285070391001225e-14
-8.007198943807372e-12
-6.703575090035576e-13
8.185151414734086e-10
-2.715987803259228e-11
-1.7306352652082181e-09
-2.1220020449040732e-13
-5.690524704417823e-10
-5.79821398313295e-07
1.2572421190826925e-09
-1.7306356353131592e-09
1.0338456246661525e-09
-1.850311037538756e-11
1.0697818781946826e-09
-7.127873224220386e-10
-7.328967432247881e-10
1.914825404225816e-09
3.07742238084069e-09
-2.1204394520395734e-13
8.847738239472238e-11
-1.0831685626882068e-09
-7.127868892486041e-10
-5.720769222399001e-13
-4.389607420435165e-16
1.1496427744851485e-12
2.0472054664882307e-13
7.142863422783713e-14
5.403675503701935e-12
-5.690521991668179e-10
-2.8079873151040567e-10
-7.328965474871706e-10
2.0471909534447637e-13
-2.027269476535657e-12
-6.699998930502939e-12
9.256479671598299e-14
1.360778162614114e-06
-5.798213983023858e-07
-1.1594437969688212e-06
1.9148251235946307e-09
1.1498503020735911e-12
-1.4814188416654082e-11
-2.0273793190491357e-12
-8.00718086650856e-12
-1.481447278267889e-11
1.2572419449546955e-09
-8.006871950802154e-12
3.077423202800155e-09
7.11118071909501e-14
-8.007504577750304e-12
9.289681166925217e-14
-6.705265061576748e-13
8.185149521223127e-10
-1.7306353224124245e-09
-2.7160143606400425e-11
-2.1152811519365248e-13
5.4039982271260446e-12
-1.4814285903584905e-11
1.360778163196935e-06
8.185148313391216e-10
4.123922342815655e-09
1.0338453708712685e-09
-5.836946914252103e-06
8.84767696332592e-11
-2.8079911628149787e-10
-8.0072838210941e-12
-1.159443797539394e-06
-2.7159756104281714e-11
-5.836946913305408e-06
-1.8503146175516764e-11
9.118377981825552e-06
-1.083168450628226e-09
-5.690529523329491e-10
1.2572419619219772e-09
-5.798213984913065e-07
-1.7306356563947743e-09
1.0338451557219687e-09
1.0697822460954096e-09
-1.8502841709805812e-11
-7.127868719387031e-10
-7.328968632501344e-10
3.0774225781427386e-09
1.9148250151644277e-09
-2.1200491004952816e-13
8.847755527648846e-11
-7.12787359920709e-10
-1.0831683982378083e-09
-5.720664349073553e-13
1.6372483947523655e-14
7.129736720273119e-14
7.14903363911004e-14
-2.021299249730853e-09
-4.2595148764455433e-10
1.2187759366601961e-09
1.2187762895605603e-09
-4.892092527919518e-10
-5.921032003475359e-13
9.289872881295216e-14
9.268068863207484e-14
-4.752243112170738e-13
2.1046402869577093e-09
3.709494506723274e-10
3.709496161789928e-10
-2.0212986973665006e-09
1.8844007708683766e-13
8.185157513445994e-10
-8.007290322928012e-12
3.709495793375373e-10
1.0338456764876618e-09
-2.7397461482751455e-08
1.8499774192402161e-09
1.2187759229481272e-09
-2.1198395936023458e-13
-2.7160133687757342e-11
-6.707181534548252e-13
9.237975751229593e-14
-1.7306360289560454e-09
8.185147361888508e-10
-8.007234005712787e-12
7.152915492673671e-14
1.890618830795355e-13
-8.00677030748272e-12
8.185146836670605e-10
3.709497696532654e-10
1.0338453892685044e-09
1.8499772653752895e-09
-2.7397461088186835e-08
1.2187757859033744e-09
-2.1198139415081982e-13
-6.704594219269574e-13
-2.7160139093451307e-11
9.278366415143452e-14
-1.7306354431896896e-09
-8.007011970995677e-12
8.18514944756944e-10
7.184755758060653e-14
3.386951328767363e-10
-1.7306347711254865e-09
-1.730635155055066e-09
2.104640164920926e-09
1.3525911886244877e-09
1.0338451061381355e-09
1.0338453446583452e-09
-4.2595141343875135e-10
9.631185881679937e-14
-2.123001144896957e-13
-2.117802324315501e-13
-5.928610931477998e-13
3.3869531970864224e-10
1.889629178186553e-13
1.88469057123517e-13
1.64697665915871e-14
1.9833958867983794e-12
5.403805323197434e-12
5.403762911147272e-12
-4.2595155691902305e-10
-1.2405152983953611e-06
1.4816557367459587e-06
1.4816557366675675e-06
2.8062088988301474e-09
-1.2405152980172797e-06
1.3607781623920292e-06
1.3607781627076074e-06
2.10463956708134e-09
0.13992927930171686
-0.08262326854673473
-0.08262326854673151
8.197249390338116e-06
5.4037828517203295e-12
4.123922393638148e-09
-1.4814188314715345e-11
1.0338452942050072e-09
1.3607781632071223e-06
-5.836946913970086e-06
8.185153652280304e-10
8.847693091500105e-11
1.4816557366752291e-06
-5.83694691367007e-06
8.185153069727436e-10
-1.7306345575200216e-09
-0.08262326854673248
0.07051978760189691
9.118377981691178e-06
-1.2616326965313397e-06
5.403795011867421e-12
-1.4814632645727042e-11
4.123922735982278e-09
1.0338452702007383e-09
1.3607781631527493e-06
8.185149604546545e-10
-5.83694691320986e-06
8.847668577947554e-11
1.481655736414223e-06
8.185153479715969e-10
-5.836946913576313e-06
-1.7306354882144774e-09
-0.08262326854673066
9.118377981571969e-06
0.07051978760189687
-1.261632696714833e-06
-4.259517139614437e-10
1.033845691757292e-09
1.0338454611084592e-09
1.3525915704225813e-09
2.1046391655003378e-09
-1.7306354501497e-09
-1.7306351406697874e-09
3.386949244424546e-10
2.8062094154854644e-09
8.847679654114244e-11
8.847686139727081e-11
3.3869541091421594e-10
8.197249389577694e-06
-1.2616326970111356e-06
-1.2616326969259905e-06
-1.126909797061292e-11
5.7893737989149e-13
-2.8079922434104136e-10
-5.690527793118607e-10
1.2187763532882711e-09
1.4816557369635782e-06
-4.8361002439753155e-06
-6.239082925080241e-06
1.4526036160090013e-05
7.299616290519838e-07
-1.159443797159755e-06
-5.798213984876705e-07
3.7094923967882254e-10
-0.08262326854673223
0.0706304871615466
0.035855518902539824
-4.836100244942676e-06
-1.798657943415211e-10
-5.836946914091202e-06
1.2572417964497826e-09
-2.73974620170802e-08
-5.836946914440501e-06
0.03585551890254216
-2.739746157062673e-08
-6.239082924426002e-06
-1.2616326971974218e-06
9.118377982170697e-06
-1.7306349195990762e-09
8.185149463396446e-10
0.07051978760189687
-0.08262326854673022
-5.8369469139500485e-06
1.481655736835699e-06
1.882930432130878e-13
-8.006781433589058e-12
1.0338455824097331e-09
1.8499766625137316e-09
8.185147051597485e-10
3.7094974178844635e-10
-2.739746199112174e-08
1.218776204821849e-09
-1.083168580930437e-09
-2.7159860552023453e-11
-1.8503225696534693e-11
-8.007088282756613e-12
9.118377982473467e-06
-1.159443797494229e-06
-5.836946913667251e-06
-2.807992054251951e-10
-7.127874196157397e-10
-1.850308063277168e-11
1.0697824225192495e-09
1.033845245253082e-09
-1.7306358306640773e-09
-5.798213985903687e-07
1.2572421948986047e-09
-5.690523909426296e-10
3.2711349800743155e-09
-1.0831686405562205e-09
-7.127873822803396e-10
1.8905943026855354e-13
-1.2616326963878218e-06
7.299616285829309e-07
-1.7986622558647416e-10
5.794220501831935e-13
5.791359930929454e-13
-5.690529110896923e-10
-2.8079933400144854e-10
1.2187759316111392e-09
1.4816557369949703e-06
-6.239082924929081e-06
-4.836100242837253e-06
1.452603616033934e-05
7.299616293925511e-07
-5.798213983553566e-07
-1.1594437968058342e-06
3.709493785564798e-10
-0.08262326854673337
0.035855518902543765
0.07063048716154441
-4.836100243652184e-06
1.886048186746391e-13
1.0338457857037663e-09
-8.006768129868058e-12
1.8499773004027338e-09
8.185154537272282e-10
-2.739746137226767e-08
3.709495051434659e-10
1.2187758126320806e-09
-1.0831683699758718e-09
-1.8502945590258677e-11
-2.715968805934573e-11
-8.007142037553626e-12
9.118377981905759e-06
-5.836946914097261e-06
-1.1594437969495687e-06
-2.8079981437631285e-10
-1.79865644935919e-10
1.2572415249084377e-09
-5.836946913923857e-06
-2.7397461194405445e-08
-5.8369469133468695e-06
-2.7397462045604468e-08
0.035855518902543765
-6.239082923900113e-06
-1.2616326966497852e-06
-1.7306351821817846e-09
9.118377981863766e-06
8.185152121573058e-10
0.07051978760189746
-5.836946914034784e-06
-0.08262326854673027
1.4816557360688277e-06
-7.127875101065381e-10
1.0697825163821768e-09
-1.850370712512625e-11
1.0338448340935823e-09
-1.7306356193471e-09
1.2572421497047823e-09
-5.798213991037714e-07
-5.690522130303579e-10
3.271135446719542e-09
-7.127878083626896e-10
-1.0831687151752414e-09
1.8867501045712166e-13
-1.2616326963339467e-06
-1.7986574548632723e-10
7.299616288785426e-07
5.796682926990972e-13
-3.3448806972011157e-13
-7.328967531304921e-10
-7.328962653635268e-10
-4.892095267308595e-10
2.8062089563019893e-09
1.4526036160069243e-05
1.452603615952727e-05
1.969914564970217e-05
5.96104321911114e-11
1.914825374965913e-09
1.9148254034692826e-09
-2.0212986087290666e-09
8.197249390046198e-06
-4.8361002439127994e-06
-4.8361002445281265e-06
6.96797581262304e-11
-3.523552578377644e-13
8.847678935551824e-11
3.0774230620352157e-09
1.2187755438485602e-09
8.847673969542421e-11
-6.239082925130716e-06
1.218776339320311e-09
-9.58078117911416e-10
-5.25862355542987e-12
-1.0831682778034515e-09
-2.1207216089233572e-13
7.154654133465223e-14
-1.26163269666747e-06
1.481655736408769e-06
-2.8079912466516063e-10
5.9080461919407715e-12
-3.52584213700157e-13
3.0774226952975543e-09
8.847747388074566e-11
1.2187753901275568e-09
8.84771188741735e-11
1.2187766352852067e-09
-6.239082924333818e-06
-9.580789920902318e-10
-5.258401605787826e-12
-2.118577771549604e-13
-1.0831684781242912e-09
7.140772407578914e-14
-1.2616326969592347e-06
-2.8079922531404487e-10
1.4816557361173538e-06
5.90829244782357e-12
-2.078769060126945e-13
-7.127874290083087e-10
-7.127872416922296e-10
-4.2595210504420307e-10
3.3869476860526445e-10
-5.690527994345287e-10
-5.690521667713431e-10
4.3596068450539675e-13
2.8708216045239983e-13
-5.723399644620772e-13
-5.725248147615444e-13
1.6221281223684973e-14
-1.1268323224533507e-11
5.792965920393628e-13
5.794232575890035e-13
-4.942105692557204e-16
1.457797814050987e-16
1.982720900042483e-12
-9.724715485385023e-17
5.793479504883463e-13
-7.198524611691153e-16
5.793763411629644e-13
1.623749817832459e-14
-3.3430840692798847e-13
-1.1508298353272379e-15
5.403892811180248e-12
1.1499126511854262e-12
1.8876106946297734e-13
5.403772121385808e-12
-1.7986589633327146e-10
1.8901059773779978e-13
-3.5297880169486873e-13
1.983140721439379e-12
-1.2405152985816482e-06
2.046967793877952e-13
7.299616292916864e-07
2.0481856328353786e-13
7.299616285001716e-07
-5.930001836358248e-13
5.96100454540944e-11
5.9079155504698895e-12
1.481655736457717e-06
7.158751839852717e-14
-1.0831686006028323e-09
-2.807995239036242e-10
-1.2616326961574202e-06
-2.1188368225874853e-13
-5.25840573992955e-12
-1.078816632542349e-15
5.4037838889668134e-12
5.403557380120658e-12
-1.7986577962226116e-10
1.149563171024383e-12
1.8852891613194273e-13
1.885432941289608e-13
-3.523893741936478e-13
4.352530506988433e-13
-4.259522753469137e-10
-5.690520996665028e-10
-7.127871189888039e-10
-5.690527732989762e-10
-7.127869684131481e-10
3.3869504540514663e-10
-2.0761888864582205e-13
5.907756681122856e-12
1.4816557366260525e-06
-2.807991374621349e-10
-1.2616326955528557e-06
7.116694797314273e-14
-1.0831690218579848e-09
-2.125795684754377e-13
-5.258524950337136e-12
5.085508035850163e-10
2.806209642975065e-09
-7.328961028691106e-10
3.271135436843807e-09
-7.328965903771872e-10
3.27113525298932e-09
9.58585599857138e-14
2.867804560152514e-13
1.982959896723282e-12
-1.2405152984073306e-06
5.40402437173502e-12
1.481655736026229e-06
5.403732197532404e-12
1.4816557364648922e-06
-4.259513818401866e-10
2.8062082252671163e-09
5.403658991040639e-12
1.3607781631309937e-06
-1.4814467378047857e-11
8.185151031116331e-10
4.123922112151902e-09
-5.836946912723056e-06
1.0338459820631262e-09
8.847643834690319e-11
-1.240515298634951e-06
0.13992927930171484
1.3607781631481245e-06
-0.08262326854672773
1.3607781627046456e-06
-0.08262326854673062
2.104639576713537e-09
8.197249389321243e-06
1.4816557372462183e-06
-0.08262326854672732
8.185150225269763e-10
9.118377981568552e-06
-5.8369469137306415e-06
0.0705197876018952
-1.7306352121581007e-09
-1.2616326974728422e-06
5.403917639589729e-12
1.360778162758592e-06
4.1239219058270376e-09
-5.836946913098107e-06
-1.4814359362886863e-11
8.185146927883896e-10
1.0338450713892565e-09
8.84768826314918e-11
-4.259520887006581e-10
2.104639810831665e-09
1.0338455842612109e-09
-1.7306348902178088e-09
1.033844992690884e-09
-1.730635057924889e-09
1.3525917396524457e-09
3.3869522537903086e-10
1.4816557371014686e-06
-0.08262326854673126
-5.836946914384915e-06
0.07051978760189603
8.185151836643291e-10
9.118377981992797e-06
-1.7306358564415876e-09
-1.2616326969749213e-06
2.8062094870252087e-09
8.197249389488345e-06
8.847712559105903e-11
-1.261632696999817e-06
8.847656084407324e-11
-1.261632696694901e-06
3.386953572436995e-10
-1.126863701000622e-11
-3.195992875584804e-16
5.403241734334355e-12
2.046380179208584e-13
-2.8079923698372935e-10
1.1498321674058452e-12
-5.690524126828446e-10
7.138454553534506e-14
-7.328972718587598e-10
1.149530912720046e-12
-1.4814373041533685e-11
-2.0270132723103153e-12
-8.006896511771456e-12
-1.4814412598907268e-11
1.257242048665069e-09
-8.007333443250908e-12
3.0774228057776373e-09
2.0476831348298782e-13
1.3607781628666256e-06
-6.7003199643325914e-12
-1.1594437971821545e-06
-2.027086849351081e-12
-5.798213987751566e-07
9.342872375946634e-14
1.914824861240847e-09
7.144598613597265e-14
8.185148770767485e-10
9.28968603385946e-14
-2.715982693631527e-11
-8.007590580609239e-12
-1.7306351830929954e-09
-6.704968144737084e-13
-2.1200622496366783e-13
5.403764351304631e-12
4.12392233493789e-09
1.3607781621875335e-06
-5.836946913731667e-06
-1.48142954846463e-11
1.0338460453970922e-09
8.185147216788581e-10
8.847744310301619e-11
-5.690522342198272e-10
1.0338453505452833e-09
-5.798213979639526e-07
-1.8503205330751357e-11
1.2572418913469013e-09
1.0697824337669483e-09
-1.7306353833774734e-09
-7.127872427999603e-10
-2.8079897434776016e-10
-5.836946913459907e-06
-1.15944379696834e-06
9.118377981760765e-06
-8.007241290644804e-12
-1.8502492269261744e-11
-2.7160448533638957e-11
-1.083168818153192e-09
-7.32896401354569e-10
8.847817450626119e-11
1.9148255890013028e-09
-1.0831684321877256e-09
3.0774230101956736e-09
-7.127871537877881e-10
-2.1178293477017507e-13
-5.725551093999276e-13
5.797465421950068e-13
1.4816557370600498e-06
-2.807990519847672e-10
-4.8361002441210975e-06
-5.690524150962683e-10
-6.239082924332119e-06
1.2187758865213168e-09
1.4526036160695826e-05
1.8907857767898037e-13
8.185155713916515e-10
-8.007028316069695e-12
3.7094957943926893e-10
1.0338456201154922e-09
-2.7397462089182013e-08
1.8499767550537725e-09
1.2187760165579894e-09
7.299616285221844e-07
-0.08262326854673147
-1.1594437979554064e-06
0.07063048716154831
-5.798213986525036e-07
0.03585551890254255
3.7095055718693225e-10
-4.8361002444101035e-06
-1.0831687550477583e-09
9.118377981720482e-06
-2.715988284168357e-11
-1.1594437968857107e-06
-1.850211965485471e-11
-5.836946914902121e-06
-8.007416151459804e-12
-2.8079916324336813e-10
-1.7986579606165796e-10
-5.836946913520206e-06
-5.83694691373227e-06
0.03585551890254365
1.2572419040423048e-09
-2.7397461932667467e-08
-2.7397462591343958e-08
-6.239082924574699e-06
-7.127868605088105e-10
-1.7306352738578855e-09
-1.85027037639245e-11
-5.798213987782034e-07
1.0697820319051396e-09
1.2572419642710722e-09
1.0338457816212994e-09
-5.690521486575845e-10
-1.2616326965568415e-06
0.07051978760190093
9.118377982772897e-06
-0.08262326854673008
-1.7306359615146663e-09
-5.836946914395925e-06
8.185145946927262e-10
1.48165573674667e-06
3.2711351296731362e-09
-1.2616326968266825e-06
-1.0831685744874473e-09
7.299616293302621e-07
-7.127870875292513e-10
-1.798656056671629e-10
1.8896249157002945e-13
5.792439996064057e-13
-1.442231273827418e-16
5.4038689177718715e-12
1.1498193772412633e-12
-5.690525791250291e-10
2.041157234354791e-13
-2.807991922214798e-10
7.154437041878005e-14
-7.328971738744647e-10
5.4036304982080634e-12
4.123922295478691e-09
-1.481450771744988e-11
1.0338451360274086e-09
1.3607781632476452e-06
-5.83694691405256e-06
8.185146215428558e-10
8.847718769539222e-11
2.0449863291069716e-13
1.3607781627831943e-06
-2.0274034157419906e-12
-5.798213987245277e-07
-6.7006765035748594e-12
-1.159443797383172e-06
9.272798808946283e-14
1.9148253957381015e-09
-2.8079903709483495e-10
-5.836946914833295e-06
-8.00738071487519e-12
-1.85026773425494e-11
-1.1594437976855332e-06
9.118377982733668e-06
-2.7160387403419307e-11
-1.0831679713023958e-09
1.1494117956367692e-12
-1.481388205374488e-11
-1.481423006397868e-11
1.2572418931882335e-09
-2.0273192109439043e-12
-8.00762692060556e-12
-8.007312057170095e-12
3.077423083760301e-09
-5.690522714721419e-10
1.0338457397242134e-09
1.2572423473137122e-09
1.0697819188094661e-09
-5.798213986347955e-07
-1.8502344017397524e-11
-1.7306348272160021e-09
-7.127874594956803e-10
7.167093002313363e-14
8.185149414643711e-10
-8.00751023834468e-12
-1.7306348984888353e-09
9.307293414912744e-14
-2.715980748297064e-11
-6.709076833472756e-13
-2.11819962524066e-13
-7.328967652113496e-10
8.847719390036168e-11
3.0774231970489725e-09
-7.127873241783097e-10
1.914825190495561e-09
-1.0831685812499303e-09
-2.1209984571482342e-13
-5.722787611450761e-13
5.799371888724676e-13
1.4816557371474333e-06
-5.690525382747528e-10
-6.2390829247583905e-06
-2.807990234390639e-10
-4.836100243743202e-06
1.2187762871090733e-09
1.4526036160182426e-05
-1.7986616057502135e-10
-5.836946914500242e-06
1.2572419469180662e-09
-2.7397461154604677e-08
-5.836946914152622e-06
0.03585551890254021
-2.7397462516032425e-08
-6.239082924913486e-06
7.299616289214135e-07
-0.08262326854673097
-5.798213981390641e-07
0.03585551890254315
-1.1594437978742731e-06
0.07063048716154516
3.709500042497951e-10
-4.8361002444146055e-06
-1.2616326971883908e-06
0.07051978760189918
-1.7306352559241152e-09
-5.836946914065219e-06
9.118377982323156e-06
-0.08262326854672766
8.185155292741566e-10
1.4816557366252063e-06
1.8879202824854744e-13
8.185147668999522e-10
1.033845801900319e-09
-2.7397462047915405e-08
-8.007328032278874e-12
3.7094988077736514e-10
1.849976954801169e-09
1.2187763267259776e-09
-7.127872887359765e-10
-1.7306350779136025e-09
1.0697814551328766e-09
1.2572415667926329e-09
-1.8502513993679672e-11
-5.798213982715842e-07
1.0338453797885348e-09
-5.690524770473345e-10
-1.0831682951302607e-09
9.118377981912805e-06
-1.8503234741142297e-11
-5.836946914358406e-06
-2.7159930966961103e-11
-1.1594437977692895e-06
-8.007460906766747e-12
-2.8079933419306415e-10
3.2711353712351835e-09
-1.2616326964330663e-06
-7.127874062770298e-10
-1.798655865960199e-10
-1.0831685687881394e-09
7.299616288089043e-07
1.8878008812365988e-13
5.794620306095098e-13
1.634597987610133e-14
-4.259520154844727e-10
7.12421494016228e-14
1.2187763337966637e-09
7.128006791820019e-14
1.2187764218263333e-09
-2.021299009298685e-09
-4.892095047593318e-10
1.8882083533462172e-13
1.0338454780546232e-09
-8.00777434754491e-12
1.8499769540368067e-09
8.185148372321702e-10
-2.7397461859619657e-08
3.7095006231050845e-10
1.2187768356605085e-09
-5.921910906147634e-13
2.1046396490922154e-09
9.307759095090963e-14
3.70949717592423e-10
9.293091029558957e-14
3.7094947613526955e-10
-4.753605047826619e-13
-2.021298593904289e-09
-2.1235670074806044e-13
-1.7306350600523997e-09
-6.703561340924737e-13
-8.007370723756542e-12
-2.7159682689024464e-11
8.185147230794591e-10
9.289560436115348e-14
7.176016742740878e-14
1.8829792719076292e-13
1.0338459717372548e-09
8.185147867037653e-10
-2.7397461667259007e-08
-8.0073847714096e-12
1.849976784634346e-09
3.709490005897534e-10
1.2187758418734225e-09
3.3869517980798777e-10
1.352591845426018e-09
-1.7306352354131905e-09
1.0338457303395162e-09
-1.730635062662116e-09
1.0338453444276334e-09
2.1046397757496418e-09
-4.2595155169494373e-10
-2.119203822779886e-13
-1.7306354021328903e-09
-2.716044608266924e-11
8.185152197925995e-10
-6.705253496318204e-13
-8.007101933210393e-12
9.278954730358936e-14
7.107558379617331e-14
9.55121632264367e-14
3.3869517455128656e-10
-2.1202373337480798e-13
1.8922575406936474e-13
-2.119227574619345e-13
1.8874888096046597e-13
-5.927986378515616e-13
1.6683854734378263e-14
-3.3455931613141826e-13
2.806209170490184e-09
-7.32896747409101e-10
1.4526036160041442e-05
-7.328965642868179e-10
1.4526036159131627e-05
-4.892093947422474e-10
1.9699145649849897e-05
-3.528604947224424e-13
8.847727855645113e-11
3.0774228121507207e-09
1.2187757108504113e-09
8.8476926617003e-11
-6.2390829252077585e-06
1.2187761487843675e-09
-9.580787060205955e-10
5.961007035307275e-11
8.197249390548853e-06
1.9148250072719166e-09
-4.83610024434739e-06
1.9148251451169032e-09
-4.836100243950964e-06
-2.021298665560017e-09
6.968027945749936e-11
-5.257786355561214e-12
-1.2616326968392114e-06
-2.1225085347805182e-13
-2.8079901829250905e-10
-1.0831688949716308e-09
1.4816557370628513e-06
7.142810981194968e-14
5.908209348811466e-12
-3.527818644440052e-13
8.84773408620725e-11
8.847679473219263e-11
-6.239082924297361e-06
3.077422976027826e-09
1.2187763802813605e-09
1.218775378454439e-09
-9.580785486384396e-10
-2.0785633840904745e-13
3.386951722638259e-10
-7.127871634496211e-10
-5.690520715229484e-10
-7.127874069774925e-10
-5.690524253897922e-10
-4.259515099889267e-10
4.360217791654538e-13
-5.258659485611437e-12
-1.2616326965153047e-06
-1.083168351096185e-09
1.4816557368859089e-06
-2.1215444734923776e-13
-2.807994595762837e-10
7.116083524793358e-14
5.907630047467611e-12
2.8739672258977053e-13
-1.126879295704634e-11
-5.72513374929769e-13
5.790208386562156e-13
-5.72263228440007e-13
5.794010018920306e-13
1.6046404694780157e-14
-4.3220108997877654e-16
-8.144009820873726e-16
5.790946548708373e-13
1.6718408809938385e-14
-5.721142253963054e-13
5.792128436847085e-13
-1.1269047307521175e-11
-5.72325843424301e-13
2.8740461968598335e-13
5.907912540264091e-12
-2.8079896495398347e-10
7.15966283992891e-14
-2.1225203811218463e-13
1.481655737049943e-06
-1.2616326963052128e-06
-1.0831686364834919e-09
-5.258218454698367e-12
5.907592386303983e-12
1.4816557370639135e-06
7.102997387299223e-14
-1.083168463822579e-09
-2.8079877996267864e-10
-1.2616326965991366e-06
-2.1172195418027248e-13
-5.258426160749371e-12
6.968001878713022e-11
-4.836100243241963e-06
-2.021298756426344e-09
1.914826081410966e-09
-4.8361002439136465e-06
8.197249390167605e-06
1.914825035081667e-09
5.961029418238718e-11
4.358320081224273e-13
-5.690530561550059e-10
-4.2595176108602543e-10
-7.127878958440548e-10
-5.690527575660722e-10
3.3869465668037347e-10
-7.127868042488621e-10
-2.0755746933457615e-13
-9.580784656865942e-10
1.2187760978911103e-09
1.2187758168070584e-09
3.0774236049344622e-09
-6.239082924042097e-06
8.847694083062806e-11
8.847708617742426e-11
-3.520797189241664e-13
-9.58078328712325e-10
-6.239082924023169e-06
1.2187764234762135e-09
8.847653863567724e-11
1.2187765990364386e-09
8.84771132406658e-11
3.07742319636445e-09
-3.525131902557669e-13
1.9699145649376226e-05
1.4526036159470813e-05
-4.892092250559834e-10
-7.328966797528553e-10
1.4526036158277103e-05
2.8062098726576234e-09
-7.328964942995235e-10
-3.3405177706165745e-13
5.795539945901696e-13
7.299616288676301e-07
1.8837658559783255e-13
-1.0831683857105838e-09
-1.7986607483834211e-10
-1.2616326967987819e-06
-7.127874511077767e-10
3.2711351115440685e-09
-2.807989142521195e-10
-1.1594437967798905e-06
-8.00731159425165e-12
-2.7160131301557666e-11
-5.836946914460293e-06
9.118377982158717e-06
-1.8502482417212093e-11
-1.0831686025009467e-09
1.4816557368883915e-06
-0.08262326854673127
8.185157007408477e-10
9.118377982391224e-06
-5.836946914207092e-06
0.07051978760189657
-1.7306360735547638e-09
-1.2616326969935113e-06
-4.836100244111233e-06
0.07063048716155243
3.7095053147596187e-10
-1.1594437971952741e-06
0.035855518902541746
-0.08262326854672951
-5.798213982805783e-07
7.299616282824792e-07
-5.690525632693985e-10
-5.798213984141887e-07
1.033845723109299e-09
-1.8502491382357974e-11
1.257241610878985e-09
-1.7306360980600738e-09
1.0697825317154257e-09
-7.127871808210873e-10
1.21877665809107e-09
3.709496761783494e-10
1.849977284973858e-09
-8.00665649391101e-12
-2.7397461534277918e-08
8.185149274862467e-10
1.033845200748955e-09
1.889233783628458e-13
-6.239082925365167e-06
0.03585551890254429
-2.7397461530777445e-08
-5.836946913889863e-06
-2.7397461712039783e-08
-5.83694691365382e-06
1.2572418594907482e-09
-1.7986621104583026e-10
1.4526036160436334e-05
-4.8361002447785095e-06
1.2187757885653153e-09
-2.8079893634470923e-10
-6.239082924994584e-06
1.481655737183235e-06
-5.690523685018199e-10
5.796904222364156e-13
1.6219943636827716e-14
1.887018483843147e-13
-5.925592653353167e-13
-2.1193651503124051e-13
1.8925581472403403e-13
3.3869509251957325e-10
-2.11818516521736e-13
9.589678699738701e-14
7.124129230714191e-14
-8.007354328766585e-12
9.315854208217839e-14
-6.704502302692307e-13
8.185148454241867e-10
-1.7306357913051965e-09
-2.7159865627248476e-11
-2.114562886375207e-13
7.145129651058909e-14
8.185151508430735e-10
9.299076703479297e-14
-2.7160369880904148e-11
-8.00681695501071e-12
-1.730634920347924e-09
-6.70616898748574e-13
-2.1229199034269772e-13
-2.021298892461626e-09
3.7095007530542467e-10
-4.750907311886269e-13
9.272618470408452e-14
3.7094956446817815e-10
2.1046393520272043e-09
9.28922508677036e-14
-5.924774558424843e-13
-4.259516489961285e-10
1.033845681378029e-09
2.1046398241607233e-09
-1.730635285466049e-09
1.0338452686033793e-09
1.3525918132790601e-09
-1.7306346079074447e-09
3.3869553403163304e-10
1.2187762465212014e-09
1.849976978006451e-09
3.709492659991486e-10
-8.006998271509925e-12
-2.7397461577440474e-08
1.033845557746448e-09
8.185153175591872e-10
1.8865571674665191e-13
1.2187766133554582e-09
-2.7397461566792138e-08
3.709499575765558e-10
8.185151043109333e-10
1.8499768553325554e-09
1.0338456550728255e-09
-8.007208586191678e-12
1.8906811521731496e-13
-4.89210144753728e-10
1.2187760805913997e-09
-2.021298806245123e-09
7.124600919201496e-14
1.2187755329513206e-09
-4.259512382343724e-10
7.081651200110942e-14
1.6611388735057437e-14
-5.726290347245984e-13
-1.0831684576409465e-09
-2.1180254228722504e-13
1.9148254152454535e-09
-7.127870525109315e-10
8.847709879694735e-11
3.0774228844133956e-09
-7.328965253854292e-10
-2.1207994127574187e-13
-2.7159984030604684e-11
-6.702707462728273e-13
9.309879714274452e-14
-1.7306352732720394e-09
8.185150611922333e-10
-8.007144151916018e-12
7.134735463414597e-14
-1.0831686455044947e-09
9.118377981566158e-06
-2.716057155140908e-11
-1.1594437971435685e-06
-1.8502845439248323e-11
-5.836946913594706e-06
-8.006840637191191e-12
-2.807991138389238e-10
1.914825779854369e-09
-1.1594437976587403e-06
9.270979240158296e-14
-6.700398559575028e-12
-5.798213987161209e-07
1.360778163106838e-06
-2.027154554650223e-12
2.0485556673314435e-13
-7.127870704526013e-10
-1.8502954892133684e-11
-1.73063517259745e-09
-5.798213986256903e-07
1.069782280289076e-09
1.0338457821137316e-09
1.2572414223116286e-09
-5.69052811627259e-10
3.077423472444077e-09
-8.007362610060739e-12
-8.007285300121806e-12
-2.0272957028790187e-12
1.2572418575601833e-09
-1.4814631476569973e-11
-1.481442430648578e-11
1.1499129767954618e-12
8.847696153350876e-11
-5.836946913688666e-06
8.185152798833225e-10
1.3607781626846637e-06
1.0338452038606842e-09
4.1239219076558115e-09
-1.481390274719421e-11
5.4039193098741756e-12
-7.328968043196196e-10
-2.807988267250187e-10
7.079644415485208e-14
2.04661924037872e-13
-5.690519426390074e-10
5.4033264529435446e-12
1.150057964288862e-12
8.778672755633176e-17
5.798326456948942e-13
-1.798657870825029e-10
1.8859681905623894e-13
-7.127876645545516e-10
7.29961628389349e-07
-1.2616326963372768e-06
-1.0831689106697475e-09
3.2711356322181912e-09
1.4816557365026902e-06
-5.8369469140744784e-06
8.185153993333492e-10
-1.730635630677645e-09
-0.08262326854673518
0.07051978760190188
9.118377981160929e-06
-1.2616326968394183e-06
-2.8079910827424825e-10
-5.8369469144359786e-06
-8.007347697654918e-12
-1.8502489340745624e-11
-1.1594437973540179e-06
9.118377982819855e-06
-2.7159942625939343e-11
-1.0831686881434e-09
-4.8361002435069495e-06
0.03585551890254223
3.7095006300239524e-10
-5.798213982047436e-07
0.070630487161549
-0.08262326854672844
-1.1594437973722289e-06
7.299616289327773e-07
-5.690523636190013e-10
1.2572421592208482e-09
1.0338454962592907e-09
1.0697824261824768e-09
-5.798213986379667e-07
-1.730635466197881e-09
-1.8502932438281825e-11
-7.127866458119727e-10
-6.239082924449948e-06
-2.739746105911003e-08
-2.7397461628573438e-08
1.2572418781715607e-09
0.0358555189025441
-5.836946914805799e-06
-5.836946913949744e-06
-1.7986617795089238e-10
1.218775717266711e-09
-2.7397461341590327e-08
1.8499772988067734e-09
1.0338453235129882e-09
3.709495687347819e-10
8.185144698061468e-10
-8.007080037672711e-12
1.8907986590109408e-13
1.452603616032514e-05
-6.239082924886076e-06
1.2187762962559449e-09
-5.690519429191248e-10
-4.836100244117061e-06
1.4816557363146887e-06
-2.807992067204972e-10
5.794892939857698e-13
-1.1269112334945655e-11
-1.2616326958985906e-06
3.3869549130818505e-10
8.84764466647551e-11
-1.261632697131484e-06
8.197249390722466e-06
8.847689470265453e-11
2.8062092524082195e-09
-1.261632696786357e-06
9.118377981888376e-06
-1.7306360039719944e-09
8.185156467854661e-10
0.07051978760190133
-0.08262326854673281
-5.836946914114765e-06
1.481655736373123e-06
-1.2616326961334523e-06
0.07051978760190095
-1.730635402961734e-09
-5.836946913276431e-06
9.118377981719208e-06
-0.08262326854673156
8.185153207437858e-10
1.4816557366959113e-06
8.197249390027783e-06
-0.08262326854673474
2.104640308463008e-09
1.360778162764878e-06
-0.08262326854673084
0.1399292793017065
1.3607781625368928e-06
-1.2405152992476057e-06
3.38694945765777e-10
-1.7306347061667765e-09
1.3525910038832226e-09
1.033845694459803e-09
-1.7306350680594e-09
2.104639618589899e-09
1.0338457485117188e-09
-4.2595188778830795e-10
8.847644401625362e-11
8.185155741427887e-10
1.0338459585443012e-09
-1.4814455355068892e-11
-5.836946913612029e-06
1.360778163072443e-06
4.123922877157824e-09
5.403436211613603e-12
8.847722451453222e-11
-5.836946913803605e-06
1.0338449636897806e-09
4.123922007266793e-09
8.185147483265156e-10
1.360778163431457e-06
-1.4814188731520964e-11
5.403358840167717e-12
2.8062080221204463e-09
1.4816557369503533e-06
-4.259518468606543e-10
5.4038898956381145e-12
1.4816557368785327e-06
-1.2405152985822482e-06
5.4038576704282215e-12
1.9830539458113702e-12
-5.721015545882338e-13
-7.127872989889974e-10
-2.1113969661516845e-13
3.077422466235123e-09
-1.0831683705129557e-09
8.847676467301286e-11
1.9148254451567337e-09
-7.328967176014722e-10
-1.0831685589456924e-09
-1.850277787887446e-11
-2.7159831842042902e-11
-8.006813565005744e-12
9.118377981243613e-06
-5.836946914194984e-06
-1.1594437973447268e-06
-2.807990243988562e-10
-2.1171594702446926e-13
-1.7306351336456014e-09
-6.703159848263925e-13
-8.007898405340894e-12
-2.715991786981227e-11
8.185150203849137e-10
9.249239851471178e-14
7.140087566638616e-14
1.914825328307224e-09
-5.798213985101031e-07
9.300082106018944e-14
-2.0274496913617444e-12
-1.1594437971426143e-06
1.3607781629009126e-06
-6.699974037976929e-12
2.0475570651828697e-13
-7.127871872416813e-10
1.0697819269547533e-09
-1.7306352462525613e-09
1.257241750188761e-09
-1.8502935216758197e-11
1.0338461042261376e-09
-5.798213981464727e-07
-5.690525362635332e-10
8.84773056273132e-11
1.0338450713122681e-09
8.18515504584038e-10
-1.4814015275109624e-11
-5.8369469140002775e-06
4.123922463182251e-09
1.3607781629762336e-06
5.403330093473736e-12
3.077422804259675e-09
1.257241970878023e-09
-8.007113240969943e-12
-1.4814137343977544e-11
-8.007117668134483e-12
-1.481420494397195e-11
-2.027135642930081e-12
1.1501440394346475e-12
-7.328964226207251e-10
-5.690522322281705e-10
7.12160945106646e-14
1.149730721338866e-12
-2.80799155097081e-10
5.404275245782185e-12
2.0471809532832288e-13
-3.8222987772304424e-17
2.867375853099486e-13
3.271135837171308e-09
9.617366790636918e-14
-7.32896503295425e-10
3.2711354283040263e-09
2.8062085804560497e-09
-7.328969418867117e-10
5.085502007467146e-10
-5.25849337801715e-12
-1.0831685730578803e-09
-2.1254397578616216e-13
7.140344490184323e-14
-1.2616326966503794e-06
1.4816557366299484e-06
-2.807997860710626e-10
5.907678135175469e-12
-5.258357342947694e-12
-1.2616326964451513e-06
-2.1209892930283854e-13
-2.8079910755656375e-10
-1.0831683580921942e-09
1.4816557361211864e-06
7.102580030420598e-14
5.90795194524298e-12
5.961040119821714e-11
7.299616294258477e-07
-5.923656885233125e-13
2.0498090147762358e-13
7.299616288826954e-07
-1.240515299222892e-06
2.0480275474656437e-13
1.982994698348347e-12
-2.0754585913571952e-13
-7.127870055417517e-10
3.386950583746228e-10
-5.69052062233653e-10
-7.127868720569124e-10
-4.259514434239653e-10
-5.690524705315656e-10
4.3598024098461073e-13
-3.52562078640255e-13
1.8896093351313353e-13
1.8887538318914598e-13
1.1498347326700567e-12
-1.7986635918491855e-10
5.403690247785346e-12
5.403926958602535e-12
-1.3750337731539455e-15
-3.524939312155645e-13
-1.7986575668191485e-10
1.889474654343827e-13
5.403788548568672e-12
1.887443331072331e-13
5.403226525277068e-12
1.1498006717482837e-12
-1.0502709238644862e-15
-3.344519149651859e-13
5.793984219664312e-13
1.62241126462262e-14
-3.4233404695916154e-16
5.796535890599535e-13
1.9824580855340547e-12
-3.5622794736769585e-16
-6.301946918843852e-16
1.93125351757004e-17
-8.086274487558645e-17
1.9826302799986797e-12
5.796344912569127e-13
-4.1842737178523e-16
1.6439581986317085e-14
5.795061836316316e-13
-3.3436198341128636e-13
-1.5158158078065705e-15
1.149973242603249e-12
5.403544851818367e-12
1.8875044469923368e-13
5.403622653260562e-12
1.8917091778270226e-13
-1.7986653030889845e-10
-3.5274461105072373e-13
-1.297168234042769e-15
5.403886016228574e-12
5.40384834642149e-12
-1.7986590588825025e-10
1.1496985643713471e-12
1.8806762823450027e-13
1.8899151803347567e-13
-3.529306048665005e-13
4.3556975275078073e-13
-5.690525700059846e-10
-4.2595186943043287e-10
-7.127874628521972e-10
-5.690528375137998e-10
3.386948536326317e-10
-7.127872613866802e-10
-2.0718526344040716e-13
1.983429752467158e-12
2.0482770122980548e-13
-1.2405152983975543e-06
7.29961629208884e-07
2.0413521180873615e-13
-5.926780182134845e-13
7.299616286672477e-07
5.960992827028142e-11
5.907680643730149e-12
7.125726092801265e-14
1.4816557369991665e-06
-1.0831684215023621e-09
-2.8079919894644524e-10
-2.119407899982036e-13
-1.2616326969947592e-06
-5.258918960771493e-12
5.907946131213909e-12
-2.807988134855314e-10
1.4816557368137218e-06
-1.261632696885909e-06
7.104236337838494e-14
-2.1229735817283657e-13
-1.0831683677155278e-09
-5.258722476648479e-12
5.085507441522798e-10
-7.328963617752455e-10
2.8062100999181335e-09
3.2711356247371387e-09
-7.328966852368361e-10
9.609344639481743e-14
3.271135633488872e-09
2.8660913423200174e-13
-2.631328554384585e-16
2.0499103959779795e-13
5.4039344884741535e-12
-2.8079933853319485e-10
1.1499275181535389e-12
7.138365809892514e-14
-5.690522273901118e-10
-7.328962876744811e-10
1.1497987925070536e-12
-2.0269451737344646e-12
-1.48149468947543e-11
-8.007299564070913e-12
-1.4814054135145262e-11
-8.006805180145428e-12
1.2572417457920545e-09
3.077423610177074e-09
5.4036008195081886e-12
1.3607781632807104e-06
4.123922224613132e-09
-5.8369469134621355e-06
-1.4814448126625714e-11
8.185147224432442e-10
1.0338459483867119e-09
8.84769879458035e-11
-5.690522105396675e-10
-5.79821398522307e-07
1.0338453472943487e-09
-1.8502606786406298e-11
1.257242163996602e-09
-1.730635182299864e-09
1.0697822470169078e-09
-7.127868412019054e-10
2.0507382525438857e-13
-6.700194963279576e-12
1.3607781634118025e-06
-1.159443797172807e-06
-2.0273095443384604e-12
9.302239666932136e-14
-5.798213985762855e-07
1.9148250260383306e-09
7.1350912930468e-14
9.263061883633167e-14
8.185150607288581e-10
-2.7160133646406932e-11
-8.006962649547541e-12
-6.703773111570742e-13
-1.7306349702757992e-09
-2.118175016000775e-13
-2.807991739935287e-10
-1.1594437979445468e-06
-5.8369469138971724e-06
9.118377981782195e-06
-8.007086632608211e-12
-2.7159983169315754e-11
-1.8502846777990707e-11
-1.083168687569785e-09
-7.328965765978001e-10
1.914825027287912e-09
8.84774650592313e-11
-1.0831683908939456e-09
3.0774230292165255e-09
-2.1180198420333165e-13
-7.12787062694299e-10
-5.727453172809763e-13
1.9830642951737354e-12
5.403897798582833e-12
-1.240515298029038e-06
1.481655736783229e-06
5.403759067579246e-12
-4.2595171998911267e-10
1.4816557370882816e-06
2.806208575591717e-09
5.404199820452461e-12
-1.4814566303762445e-11
1.3607781628271877e-06
8.185154789401451e-10
4.123922534488816e-09
1.0338450239914073e-09
-5.836946913943557e-06
8.847722599318796e-11
5.4036223557823714e-12
4.123922134780783e-09
1.3607781630305788e-06
-5.836946913331226e-06
-1.4814514973619518e-11
1.033845170176009e-09
8.185145996801382e-10
8.84766466987551e-11
-4.2595184853559525e-10
1.0338455303458118e-09
2.104639805584428e-09
-1.7306342716907496e-09
1.0338448391591807e-09
1.3525917061184131e-09
-1.730634547777826e-09
3.3869475957230503e-10
-1.24051529878552e-06
1.3607781628600334e-06
0.13992927930171525
-0.08262326854673369
1.3607781626813859e-06
2.104640153267054e-09
-0.08262326854673101
8.19724939169627e-06
1.4816557372324095e-06
8.185145111750407e-10
-0.08262326854673054
9.11837798226677e-06
-5.8369469137243786e-06
-1.7306347122545618e-09
0.07051978760189809
-1.2616326959583676e-06
1.4816557377550312e-06
-5.836946914360999e-06
-0.08262326854673144
0.0705197876018966
8.185153548903415e-10
-1.730635236311098e-09
9.11837798152492e-06
-1.261632696763797e-06
2.8062091165134753e-09
8.847676604504883e-11
8.197249390471519e-06
-1.261632695892558e-06
8.847715000374181e-11
3.386949323788768e-10
-1.2616326968929298e-06
-1.1268855455949797e-11
5.794942072628742e-13
-2.807993891387674e-10
1.4816557369246204e-06
-4.83610024375601e-06
-5.690527150346365e-10
1.2187757244846345e-09
-6.239082924013628e-06
1.4526036159894047e-05
1.88699146093219e-13
-8.007164954023688e-12
8.185148872728207e-10
3.7094997031358047e-10
1.0338455104656028e-09
1.849977311857447e-09
-2.739746154446739e-08
1.2187757639389054e-09
-1.7986588523332278e-10
-5.836946914119414e-06
-5.8369469135281e-06
0.03585551890254344
1.2572416255577768e-09
-2.739746174537599e-08
-2.7397462162344514e-08
-6.239082924841098e-06
-7.127873349873206e-10
-1.8502959156257797e-11
-1.730635203380187e-09
-5.798213981328991e-07
1.0697821484505076e-09
1.0338459234108097e-09
1.2572411267657043e-09
-5.690523259107791e-10
7.299616287012321e-07
-1.1594437973726373e-06
-0.08262326854673284
0.07063048716155133
-5.798213985028311e-07
3.7094953083356487e-10
0.03585551890254611
-4.836100244699085e-06
-1.0831684301435091e-09
-2.7159920125426316e-11
9.118377981347161e-06
-1.1594437966957574e-06
-1.850277114928271e-11
-8.007164819099368e-12
-5.836946913655711e-06
-2.8079949955364465e-10
-1.2616326969728785e-06
9.118377982380084e-06
0.07051978760190046
-0.08262326854673167
-1.7306351778632758e-09
8.185147892665667e-10
-5.836946914402326e-06
1.4816557369322674e-06
3.271135163295699e-09
-1.0831685208342045e-09
-1.2616326966596412e-06
7.29961629108646e-07
-7.127868276114278e-10
1.887495708120667e-13
-1.7986559020389063e-10
5.797814504316881e-13
-5.551417676729157e-17
1.1500661577915086e-12
5.403372583515886e-12
-5.690522788062643e-10
2.0459382519371301e-13
7.124966636482845e-14
-2.8079880907949033e-10
-7.328970487026362e-10
5.404053427085862e-12
-1.4814600930241873e-11
4.123921732959018e-09
1.0338452025682188e-09
1.3607781627890622e-06
8.185157536488474e-10
-5.836946913976598e-06
8.847721127374084e-11
1.1499294673492266e-12
-1.4814143160637776e-11
-1.4814538509235637e-11
1.2572411396573725e-09
-2.0270354218829363e-12
-8.00718731659187e-12
-8.007452618607537e-12
3.0774234314010906e-09
-5.690523766566628e-10
1.2572417222321236e-09
1.0338458592447989e-09
1.069782134744064e-09
-5.798213979843829e-07
-1.7306355735315275e-09
-1.8502627116288826e-11
-7.127869121961913e-10
2.0463254195745689e-13
-2.0274999718618023e-12
1.3607781632153218e-06
-5.798213981865995e-07
-6.700698414252694e-12
9.248013067547436e-14
-1.1594437968881724e-06
1.914825363814177e-09
-2.8079896455584087e-10
-8.007232093288785e-12
-5.836946913703329e-06
-1.8502629618208866e-11
-1.1594437972160885e-06
-2.71602756388819e-11
9.118377982190077e-06
-1.0831687328740165e-09
7.169631718529213e-14
-8.007013557441567e-12
8.185153224034024e-10
-1.7306353987814318e-09
9.285052259287866e-14
-6.709411560034036e-13
-2.71600083297713e-11
-2.1216102079375618e-13
-7.3289713013898e-10
3.0774227599099285e-09
8.847698171864505e-11
-7.127870964151474e-10
1.914824932195656e-09
-2.1210139013703406e-13
-1.0831682800235747e-09
-5.724955982013785e-13
1.5942359426334377e-14
7.116103905543045e-14
-4.259519418963895e-10
1.2187769027397376e-09
7.079058746898438e-14
-2.02129886117697e-09
1.2187770649951185e-09
-4.892089591031057e-10
1.8855151065507275e-13
-8.007667396793773e-12
1.0338452872991333e-09
1.8499771882509164e-09
8.185156658133978e-10
3.7094981576745776e-10
-2.739746222336252e-08
1.2187761992470953e-09
1.88568484350294e-13
8.18514629787878e-10
1.033845249003339e-09
-2.7397462256570014e-08
-8.006884858410543e-12
3.7095017791405607e-10
1.849976758404591e-09
1.218776176107298e-09
3.3869514388523114e-10
-1.7306348340486182e-09
1.3525918684114394e-09
1.033845800333592e-09
-1.730635167192348e-09
2.104640051875838e-09
1.0338458341381304e-09
-4.25951764397268e-10
-5.920954561943125e-13
9.280776827235689e-14
2.10463973071814e-09
3.709501342675205e-10
9.241235842763197e-14
-4.76072931971793e-13
3.7094932929341003e-10
-2.0212986339678985e-09
-2.1220582376610737e-13
-6.707977914326016e-13
-1.73063488525929e-09
-8.007506789182824e-12
-2.7160256131366846e-11
9.244497034322984e-14
8.185149577841778e-10
7.13125758807465e-14
-2.1193084549692803e-13
-2.7160065614164998e-11
-1.7306349079749518e-09
8.185153587269912e-10
-6.705578250512545e-13
9.266892623967432e-14
-8.00693011917786e-12
7.137050595383628e-14
9.577545242791781e-14
-2.120091036983682e-13
3.3869537632139167e-10
1.8887938788862845e-13
-2.1170506532148034e-13
-5.928226475986574e-13
1.888345917000477e-13
1.6617877760281876e-14
5.793269278265348e-13
-5.690525422582297e-10
1.4816557368585531e-06
-6.239082924021827e-06
-2.807995404916599e-10
1.2187769339735982e-09
-4.8361002436906235e-06
1.4526036159939537e-05
-1.798655368451565e-10
1.2572418206912092e-09
-5.8369469134551525e-06
-2.739746243302039e-08
-5.8369469146930835e-06
-2.739746118563721e-08
0.03585551890254271
-6.239082925662059e-06
1.887314767926636e-13
1.0338454793813107e-09
8.185148138045019e-10
-2.7397462184535715e-08
-8.006839334938606e-12
1.8499773830542198e-09
3.709497973532346e-10
1.2187758731526076e-09
-7.12787219269213e-10
1.0697821956957012e-09
-1.730635226274525e-09
1.257242001897287e-09
-1.850283208633866e-11
1.0338454842237668e-09
-5.798213984560408e-07
-5.690522948584185e-10
7.299616287953748e-07
-5.798213985481978e-07
-0.08262326854673405
0.03585551890254535
-1.1594437969529344e-06
3.709504101310198e-10
0.07063048716154978
-4.836100244575893e-06
-1.2616326968940267e-06
-1.7306349470759655e-09
0.07051978760189864
-5.836946913242937e-06
9.118377981245173e-06
8.185155864471316e-10
-0.08262326854673027
1.48165573683494e-06
-1.083168517832099e-09
-1.8502723852542305e-11
9.11837798235041e-06
-5.836946914347406e-06
-2.715969327746882e-11
-8.007127107323021e-12
-1.1594437977193256e-06
-2.807988314332481e-10
3.2711347961246575e-09
-7.127867819934412e-10
-1.261632697257068e-06
-1.7986599549147258e-10
-1.0831686957073393e-09
1.891559142630432e-13
7.299616281576816e-07
5.797692301407912e-13
-3.3461573591447834e-13
-7.328969393450926e-10
2.806209522897002e-09
1.4526036159429723e-05
-7.328963449491093e-10
-4.892101591035451e-10
1.45260361606515e-05
1.9699145649961986e-05
-3.5299062697288993e-13
3.077422817398269e-09
8.847777875468109e-11
1.2187761726835477e-09
8.847702748855538e-11
1.2187764825937173e-09
-6.239082924988115e-06
-9.580790357025547e-10
-3.529115947914163e-13
8.847718807154945e-11
8.847713047473906e-11
-6.239082924362068e-06
3.077423056772909e-09
1.2187759959285914e-09
1.2187762951695343e-09
-9.580784578883043e-10
-2.0751078159331147e-13
-7.127873720919998e-10
3.3869482434330755e-10
-5.69052407568523e-10
-7.12786954830588e-10
-4.25952029624264e-10
-5.690520451964748e-10
4.3559541319930195e-13
5.961042306679843e-11
1.914825691332842e-09
8.19724939031002e-06
-4.836100244927628e-06
1.9148255813454736e-09
-2.0212991222548015e-09
-4.836100244045423e-06
6.968005945572482e-11
-5.2585090502105856e-12
-2.1194925036509186e-13
-1.261632697225698e-06
-2.8079932989467433e-10
-1.0831684385008865e-09
7.117406289852572e-14
1.4816557364902551e-06
5.907808734905859e-12
-5.2587261014329574e-12
-1.0831687849203975e-09
-1.2616326968210103e-06
1.4816557367822033e-06
-2.1183108448298477e-13
7.138452906714233e-14
-2.8079919038827265e-10
5.908163763347812e-12
2.8726710166180867e-13
-5.725999060803454e-13
-1.1268443778726034e-11
5.794356986770663e-13
-5.721913374064797e-13
1.6348823387221607e-14
5.797909710068672e-13
-5.261956945663669e-16
-6.111425612022012e-16
1.6292879101382524e-14
5.797963288615962e-13
-5.723742252393051e-13
5.797019339639231e-13
-5.721405193284124e-13
-1.1268712298861449e-11
2.876806011118062e-13
5.907790691590935e-12
7.125869988330902e-14
-2.807987543618787e-10
-2.1206925537937562e-13
1.4816557359680498e-06
-1.0831680803548072e-09
-1.2616326967572383e-06
-5.258471510779284e-12
4.358580024829281e-13
-4.259513870302369e-10
-5.690524678491175e-10
-7.127869687047677e-10
-5.690527944933141e-10
-7.127867742192738e-10
3.3869468848339733e-10
-2.073694142238053e-13
-9.580785068943147e-10
1.21877638111075e-09
1.2187755678008755e-09
3.077423352437467e-09
-6.239082923838351e-06
8.847727352481704e-11
8.847749427733246e-11
-3.52265278953288e-13
5.907843922467506e-12
7.130141063593566e-14
1.4816557367859524e-06
-1.0831682062713878e-09
-2.8079912724841735e-10
-2.1196713500839189e-13
-1.261632696791155e-06
-5.258646136265373e-12
6.968018270716967e-11
-2.021298989638735e-09
-4.836100244159635e-06
1.9148251977824618e-09
-4.836100244397613e-06
1.914825809132565e-09
8.19724939111745e-06
5.960990233383082e-11
-9.580781866994123e-10
1.2187763579545065e-09
-6.239082923531637e-06
8.847688418316249e-11
1.2187764333823116e-09
3.077423084796791e-09
8.847704619130779e-11
-3.5243226304679616e-13
1.9699145650512463e-05
-4.892093955976311e-10
1.4526036159495164e-05
-7.328965050281005e-10
1.4526036159432503e-05
-7.328967219425136e-10
2.8062098135760976e-09
-3.341517014824444e-13
1.641224011756616e-14
-5.924880273881729e-13
1.889393433898122e-13
-2.117034753087886e-13
1.8928517119985263e-13
-2.1203681329068268e-13
3.3869533646811844e-10
9.52737243302433e-14
7.104017144949592e-14
9.29105280321353e-14
-8.006915797152796e-12
-6.705292347991088e-13
8.185146632435968e-10
-2.7159579660875775e-11
-1.7306357993856747e-09
-2.118617369719719e-13
-4.259519931376146e-10
2.104639441562681e-09
1.0338460067732209e-09
-1.7306349838938619e-09
1.0338456162597186e-09
-1.730635011092752e-09
1.352591293045712e-09
3.386951979853477e-10
1.2187770930623894e-09
3.709496536396449e-10
1.8499778227388424e-09
-8.006698288735915e-12
-2.739746172797557e-08
8.185149194643567e-10
1.0338456769938874e-09
1.8831140401505983e-13
7.132827824497324e-14
9.309498027873534e-14
8.185149725689941e-10
-2.7160396386388035e-11
-8.006745332441355e-12
-6.705014992120708e-13
-1.730634731377734e-09
-2.1193538423867213e-13
-2.0212992158126218e-09
-4.751442051337588e-13
3.7094978492055765e-10
9.28285191991513e-14
3.709496823971551e-10
9.338868249379093e-14
2.1046397843046154e-09
-5.927748275273971e-13
1.2187759902680615e-09
3.709489719755606e-10
-2.7397461619591292e-08
8.185149986690775e-10
1.8499774340736484e-09
-8.007245052445493e-12
1.0338455983774786e-09
1.8932709069670657e-13
-4.892097547089537e-10
-2.0212991187775522e-09
1.2187767892259192e-09
7.118607077541446e-14
1.2187758556835478e-09
7.043418346610983e-14
-4.259516453424094e-10
1.6305832759929543e-14
5.791132855624664e-13
1.887373355665497e-13
7.299616293756324e-07
-1.083168436589626e-09
-1.7986633242486012e-10
-7.127871209914128e-10
-1.2616326966664154e-06
3.271135010374557e-09
-2.8079924886041035e-10
-8.006881856404352e-12
-1.1594437964158162e-06
-2.7159928653998325e-11
-5.836946914226615e-06
-1.85031037396144e-11
9.118377982625932e-06
-1.0831685823052107e-09
-5.690525489621654e-10
1.0338455777538316e-09
-5.798213985523929e-07
-1.8502556966657862e-11
1.2572411368649375e-09
1.0697822903538e-09
-1.7306354349769175e-09
-7.127874807934482e-10
1.2187754292700209e-09
1.849977212698376e-09
3.7094965946268677e-10
-8.006874877441885e-12
-2.7397461149094165e-08
1.0338458522239049e-09
8.185147011173091e-10
1.8900469688388254e-13
1.4816557360423399e-06
8.185157921668915e-10
-0.08262326854672924
9.118377982966364e-06
-5.836946914191152e-06
-1.7306354903413258e-09
0.07051978760190018
-1.2616326964621013e-06
-4.836100244146081e-06
3.709505812452059e-10
0.07063048716155074
-1.1594437977429409e-06
0.035855518902544785
-5.798213983486566e-07
-0.08262326854673183
7.299616289261585e-07
-6.239082925118777e-06
-2.739746180446485e-08
0.035855518902545305
-5.836946914281627e-06
-2.7397461636078017e-08
1.2572412537495438e-09
-5.836946913774457e-06
-1.7986608790583413e-10
1.4526036161664632e-05
1.2187766496336113e-09
-4.836100244044245e-06
-2.8079896257328115e-10
-6.239082924994457e-06
-5.690522630171714e-10
1.4816557366252603e-06
5.796103875443321e-13
-5.722507786560688e-13
-2.1167001593579974e-13
-1.0831687394713322e-09
1.9148252962961485e-09
-7.12787167738379e-10
3.0774234745451088e-09
8.847736119731128e-11
-7.328968128618043e-10
-2.1213845726109765e-13
-6.703828851103504e-13
-2.716046467218125e-11
9.339492951296474e-14
-1.7306358044895152e-09
-8.007380769317055e-12
8.18514256690848e-10
7.13710926626682e-14
-7.127870824909928e-10
-1.7306352225159022e-09
-1.8503969396197652e-11
-5.798213990695507e-07
1.069782283787255e-09
1.257241782709936e-09
1.0338458920218306e-09
-5.690529086692029e-10
3.0774233288909854e-09
-8.006681301789053e-12
-8.007304289354503e-12
-2.0269773178933307e-12
1.257241908506119e-09
-1.4814228358422665e-11
-1.4814914552755096e-11
1.1499727335383378e-12
-1.0831692661668944e-09
-2.7160133175680595e-11
9.11837798129834e-06
-1.1594437974421682e-06
-1.8502614188603885e-11
-8.007446777034926e-12
-5.836946913213968e-06
-2.8079916522410676e-10
1.914825398970986e-09
9.270213098299751e-14
-1.159443796757224e-06
-6.700622054604503e-12
-5.798213986879888e-07
-2.0274790430142647e-12
1.3607781626528188e-06
2.047931146309188e-13
8.847726926916645e-11
8.185149328340318e-10
-5.836946914502801e-06
1.3607781632116727e-06
1.033845396030558e-09
-1.481419231906596e-11
4.123922386916448e-09
5.4037620936864575e-12
-7.328963566405761e-10
7.10288172995917e-14
-2.8079898511089155e-10
2.0478394304785552e-13
-5.690523784055982e-10
1.1497816556860285e-12
5.403740089391849e-12
-3.1231192608672945e-16
5.796016890584793e-13
1.8904688742343986e-13
-1.7986588611855797e-10
-7.127873011440734e-10
7.299616284888326e-07
-1.0831685679466163e-09
-1.2616326973314987e-06
3.2711355146996035e-09
1.4816557364730674e-06
8.185151157688008e-10
-5.8369469138220245e-06
-1.7306357792215533e-09
-0.08262326854673503
9.118377982004138e-06
0.07051978760189617
-1.261632696473291e-06
-5.690524582073581e-10
1.0338449173942448e-09
1.257241918713772e-09
1.0697824951661693e-09
-5.798213983649612e-07
-1.8503117882523814e-11
-1.7306353647328943e-09
-7.127868700898562e-10
-6.239082924074027e-06
-2.739746085632708e-08
-2.7397461856095758e-08
1.257242120306661e-09
0.035855518902543224
-5.836946913313616e-06
-5.8369469137357745e-06
-1.79866107748486e-10
-2.807990231457292e-10
-8.007039900990924e-12
-5.8369469143415894e-06
-1.85020413475305e-11
-1.1594437973090178e-06
-2.7159740914931455e-11
9.118377982250849e-06
-1.083168652393083e-09
-4.836100245032001e-06
3.7095028339706813e-10
0.035855518902544084
-5.798213986669804e-07
0.07063048716154995
-1.1594437976161369e-06
-0.0826232685467311
7.29961629420752e-07
1.218776030383826e-09
1.8499772827634941e-09
-2.7397460970622477e-08
1.0338452865019109e-09
3.709493859585051e-10
-8.006985275561984e-12
8.1851470073076e-10
1.8863996107806597e-13
1.4526036160420195e-05
1.2187761426065677e-09
-6.239082924373523e-06
-5.690524540376004e-10
-4.836100244817467e-06
-2.8079862394202894e-10
1.4816557364609785e-06
5.796911098964839e-13
-5.724256202296533e-13
-2.1183200412436882e-13
-7.127866792515086e-10
3.0774228499420142e-09
-1.0831692028227154e-09
1.9148252968076195e-09
8.847695089319146e-11
-7.328966118214012e-10
-1.0831686481446276e-09
-2.7160513146617468e-11
-1.850306068603047e-11
-8.007015269401218e-12
9.118377982493295e-06
-1.159443797586196e-06
-5.836946913781758e-06
-2.807991835568128e-10
-7.127872959474659e-10
-1.73063523802006e-09
1.0697819878717118e-09
1.2572416863996368e-09
-1.850293411090917e-11
-5.798213993904321e-07
1.033845288823687e-09
-5.690527786364439e-10
8.847686130363617e-11
8.185153904229508e-10
1.0338456478405281e-09
-1.4814087926925507e-11
-5.836946913247461e-06
1.360778162890568e-06
4.123921972275075e-09
5.403866387213298e-12
-2.117258936828706e-13
-6.706115561669097e-13
-1.7306355936149252e-09
-8.007711522721804e-12
-2.7159913746541322e-11
9.276034406960668e-14
8.18515211087986e-10
7.113158060573731e-14
1.91482532067798e-09
9.316142681432768e-14
-5.79821398626477e-07
-2.027054287912853e-12
-1.1594437964610162e-06
-6.700647588761998e-12
1.3607781631352543e-06
2.0453985606998398e-13
3.0774230736343745e-09
-8.006797495045625e-12
1.2572417452300415e-09
-1.481379132175343e-11
-8.007062489163993e-12
-2.027350601831773e-12
-1.4814353117848597e-11
1.1500489092265183e-12
-7.328970146686869e-10
7.137400733077024e-14
-5.690528918401182e-10
1.1500032496907916e-12
-2.807995585430816e-10
2.0421198889472717e-13
5.403503626458374e-12
-1.6589170986695018e-16
-1.1268933732827513e-11
3.3869525896953754e-10
-1.261632695538107e-06
8.847662880089238e-11
-1.2616326966504622e-06
8.847729508755678e-11
8.19724939110172e-06
2.8062094572335367e-09
-1.2616326964433876e-06
-1.730635286349229e-09
9.118377981588531e-06
8.185143957388724e-10
0.07051978760189813
-5.836946914018307e-06
-0.08262326854673116
1.481655736975461e-06
3.386947360058112e-10
1.3525911427764277e-09
-1.7306356482833432e-09
1.033846125288228e-09
-1.7306350219379629e-09
1.0338447942427345e-09
2.1046397354526684e-09
-4.2595141994458617e-10
8.847700067412731e-11
1.0338460548864449e-09
8.185152700195618e-10
-1.4813999147176644e-11
-5.836946914134502e-06
4.123922701943124e-09
1.360778162846369e-06
5.403159632137735e-12
-1.26163269664959e-06
-1.7306349147768746e-09
0.07051978760189999
-5.836946913490629e-06
9.118377981955752e-06
8.185154673412998e-10
-0.08262326854673076
1.4816557365878045e-06
8.19724939129895e-06
2.104639976609499e-09
-0.08262326854673388
1.3607781626375945e-06
-0.08262326854673306
1.3607781633714674e-06
0.1399292793017123
-1.2405152984981371e-06
8.847700739909399e-11
1.0338456936207314e-09
-5.836946913831563e-06
4.123922240395044e-09
8.185148362138046e-10
-1.481402999719549e-11
1.3607781629054163e-06
5.403061614117479e-12
2.8062083757005594e-09
-4.2595177904981094e-10
1.4816557368580512e-06
5.404146318117764e-12
1.4816557368480588e-06
5.403735634905852e-12
-1.2405152984778873e-06
1.9829110355968855e-12
2.870992582485195e-13
9.557582365547303e-14
3.2711352441380416e-09
-7.328960579514318e-10
3.2711353556174742e-09
-7.328967764421373e-10
2.8062092069836023e-09
5.085507063257129e-10
-5.258510506614334e-12
-2.1271671948214865e-13
-1.0831685946916975e-09
7.134879141519647e-14
-1.2616326968865717e-06
-2.8079945335462785e-10
1.4816557366803992e-06
5.9074993566279685e-12
-2.0749366742145197e-13
3.386948192834649e-10
-7.127870465307115e-10
-5.6905225006021e-10
-7.127868587302155e-10
-5.690522343871145e-10
-4.259513997829118e-10
4.3562284229096583e-13
-3.523653493349445e-13
1.8890004821131945e-13
1.88779955347127e-13
1.1498281193157157e-12
-1.798667663810858e-10
5.404123952044195e-12
5.403361838192476e-12
-6.505044758481614e-16
-5.258349850250387e-12
-2.1235291656706725e-13
-1.2616326971641355e-06
-2.80798901360403e-10
-1.0831682519289165e-09
7.130916762696127e-14
1.4816557365532295e-06
5.907279612011947e-12
5.960997795093019e-11
-5.925939087541179e-13
7.299616292117953e-07
2.044961886357622e-13
7.299616286039688e-07
2.048727992373622e-13
-1.2405152983305652e-06
1.9826565297753205e-12
-3.5260061789384013e-13
1.8916210833009754e-13
-1.798658517214236e-10
5.4037187131783305e-12
1.89043566398904e-13
1.1496184940927967e-12
5.403857725761869e-12
-1.0971747724762355e-15
-3.345916997555825e-13
1.631968363608192e-14
5.796293294942706e-13
-7.105527196700976e-16
5.795668840139349e-13
1.3678583088814527e-16
1.9829822429833195e-12
-6.361838196248966e-16
-7.040260642031543e-16
5.793064647214665e-13
5.796807848426114e-13
-1.1268721963331718e-11
1.6007695786478013e-14
-5.720359169601176e-13
-5.721648943309528e-13
2.870365047140402e-13
4.3549580736936976e-13
-5.690524419490618e-10
-5.690522682547697e-10
3.3869503368788247e-10
-4.259517862481002e-10
-7.12786708201342e-10
-7.127872857395869e-10
-2.078370540166862e-13
5.908179628255095e-12
1.481655736769976e-06
-2.807992574315193e-10
-1.261632696497692e-06
7.090713889969564e-14
-1.0831684468508506e-09
-2.121392415351319e-13
-5.258916603123052e-12
-9.58079062472621e-10
-6.239082924129557e-06
1.2187759447072896e-09
8.84770486180488e-11
1.2187760780398238e-09
8.847674820488629e-11
3.0774234077854654e-09
-3.5224533195324793e-13
5.907696287794528e-12
-2.807989190606199e-10
1.4816557361931918e-06
-1.2616326967442137e-06
7.181186105320042e-14
-2.1219185628276632e-13
-1.0831681923026854e-09
-5.2581630476540875e-12
-9.580784920985814e-10
1.2187759490390593e-09
-6.239082923773237e-06
8.847693726823275e-11
1.2187760462021665e-09
3.077423232910013e-09
8.84765099607151e-11
-3.525530802471742e-13
6.968035001349158e-11
-4.8361002438489035e-06
-4.83610024404074e-06
8.197249389716504e-06
-2.0212983232958424e-09
1.9148253115595797e-09
1.9148252192579436e-09
5.961041872255187e-11
1.969914564879805e-05
1.4526036159531042e-05
1.4526036160035194e-05
2.8062099580750703e-09
-4.892092326225877e-10
-7.328964998478938e-10
-7.328969206971493e-10
-3.3471267148171174e-13
5.794694316474467e-13
7.299616291789763e-07
-1.7986637989101363e-10
-1.2616326961397062e-06
1.8902656977287147e-13
-1.0831686180099155e-09
-7.127869632670593e-10
3.2711354144268315e-09
-5.690529605143043e-10
-5.798213989251226e-07
1.257242093573056e-09
-1.7306353052592785e-09
1.0338451399129452e-09
-1.850307430961561e-11
1.069782447085039e-09
-7.127874754637999e-10
1.481655736768658e-06
-0.08262326854672868
-5.836946914304595e-06
0.07051978760189642
8.185152275801661e-10
9.118377981791753e-06
-1.7306353627532931e-09
-1.2616326974823605e-06
-6.239082925561119e-06
0.035855518902545534
-2.7397462215182522e-08
-5.836946913810536e-06
-2.739746175013998e-08
-5.836946914792126e-06
1.2572421718928106e-09
-1.7986617905599293e-10
-2.807986856077852e-10
-1.1594437974632112e-06
-5.836946913953923e-06
9.118377981630161e-06
-8.006924575126091e-12
-2.715986617990312e-11
-1.8502214967550548e-11
-1.083169393029095e-09
1.2187758288484013e-09
3.7094993210136993e-10
-2.7397461600283728e-08
8.185156854958565e-10
1.8499773678910835e-09
-8.007060266988186e-12
1.0338452463349218e-09
1.8910794738775347e-13
-4.836100243493445e-06
0.07063048716154725
0.035855518902541475
-0.08262326854673141
3.709495287927152e-10
-1.1594437976469598e-06
-5.798213990238428e-07
7.299616293942645e-07
1.4526036160044524e-05
-4.836100243747534e-06
-6.239082924124964e-06
1.4816557368054336e-06
1.2187757383630408e-09
-2.807995425490427e-10
-5.690519397524784e-10
5.794712005214414e-13
5.794984351609478e-13
-1.7986621736474452e-10
7.29961628784649e-07
-1.2616326961688869e-06
1.883080441542965e-13
-7.127872352521473e-10
-1.0831683153528946e-09
3.2711348447902415e-09
-5.690525624795959e-10
1.2572421655246777e-09
-5.798213987375534e-07
-1.7306357676695056e-09
1.0338455106145075e-09
1.069782768451162e-09
-1.850341908848025e-11
-7.12787139671446e-10
-2.80799248618786e-10
-5.836946913957018e-06
-1.1594437974719736e-06
9.118377981460553e-06
-8.007288038692588e-12
-1.8503286350493923e-11
-2.7159999365627737e-11
-1.083167820094216e-09
1.218776419378736e-09
-2.739746173098274e-08
3.7094965655356245e-10
8.185144901564279e-10
1.8499775636612736e-09
1.0338463291246164e-09
-8.00720261878332e-12
1.8831554790342807e-13
1.4816557371537174e-06
-5.836946915669385e-06
-0.08262326854672851
0.07051978760190064
8.185149964289923e-10
-1.730635237992203e-09
9.118377981694392e-06
-1.2616326969330501e-06
-6.23908292480796e-06
-2.7397460910444747e-08
0.03585551890254243
-5.836946914201987e-06
-2.7397461946766307e-08
1.2572414688035271e-09
-5.836946913900556e-06
-1.79865984327268e-10
-4.836100243931576e-06
0.035855518902542405
0.0706304871615465
-0.0826232685467294
3.7094886626688584e-10
-5.798213986581922e-07
-1.1594437973300091e-06
7.299616289405519e-07
1.452603616092408e-05
-6.2390829245613995e-06
-4.836100244817788e-06
1.4816557363667302e-06
1.218775986371625e-09
-5.690523174010365e-10
-2.8079907381238243e-10
5.798666531437425e-13
-1.1269297285658328e-11
-1.2616326963522189e-06
-1.2616326971255735e-06
8.197249390573139e-06
3.3869528178490785e-10
8.847701857315271e-11
8.847697730095496e-11
2.806209766030146e-09
3.3869532341726697e-10
-1.7306351204367852e-09
-1.7306354083119142e-09
2.104640185540058e-09
1.352591894289716e-09
1.0338454741515146e-09
1.0338454244503553e-09
-4.259510817669492e-10
-1.2616326967215106e-06
0.07051978760190022
9.11837798187041e-06
-0.08262326854673012
-1.7306354457948472e-09
-5.836946913909152e-06
8.185150337896121e-10
1.4816557362960409e-06
8.847675599668606e-11
-5.836946914047765e-06
8.185146503450364e-10
1.3607781629366197e-06
1.0338451464532381e-09
4.123922022283966e-09
-1.4813767194265934e-11
5.403472928935625e-12
-1.2616326964661842e-06
9.11837798152009e-06
0.07051978760190057
-0.08262326854673206
-1.730635108052004e-09
8.185149372279707e-10
-5.836946914150414e-06
1.4816557364915735e-06
8.847713444750262e-11
8.185155469852689e-10
-5.836946913194338e-06
1.360778162703266e-06
1.033845259346247e-09
-1.4814315359637297e-11
4.1239223671596e-09
5.403535667589603e-12
8.197249390951175e-06
-0.08262326854673219
-0.08262326854673178
0.13992927930171054
2.10464022452321e-09
1.3607781625161066e-06
1.360778162631416e-06
-1.2405152983832126e-06
2.8062090413887914e-09
1.4816557366750388e-06
1.481655737074171e-06
-1.2405152986976748e-06
-4.259514275202776e-10
5.404068356393585e-12
5.4035559527605405e-12
1.9835805120990826e-12
1.636297081742446e-14
1.891328742867011e-13
1.8907098783054613e-13
3.38695200977716e-10
-5.926637434616147e-13
-2.1199184477655362e-13
-2.119394489352169e-13
9.560009746643955e-14
-4.2595156064865723e-10
1.0338455611484234e-09
1.0338456885247214e-09
1.352591028691527e-09
2.1046394783254358e-09
-1.7306355641297739e-09
-1.7306353526281347e-09
3.38695061130018e-10
7.1401256087707e-14
8.185143934647389e-10
-8.007058134352807e-12
-1.7306346544035594e-09
9.284176621446794e-14
-2.7159797169126488e-11
-6.70144089549696e-13
-2.1114254277189467e-13
1.2187761743014539e-09
-2.7397462053097675e-08
1.8499769073169716e-09
1.0338455585005155e-09
3.7094998372866003e-10
8.185146094877598e-10
-8.006939455798072e-12
1.888301118060398e-13
7.133371183945966e-14
-8.00678201731637e-12
8.185149882816893e-10
-1.7306348418189082e-09
9.265842942833747e-14
-6.704746309222475e-13
-2.7159923983482833e-11
-2.1133740415270984e-13
1.2187757188339011e-09
1.8499760734106269e-09
-2.7397462171272694e-08
1.0338449848437946e-09
3.709491356511803e-10
-8.007048129751054e-12
8.185155512043457e-10
1.8891775669807762e-13
-2.021298813162146e-09
3.709491614278988e-10
3.709491502399034e-10
2.1046395197284137e-09
-4.753538395177946e-13
9.289758395169518e-14
9.28885950840307e-14
-5.926276092857487e-13
-4.892095777805225e-10
1.218775695279679e-09
1.2187760127248769e-09
-4.259513702561695e-10
-2.021298941514783e-09
7.10694670041868e-14
7.111760101375842e-14
1.6113591610237904e-14
-5.721147448100683e-13
-1.083169001131223e-09
-7.127869410367214e-10
8.847708738639963e-11
-2.1223144874996265e-13
1.914825284886977e-09
3.0774228938585355e-09
-7.328966784656713e-10
-7.127870535404826e-10
-1.850275047771204e-11
1.0697820851935823e-09
1.0338456298740265e-09
-1.7306354285769355e-09
-5.79821398843285e-07
1.2572422506166675e-09
-5.690521127960674e-10
-1.083168382893868e-09
9.118377982160536e-06
-1.8502231195003893e-11
-5.8369469142023914e-06
-2.7160173525819858e-11
-1.1594437973876072e-06
-8.007620196763365e-12
-2.807996244139084e-10
8.847646440460174e-11
-5.836946913726342e-06
1.0338452794030016e-09
4.123922251048031e-09
8.18515396134433e-10
1.3607781638567751e-06
-1.4814010596481413e-11
5.403862701385665e-12
-2.1254143129752657e-13
-2.715998886232599e-11
-1.730635048517726e-09
8.18514849625472e-10
-6.706513807173679e-13
9.29725125299702e-14
-8.00716672299325e-12
7.131283141947563e-14
3.0774229752213064e-09
-8.006770037691463e-12
1.2572416384136805e-09
-1.4814100926489435e-11
-8.007182207309102e-12
-2.0273478071836696e-12
-1.4814855258270215e-11
1.1497029262960207e-12
1.9148252953550176e-09
-1.159443796902013e-06
-5.798213980894366e-07
1.3607781628473924e-06
9.241451693516839e-14
-6.700917847696617e-12
-2.0269009764016005e-12
2.0505754834576049e-13
-7.32896797907309e-10
-2.807997450768145e-10
-5.690525315162299e-10
5.403996864545743e-12
7.129934636095603e-14
2.0442970618281758e-13
1.1495205043521656e-12
-1.5469982585147014e-16
-5.721130967916196e-13
-7.127868778122011e-10
-1.0831687834256308e-09
8.847616343696836e-11
-2.1199132198113246e-13
3.0774227913450095e-09
1.9148254711183444e-09
-7.328961994150046e-10
-7.127871689286245e-10
1.0697824988806881e-09
-1.850351664270228e-11
1.0338460482153583e-09
-1.730635229035427e-09
1.2572420148543092e-09
-5.798213978335273e-07
-5.69052365508789e-10
-2.1230365126591301e-13
-1.7306353935958572e-09
-2.715969930067477e-11
8.185150367090187e-10
-6.702459335642603e-13
-8.007253971997046e-12
9.295800736667566e-14
7.09031391253052e-14
3.0774234953042423e-09
1.2572419746246216e-09
-8.007020616333498e-12
-1.4814248827024264e-11
-8.007138961491789e-12
-1.4814521970205036e-11
-2.026747492476604e-12
1.150032451198526e-12
-1.0831677798917021e-09
-1.8502844823836038e-11
9.118377981733022e-06
-5.8369469136871015e-06
-2.7159782572698827e-11
-8.007392821216582e-12
-1.1594437969450799e-06
-2.8079959390496503e-10
8.847621634834478e-11
1.03384512844972e-09
-5.8369469126654756e-06
4.1239226234432634e-09
8.185150376625671e-10
-1.4814304595552856e-11
1.3607781633393117e-06
5.403799800883493e-12
1.9148254386585567e-09
-5.798213993412785e-07
-1.1594437969096917e-06
1.3607781629668874e-06
9.268920468504176e-14
-2.027288233537192e-12
-6.701246042871713e-12
2.046463842348245e-13
-7.32896686393424e-10
-5.690526837602458e-10
-2.8079912183580625e-10
5.403223450023675e-12
7.122628368709653e-14
1.1496100127417423e-12
2.0458873586913847e-13
-2.088600148399606e-17
2.8692472230981074e-13
3.2711356535459246e-09
3.271135210128446e-09
2.8062096072563938e-09
9.579669362928798e-14
-7.328963447407856e-10
-7.328968086913945e-10
5.085501852992049e-10
-2.0740558329441813e-13
-7.127867520715171e-10
-7.127869698368721e-10
-4.259523199754983e-10
3.386952082304043e-10
-5.690515671934533e-10
-5.690520561556579e-10
4.3593556390057184e-13
-5.258839991896389e-12
-1.2616326968967878e-06
-1.0831680565964447e-09
1.4816557362335027e-06
-2.1173540330690687e-13
-2.807989079606446e-10
7.090180054587912e-14
5.907683250297499e-12
-3.519634469011862e-13
-1.798660709529424e-10
1.8856933775365152e-13
5.403460107270438e-12
1.8887498505870431e-13
5.403851704205127e-12
1.149994707845669e-12
-9.771143599361687e-16
-5.2584147604006806e-12
-1.0831688573935985e-09
-1.2616326969046468e-06
1.481655736598632e-06
-2.1190793197680064e-13
7.146825353443835e-14
-2.807987722734414e-10
5.907849872536381e-12
-3.525633572891811e-13
1.887560270160463e-13
-1.7986621503413466e-10
5.403576956018593e-12
1.8895703985776816e-13
1.149979125340596e-12
5.404125258840501e-12
-1.3051476717184437e-15
5.961067378412587e-11
7.299616285757951e-07
7.299616290717986e-07
-1.2405152985957537e-06
-5.92221333217479e-13
2.0455252819526112e-13
2.0479774465925096e-13
1.982437273855591e-12
-3.3408163908111173e-13
5.795302745913474e-13
5.793284368192703e-13
1.9832953405257774e-12
1.6145528294912068e-14
-3.1446439055345055e-16
-7.71484419716582e-16
-8.559521038945506e-16
-6.830865635046315e-14
-3.3405509490729054e-13
-3.3423606872873494e-13
2.8704026586959046e-13
-3.3463958746919054e-13
2.871778640391326e-13
2.868313538307185e-13
2.795608409499978e-16
5.085504593504382e-10
-7.328970045602163e-10
-7.328974779950339e-10
9.547284405605893e-14
2.8062090414199124e-09
3.2711351270967097e-09
3.2711351482411994e-09
2.867880947926452e-13
5.085506226403106e-10
2.80620863748618e-09
-7.328971495166703e-10
3.2711355198549856e-09
-7.328967082392608e-10
3.2711353099117137e-09
9.572697826743172e-14
2.8700038915830766e-13
1.969914564956675e-05
1.4526036159650694e-05
-4.892087672528199e-10
-7.328969601806392e-10
1.4526036159290839e-05
2.8062093219341057e-09
-7.328968647010415e-10
-3.3451504592878065e-13
5.085507628733272e-10
-7.328967091153636e-10
2.8062086773058838e-09
3.2711353938918557e-09
-7.328964283206776e-10
9.527272729295275e-14
3.2711353302974616e-09
2.8721811038351036e-13
1.9699145648697105e-05
-4.892091929844674e-10
1.4526036160163825e-05
-7.328968773257403e-10
1.4526036159638529e-05
-7.328965031964851e-10
2.8062079644697126e-09
-3.3409442254975963e-13
1.9699145649879915e-05
1.452603616084667e-05
1.4526036160308298e-05
2.806209165602505e-09
-4.892086767061365e-10
-7.328963755905544e-10
-7.328966448959445e-10
-3.3453258917038575e-13
-0.019250254053582796
1.9699145650193887e-05
1.9699145648151267e-05
5.085505216295443e-10
1.969914564746253e-05
5.085504705688117e-10
5.085506162886302e-10
-6.79925418662088e-14
-3.344616714630229e-13
5.961056692675809e-11
-3.5216005354471496e-13
-5.258276282819787e-12
-3.527363218583616e-13
-5.258332637513884e-12
-2.0799783983034263e-13
2.867082527357498e-13
-7.32896730777439e-10
1.914825296395189e-09
3.0774229544622767e-09
-2.1213395971073553e-13
8.847697633851603e-11
-1.083168237114383e-09
-7.127872825313352e-10
-5.719971881717353e-13
2.8062087604271236e-09
8.197249390361941e-06
8.847713133376769e-11
-1.261632696366529e-06
8.847601189168636e-11
-1.2616326962956375e-06
3.386951900256668e-10
-1.126857783010867e-11
1.452603616029414e-05
-4.836100243269246e-06
1.2187759204308507e-09
-2.807988661519016e-10
-6.239082924440385e-06
1.481655736764763e-06
-5.690524927799122e-10
5.794608553646357e-13
-7.328961523194574e-10
1.9148254165540073e-09
8.847779631542341e-11
-1.0831688459734102e-09
3.0774227267765163e-09
-2.1190403575015315e-13
-7.127864518068614e-10
-5.721782964553952e-13
-4.892093422757308e-10
-2.021299129168817e-09
1.2187754483181036e-09
7.114625020495149e-14
1.218775935699091e-09
7.137153573590193e-14
-4.259515198053352e-10
1.6169555520261697e-14
1.4526036160107036e-05
-4.836100244489642e-06
-6.239082925506971e-06
1.481655736523529e-06
1.2187760298090434e-09
-2.8079910904741914e-10
-5.690525042049627e-10
5.796267976644238e-13
1.969914564817272e-05
6.967978385976241e-11
-9.580789112298676e-10
5.907471104498317e-12
-9.580786973888903e-10
5.907851157786934e-12
4.3567262339865987e-13
-7.555736940139976e-16
-3.342031218336569e-13
-3.527326013468871e-13
5.96097934206674e-11
-5.258699243395579e-12
-3.530493236736624e-13
-2.0794189096491928e-13
-5.258960042536306e-12
2.8722068624371935e-13
-7.328967688913358e-10
3.077423441115487e-09
1.914825238066002e-09
-2.1184611493804965e-13
8.847709523120763e-11
-7.127871109329461e-10
-1.0831686484739002e-09
-5.721746520059484e-13
-7.328969090177805e-10
8.847738627939306e-11
1.914825347557697e-09
-1.0831683304844434e-09
3.0774235343793056e-09
-7.127867116312342e-10
-2.1163293050617965e-13
-5.720935961391178e-13
-4.892101175400212e-10
1.218776225955392e-09
-2.0212992658664353e-09
7.114489104061152e-14
1.2187761259339062e-09
-4.2595132350912205e-10
7.090551746851719e-14
1.6532256155420382e-14
2.806209383496515e-09
8.847711169464881e-11
8.19724939036232e-06
-1.2616326965954923e-06
8.847646931802485e-11
3.386947989961535e-10
-1.2616326965201286e-06
-1.126874169605434e-11
1.4526036160323728e-05
1.2187758817541075e-09
-4.836100243301245e-06
-2.8079893979268764e-10
-6.239082924350926e-06
-5.690521655890748e-10
1.481655736322978e-06
5.797606354168907e-13
1.4526036159681797e-05
-6.239082924588457e-06
-4.836100244757174e-06
1.4816557366431052e-06
1.2187765001084263e-09
-5.690525048266843e-10
-2.8079857056715214e-10
5.790450697441889e-13
1.969914564790885e-05
-9.58078622079526e-10
6.96804231198952e-11
5.907451836905936e-12
-9.58079147655522e-10
4.3512827015736117e-13
5.908097379064858e-12
-1.1382822952775862e-16
2.870753848950063e-13
-5.2588121159818935e-12
-5.258941170637102e-12
5.961076412987288e-11
-2.0756789178850967e-13
-3.524135902003023e-13
-3.523857671373192e-13
-3.3458763638447696e-13
9.554660541880987e-14
-2.1168380308154142e-13
-2.1194268900965711e-13
-5.922776461538279e-13
3.386952238224768e-10
1.8889226483215282e-13
1.8920392276041804e-13
1.6436814371946257e-14
3.2711355935212094e-09
-1.261632696276764e-06
-1.083168628895125e-09
7.299616286258167e-07
-7.127868587769092e-10
-1.798655794767042e-10
1.8901729153544243e-13
5.79502889912423e-13
-7.328966468647524e-10
-2.8079917122617276e-10
7.104774576373899e-14
2.0439431347545964e-13
-5.690519078474139e-10
5.403611959273939e-12
1.1498783014418899e-12
-1.814239965662575e-16
3.2711352996090435e-09
-1.0831682896628314e-09
-1.2616326968180536e-06
7.299616288071349e-07
-7.127866866619352e-10
1.888378687657683e-13
-1.798659117455025e-10
5.793505077476115e-13
-7.328970112111199e-10
7.138522014619232e-14
-2.807985337576811e-10
2.0457726607641237e-13
-5.690524267475709e-10
1.1496785312984549e-12
5.404026510447978e-12
-1.2386010307923385e-16
2.8062093240920346e-09
1.4816557365815261e-06
1.4816557363820185e-06
-1.2405152992030522e-06
-4.2595154409270267e-10
5.403876744031378e-12
5.404207663595904e-12
1.9830836270650327e-12
5.085511369219222e-10
5.907933561039234e-12
5.907983304969416e-12
1.9828285447444764e-12
4.356425424006184e-13
-1.0343051275206533e-15
-1.123652011015405e-15
-5.640764149945006e-16
-3.347485656779859e-13
-3.525360045778379e-13
-3.5238252209181083e-13
-2.0810594233410983e-13
5.961022031189111e-11
-5.2581315889210406e-12
-5.25863228571515e-12
2.8739994092848485e-13
2.8062086923410305e-09
8.847667477391391e-11
8.847691960303679e-11
3.386952268885423e-10
8.197249390190258e-06
-1.2616326964505694e-06
-1.261632695956171e-06
-1.1268477557489258e-11
-7.32896844135504e-10
8.84766241752201e-11
3.0774235040932236e-09
-7.127871131647503e-10
1.9148253741267436e-09
-1.0831684658354751e-09
-2.1192355047325836e-13
-5.723790599804237e-13
1.4526036159884008e-05
-6.239082924662004e-06
1.2187763015296545e-09
-5.690524946128557e-10
-4.836100244785044e-06
1.4816557364679729e-06
-2.8079918503349507e-10
5.792572674935493e-13
-7.328969202366452e-10
3.077423141780812e-09
8.847727089283079e-11
-7.127866957143244e-10
1.9148247803716717e-09
-2.1163167430998323e-13
-1.083168147197764e-09
-5.722344160914036e-13
1.4526036160054315e-05
1.2187760412288377e-09
-6.23908292467797e-06
-5.690524972660989e-10
-4.836100244368352e-06
-2.8079961487824444e-10
1.4816557369153835e-06
5.793722576309398e-13
-4.892100239457241e-10
1.2187765362751663e-09
1.2187759677869679e-09
-4.2595140192536306e-10
-2.0212987974623373e-09
7.110110133755688e-14
7.1062647202549e-14
1.6250739489566945e-14
1.9699145646771135e-05
-9.580780705633095e-10
-9.58079597169607e-10
4.355868564943062e-13
6.968063121604146e-11
5.907626978813313e-12
5.907204913316386e-12
-5.702121514445346e-17
2.8702440067427396e-13
-5.258165771389008e-12
-2.0784501333841865e-13
-3.524998640827032e-13
-5.258513693573418e-12
5.961011646938154e-11
-3.52882273117768e-13
-3.3407115409242667e-13
3.27113550626203e-09
-1.083168254818601e-09
-7.127869677919544e-10
1.8878605697250323e-13
-1.2616326966755979e-06
7.299616288736522e-07
-1.798658773531475e-10
5.790802349019752e-13
3.271135433939529e-09
-1.261632696369943e-06
-7.127874195372271e-10
-1.7986591212930468e-10
-1.0831681502447037e-09
7.299616291923834e-07
1.8909175270152026e-13
5.794340074849013e-13
2.8062087193230292e-09
1.4816557367005897e-06
-4.259517260357455e-10
5.403742331645948e-12
1.4816557366612505e-06
-1.2405152983643752e-06
5.403805398250054e-12
1.9828633572424823e-12
9.555350723032485e-14
-2.122630602101451e-13
3.3869469872382714e-10
1.8925590853420232e-13
-2.1173292291654044e-13
-5.926679697408283e-13
1.8875234861838918e-13
1.6453157591673376e-14
-7.328960658396183e-10
7.110938191779654e-14
-5.690520154918199e-10
1.1498180236101232e-12
-2.8079911830575514e-10
2.052118447456953e-13
5.403600950946527e-12
-7.474648795355554e-16
-7.328970835300997e-10
-2.8079940085711206e-10
-5.690527907422892e-10
5.403544718567355e-12
7.127746653577975e-14
2.0457150475990046e-13
1.1499627529736243e-12
-9.524667545247518e-16
5.085501921730159e-10
5.9079946139732515e-12
4.3532102685094445e-13
-9.84913363926358e-16
5.907495579827391e-12
1.982620689922696e-12
-1.420139059657758e-15
-5.227087647937391e-16
2.869048770976495e-13
-2.0766093149753633e-13
-5.258856751890463e-12
-3.523334086456774e-13
-5.258653317092234e-12
-3.5273477986738774e-13
5.961019996493295e-11
-3.3422560202240547e-13
3.271135074840719e-09
-7.127871510597689e-10
-1.083168256562727e-09
1.8899814778728146e-13
-1.2616326967005224e-06
-1.7986601624777952e-10
7.299616293479565e-07
5.800065722540195e-13
9.589427679632359e-14
3.386955998827063e-10
-2.1187091769354383e-13
1.8895040154619006e-13
-2.11748275479033e-13
1.8885657091658076e-13
-5.927375786075796e-13
1.6600668544736336e-14
-7.328968717543047e-10
-5.690520249939622e-10
7.113915518900827e-14
1.1498292648219153e-12
-2.8079878798279025e-10
5.40368129565783e-12
2.0466149409597843e-13
-4.759702271454814e-16
3.271135662338401e-09
-7.127868365927245e-10
-1.2616326968881872e-06
-1.7986624215198755e-10
-1.0831685919442965e-09
1.8931520506668848e-13
7.299616290474425e-07
5.798403122717208e-13
2.8062092225779615e-09
-4.2595165266765264e-10
1.481655736097836e-06
5.4037803559741626e-12
1.4816557371623078e-06
5.404227605562669e-12
-1.2405152981695106e-06
1.9827347995354075e-12
-7.328972140935486e-10
-5.690524698920756e-10
-2.807993400423571e-10
5.4034961163064456e-12
7.131500261866349e-14
1.149750837203577e-12
2.0476244804706992e-13
-1.4640957376132464e-16
5.085501130538156e-10
4.3568539636582217e-13
5.907895127156166e-12
-1.5244189944101204e-15
5.9077795221011494e-12
-1.3170673739823682e-15
1.9826578637294274e-12
-1.3197155098201443e-16
1.4324172953688202e-16
2.8740042821732203e-13
2.8722493315216047e-13
-3.345123158232455e-13
2.8671434398161166e-13
-3.3456046506522234e-13
-3.347638530357477e-13
-6.82810569982884e-14
2.873647350422893e-13
-5.721696382045122e-13
-5.723389668443415e-13
1.6277426896566124e-14
-1.1268947540147489e-11
5.797155180191358e-13
5.796639555662432e-13
-5.130143957553913e-16
2.875175931352491e-13
-1.1269271522636775e-11
-5.724969499515967e-13
5.794502788512841e-13
-5.72351545261796e-13
5.795406041559246e-13
1.625515073163167e-14
-3.862019994063239e-16
-3.344554157982047e-13
5.794120602955185e-13
1.628567888253426e-14
-3.379278836142808e-16
5.791765472341866e-13
1.9826043823015513e-12
-1.1013385944243301e-16
5.605420063086286e-16
2.867106148711891e-13
-5.723288189491949e-13
-1.1269478215296585e-11
5.797040999868067e-13
-5.720680028355747e-13
1.6373682122385768e-14
5.798964483096964e-13
-2.423920945119269e-16
-3.345779948906526e-13
1.640210007437108e-14
5.793521273443425e-13
1.8098738605051955e-17
5.793500780603292e-13
-1.961142682797064e-16
1.9829436140627947e-12
4.048075119335518e-16
-3.3451703436408053e-13
5.796098294571208e-13
5.793003751958648e-13
1.9827141913762234e-12
1.6389623292025243e-14
-3.8767393518269267e-16
-4.947166676183841e-17
7.452831153899887e-17
-6.818417794235784e-14
-4.824164772166505e-16
-7.582148315289014e-16
-2.903684124395959e-17
-7.312244992777112e-16
-2.113430986906562e-16
-4.259614261833289e-16
-8.117594575007981e-17
