3.69783714060006e-12
1.1790498640963715e-07
1.1790498264307174e-07
7.051391841460555e-05
1.1790498395320466e-07
7.05139184167777e-05
7.051391841839457e-05
-0.07550050528540948
1.179049878795453e-07
-3.395722306777711e-07
-3.3957223132576306e-07
-1.0906727020345267e-08
-0.020657877986086984
0.014755582250720661
0.014755582250720647
7.05139184213051e-05
1.1790498678167717e-07
-0.020657877986095505
-3.3957223434975686e-07
0.014755582250720307
-3.395722310951609e-07
0.014755582250720574
-1.0906729090152702e-08
7.05139184181122e-05
7.051391841480664e-05
0.014755582250716336
-1.0906726020520311e-08
-3.3957223342749156e-07
0.014755582250717362
-0.020657877986091637
-3.3957223381493984e-07
1.1790498600316897e-07
1.1790498345005545e-07
-3.395722352752683e-07
-0.020657877986097885
0.014755582250718548
-3.395722342792855e-07
-1.090672599655894e-08
0.014755582250720886
7.051391841679443e-05
7.05139184119861e-05
-1.0906727571087717e-08
0.014755582250720722
-3.395722334576187e-07
0.014755582250718175
-3.395722318461019e-07
-0.020657877986095086
1.1790498738489302e-07
7.0513918417032e-05
0.014755582250734886
0.0147555822507192
-0.020657877986095075
-1.0906725056368868e-08
-3.395722362361146e-07
-3.3957223431024887e-07
1.1790498342707719e-07
-0.07550050528541931
7.05139184208987e-05
7.051391842123684e-05
1.1790498637654924e-07
7.051391841514804e-05
1.1790498406074737e-07
1.1790498757611986e-07
3.697183091818174e-12
