3.59384931470064e-16
1.263141976220604e-16
8.320455420412222e-17
-5.600245234953023e-16
6.323696844414281e-17
-8.008390356407068e-16
-1.0857008806335862e-15
-2.810577303739538e-14
1.9645576043128906e-16
-1.4670467230531233e-16
1.8975473313351153e-16
7.214503988839644e-15
-1.0329424281991643e-11
1.3215110417200278e-11
1.3215257858781188e-11
-6.492372822002094e-14
3.4470115348041196e-16
-1.0329524011514407e-11
1.6848001849022046e-16
1.3215350422606563e-11
-9.974339178998529e-17
1.3214522506573778e-11
6.870461209220868e-15
-6.506648077172389e-14
-1.8622511885902685e-16
1.3214982510441822e-11
7.188070892891591e-15
6.951060538254319e-13
1.3214603818126691e-11
-5.2999950072087583e-11
6.956470360603394e-13
4.137935292866298e-13
4.404311191858716e-16
-1.7884650015157117e-16
-1.0329364816562925e-11
1.32148897030392e-11
2.0876145049518886e-17
6.7290887072505966e-15
1.3214660323556993e-11
-6.49478840863007e-14
-4.165318917742922e-16
7.0537537523433705e-15
1.3215075652740015e-11
6.95199484738565e-13
1.32147654780901e-11
6.955433537887631e-13
-5.300010371814267e-11
4.14300309499296e-13
-5.474211286776004e-16
1.3215075656312131e-11
1.3214960263085496e-11
-5.300009389939355e-11
6.8656739907914605e-15
6.949757044199023e-13
6.952333324629497e-13
4.140640311309787e-13
-2.8120205334127848e-14
-6.452423843414991e-14
-6.443098105382118e-14
4.140435138767191e-13
-6.448587005957679e-14
4.1382078722275045e-13
4.139120743319905e-13
2.8325793884083045e-16
3.5778003569478896e-16
-1.0330806511358881e-11
-6.070502784606115e-16
3.023240442106747e-11
-1.6984160527266602e-16
3.0232722719923685e-11
-1.1879951636051093e-12
3.2798110177718795e-09
2.856577783590687e-16
1.3050388174560048e-11
1.2224361663448804e-13
-1.2105659198413067e-13
2.8236605820715626e-11
1.5831651601146451e-09
-2.058663197518788e-10
-1.0459900553232288e-09
-1.0329815835626551e-11
5.047315062548439e-07
2.8236346477949625e-11
-9.854227940882354e-07
2.823658120053667e-11
-9.85422794279201e-07
-2.2234322605294198e-09
3.1901529430185657e-09
1.321466114064551e-11
-2.992454208243861e-07
-7.887881640058535e-14
-2.7812414131164743e-10
-1.095028939328764e-09
8.433638624917429e-07
5.292369375301588e-10
-1.133002073173002e-09
2.282383574756059e-16
1.3050027196829959e-11
2.823678689764654e-11
1.583164978674567e-09
1.2184047457498066e-13
-1.2102852573973802e-13
-2.0586562918141013e-10
-1.0459901685680482e-09
6.866950781204134e-15
-5.493993256164462e-13
-7.938059601852888e-14
3.4287397317787687e-13
-7.914664666719209e-14
3.4326696927881345e-13
-5.259870877538525e-10
3.187869833333404e-13
1.3215260095049803e-11
-2.9924542063358667e-07
-1.0950279791917438e-09
8.433638623122827e-07
-7.891803683264838e-14
-2.7812380118984026e-10
5.292371112272207e-10
-1.1330019822608484e-09
-6.455878419486972e-14
1.1647702058662587e-10
1.4444898062389067e-12
-2.7184268967462255e-11
1.4445071801664821e-12
-2.7184183069286355e-11
-1.8057029669976164e-12
4.140650913869798e-13
-6.743894852562489e-17
-1.399917193767274e-16
-1.0331085297260605e-11
3.023261113504741e-11
6.219110967713962e-16
-1.1880152888986495e-12
3.023293243133985e-11
3.2798110693812934e-09
1.8640068226984752e-16
1.223331364849505e-13
1.3050123358208594e-11
-1.207319757180168e-13
2.823625117974888e-11
-2.0586569942407928e-10
1.583165149940525e-09
-1.0459893683150704e-09
-8.474668007405617e-17
2.8236760724919978e-11
1.3049940416189389e-11
1.5831653855368092e-09
1.2195123718517698e-13
-2.0586576045909828e-10
-1.2064103797612266e-13
-1.0459899866267589e-09
6.847613237069746e-15
-7.909128966393349e-14
-5.495486760082339e-13
3.4310358269146e-13
-7.909445474982097e-14
-5.25987398540912e-10
3.4292187669368667e-13
3.182748278362367e-13
-1.0330044365174612e-11
2.8236729388311954e-11
5.047315056165415e-07
-9.854227946865693e-07
2.823690941828398e-11
-2.2234318813496557e-09
-9.854227948778052e-07
3.190153788341625e-09
1.3214434797131924e-11
-7.92979678861844e-14
-2.9924542047495847e-07
-2.7812433889661067e-10
-1.095028878051874e-09
5.292369050981055e-10
8.433638617163603e-07
-1.1330021213231962e-09
1.3214835089363797e-11
-1.0950283151909848e-09
-2.9924542028100603e-07
8.433638620049607e-07
-7.90416347020801e-14
5.292370667169583e-10
-2.781236065356211e-10
-1.1330023061166024e-09
-6.478799378560797e-14
1.4443329499939689e-12
1.1647660959843384e-10
-2.7184409477683277e-11
1.4451328099160218e-12
-1.8052584548282064e-12
-2.7184349023577927e-11
4.139667586508597e-13
-4.3562815682214265e-16
3.023220374829479e-11
3.023216894328816e-11
-3.449804011860307e-10
-1.188031593166876e-12
-2.685424757340222e-09
-2.6854254670707866e-09
1.560587446675684e-07
6.29327179481612e-15
-1.2097286055711127e-13
-1.2074944845272837e-13
2.529964933631154e-09
-2.2234317290856462e-09
1.901594737838622e-09
1.9015946875177073e-09
-1.016863287042305e-09
1.3214877267368436e-11
-9.854227942278055e-07
1.5831651749919012e-09
8.657883540910331e-06
-2.0586550058721034e-10
5.8924924664250575e-06
1.9015948581682933e-09
-1.9493088037378563e-05
6.95684409623331e-13
-2.781238861177642e-10
3.428805660158926e-13
-4.717647533070523e-10
5.292364161574289e-10
-2.0719311507941513e-10
1.876815028942754e-09
-1.045989963947841e-09
1.3214741675407784e-11
1.5831646468209373e-09
-9.854227946570797e-07
8.657883541507803e-06
-2.0586578315396735e-10
1.9015944805751155e-09
5.892492467520026e-06
-1.9493088036872322e-05
6.953001897150009e-13
3.4284312424572394e-13
-2.7812398528085236e-10
-4.717642338502196e-10
5.292365356207941e-10
1.8768154934046056e-09
-2.0719223656605816e-10
-1.0459897038955164e-09
-5.300004441105237e-11
8.433638630031637e-07
8.433638625307671e-07
-1.4386332328522658e-05
-5.25987008648511e-10
-2.0719234840540121e-10
-2.0719190504064604e-10
3.190152767677005e-09
4.134306734129832e-13
-2.7184467997214564e-11
-2.7184432101860733e-11
1.1647705884560688e-10
-1.8057781519930377e-12
1.4444987840238069e-12
1.4445470139062588e-12
-6.466436451674391e-14
-3.7316076502813694e-16
-2.808860547761439e-16
3.285046866492165e-16
-1.1878519559560802e-12
-1.033108588476814e-11
3.023264761546497e-11
3.023236110197156e-11
3.2798113023746445e-09
-1.0329407494275875e-11
2.82367357352362e-11
2.8236906903277573e-11
-2.2234318123589057e-09
5.047315058351216e-07
-9.854227939773025e-07
-9.85422794162088e-07
3.190153033925791e-09
1.679463382263262e-16
2.823723548110273e-11
1.2242053985005476e-13
-2.058658987098351e-10
1.3050246027590193e-11
1.583164855950962e-09
-1.2068861592089311e-13
-1.0459900537097516e-09
1.3214684985596571e-11
-1.0950281176145813e-09
-7.912980013270862e-14
5.292367374912656e-10
-2.9924542040208494e-07
8.433638623827638e-07
-2.781240969758766e-10
-1.1330022127106903e-09
-9.739225659814574e-17
1.2214168690199248e-13
2.82367228777848e-11
-2.058655798764089e-10
1.3049898913023533e-11
-1.2056159221077468e-13
1.5831645887150267e-09
-1.0459900255400268e-09
1.321520933946249e-11
-7.916176710108402e-14
-1.0950283075337664e-09
5.29236689895475e-10
-2.9924542010041596e-07
-2.7812338198462516e-10
8.433638626010513e-07
-1.1330018406107309e-09
6.970282425912067e-15
-7.866260250549118e-14
-7.906625567103589e-14
-5.259869062560122e-10
-5.496399473581111e-13
3.4318376877370477e-13
3.431894718115357e-13
3.188988709349349e-13
-6.467451947715257e-14
1.4445782526537674e-12
1.4447256858766106e-12
-1.8059236763475024e-12
1.1647699699783262e-10
-2.718377971040468e-11
-2.718416648279004e-11
4.137261518824735e-13
-3.264371296977368e-16
3.02325029806644e-11
-1.1876171676558167e-12
-2.6854252075542853e-09
3.023185470841434e-11
-3.4498082844927593e-10
-2.6854253260786262e-09
1.5605874329622688e-07
1.3215027980956934e-11
1.5831651542456047e-09
-2.058660449837301e-10
1.9015948176510463e-09
-9.854227943085512e-07
8.65788354246772e-06
5.892492466053485e-06
-1.949308803678852e-05
1.3215027661947365e-11
-9.854227946826317e-07
-2.058660311729307e-10
5.892492467058856e-06
1.5831650769209317e-09
8.657883541618924e-06
1.9015950112053734e-09
-1.9493088036980197e-05
-5.299977319266977e-11
8.433638623963769e-07
-5.259873305831898e-10
-2.0719202227402604e-10
8.433638625707789e-07
-1.438633232953387e-05
-2.0719133849069062e-10
3.1901533901836463e-09
7.149539573593287e-15
-1.213538922821681e-13
-2.2234326742873927e-09
1.901594635210536e-09
-1.2095990114067746e-13
2.5299646749634953e-09
1.9015944786336266e-09
-1.016863780774257e-09
6.952257740296312e-13
3.432749239907977e-13
5.292368258828679e-10
1.876815627137775e-09
-2.781235020276169e-10
-4.717650099315763e-10
-2.0719206931829014e-10
-1.0459896673865146e-09
6.954114718036266e-13
-2.7812359503448563e-10
5.29236568784281e-10
-2.0719235723045854e-10
3.432173351664689e-13
-4.717645197932309e-10
1.8768154769486518e-09
-1.045989859083187e-09
4.143876498094458e-13
-2.7183927210351502e-11
-1.8054598288755098e-12
1.4437858831004122e-12
-2.7183924112444328e-11
1.1647706627346229e-10
1.4442016298995418e-12
-6.499957632980438e-14
-7.161291696525013e-16
-1.1874863331918597e-12
3.023209739270434e-11
-2.685425555702238e-09
3.023254871276699e-11
-2.6854253232542114e-09
-3.4498126131628735e-10
1.5605874367552304e-07
1.321526033397042e-11
-2.0586626021964346e-10
1.583165704434289e-09
1.901594356317564e-09
-9.854227938878423e-07
5.892492467173899e-06
8.657883540582953e-06
-1.949308803610863e-05
6.941412208696459e-15
-2.2234322533696897e-09
-1.2097180201809557e-13
1.9015950884614717e-09
-1.2095583704845391e-13
1.9015942618662086e-09
2.5299645968912167e-09
-1.0168634995600597e-09
6.950609951506743e-13
5.292367206449024e-10
3.4333636912934067e-13
1.8768152886549547e-09
-2.781236519281853e-10
-2.0719265881479274e-10
-4.717648422620973e-10
-1.0459898758344068e-09
1.321502863897964e-11
-2.058659873582301e-10
-9.854227950195405e-07
5.892492467217638e-06
1.5831650159802074e-09
1.9015949764947747e-09
8.657883541229775e-06
-1.9493088036131483e-05
-5.299942572631968e-11
-5.25987575944412e-10
8.433638625605986e-07
-2.0719222516428019e-10
8.433638627946654e-07
-2.071925026384549e-10
-1.438633232784727e-05
3.1901531103467113e-09
6.954388136740314e-13
5.292366965450814e-10
-2.7812379559332716e-10
-2.0719189936902528e-10
3.429054501197046e-13
1.876815827153625e-09
-4.717643966689843e-10
-1.0459900385027754e-09
4.135810573797107e-13
-1.8053788490669646e-12
-2.7183755918962305e-11
1.4444363132717944e-12
-2.7183960440514866e-11
1.4442670029503149e-12
1.1647676592248615e-10
-6.480691611485604e-14
-2.7750411036592178e-14
3.2798111829130116e-09
3.279811176551157e-09
1.5605874499043013e-07
3.27981118834029e-09
1.5605874506733346e-07
1.5605874445427116e-07
-0.1265269824383008
-6.466459627565806e-14
-1.0459901080889898e-09
-1.0459896368807653e-09
-1.0168630690702676e-09
3.190152801326747e-09
-1.9493088037279928e-05
-1.9493088036903774e-05
1.5605874406747648e-07
-6.455853330162007e-14
3.190153020963267e-09
-1.045990660236715e-09
-1.949308803650873e-05
-1.0459898385474143e-09
-1.9493088036760764e-05
-1.0168625943644658e-09
1.560587435932109e-07
4.1365831338298634e-13
-1.1330023023518555e-09
3.1879692977194024e-13
-1.0459898140579047e-09
-1.1330021838388312e-09
3.190153306954327e-09
-1.0459899619889898e-09
3.279810843619667e-09
-6.405119893369587e-14
-1.0459904523171715e-09
3.1901525565287374e-09
-1.9493088035744813e-05
-1.045989773079006e-09
-1.0168638186113592e-09
-1.9493088036909822e-05
1.5605874412570676e-07
4.1439489049564904e-13
3.1897129324438115e-13
-1.1330016884629506e-09
-1.045989722088899e-09
-1.133001994238505e-09
-1.0459900034166236e-09
3.1901532620204083e-09
3.2798113144758287e-09
4.1343312202007924e-13
-1.1330015710595907e-09
-1.133001832388575e-09
3.190153423350182e-09
3.1872097472780753e-13
-1.0459906501544355e-09
-1.0459900337093373e-09
3.2798110919624833e-09
5.517901724494438e-16
4.139902851631154e-13
4.138611375561053e-13
-6.439287391210377e-14
4.141202000458729e-13
-6.481571830130581e-14
-6.467914982878357e-14
-2.829731041687386e-14
3.11188914650374e-17
3.324952416281007e-17
-2.1388942209199258e-16
6.511686642605056e-15
-1.0329437048701764e-11
1.321545999306794e-11
1.3214728875934364e-11
-6.518439671072422e-14
-1.0330663476653344e-11
1.3049933925544457e-11
1.3049840403878648e-11
-5.498156492574966e-13
5.047315052558271e-07
-2.992454201486061e-07
-2.992454211262769e-07
1.164769480269918e-10
-1.2596810176389543e-16
2.8236323116924847e-11
1.2171336583406227e-13
-7.905492107977587e-14
2.823662775048982e-11
-1.0950284939030379e-09
-7.906869233314754e-14
1.4443230888632054e-12
3.023191587971752e-11
1.5831650057989233e-09
-1.2094557688154218e-13
3.4300900937008584e-13
-9.854227942473658e-07
8.433638624355731e-07
-2.7812361056740017e-10
-2.718385364917439e-11
-2.3304818138062885e-16
1.2249004124451626e-13
2.8236829439773903e-11
-7.923043749778453e-14
2.8236672151754205e-11
-7.901561475277855e-14
-1.0950282942183456e-09
1.4444602075246494e-12
3.0232399370745566e-11
-1.2090938562998494e-13
1.5831651967668349e-09
3.428260318707558e-13
-9.854227941297642e-07
-2.781233172267251e-10
8.433638622441344e-07
-2.718407540361556e-11
-1.1872079402654471e-12
-2.0586598891222547e-10
-2.0586544727087619e-10
-5.259869442619416e-10
-2.223431720606473e-09
5.292367536680656e-10
5.292367985515994e-10
-1.8054390542349855e-12
3.279811566601165e-09
-1.045989557419042e-09
-1.045989632098544e-09
3.191603498500558e-13
3.190153541092623e-09
-1.1330022376661314e-09
-1.1330026127558624e-09
4.14387771927855e-13
-1.1910222535167e-16
1.3049784129053523e-11
1.2222383292385154e-13
-1.2063501259251054e-13
2.8236615949783063e-11
1.5831649316720304e-09
-2.0586572754963541e-10
-1.0459898516900948e-09
1.3050133176796442e-11
-4.3531340746218244e-11
-1.0432858425546028e-11
1.0796289663031166e-13
-8.64476909008684e-07
7.389850749924428e-07
3.7743570964638463e-07
-4.717649766920493e-10
2.8237257575268477e-11
-8.644769078788165e-07
-8.788715978113242e-12
2.532031666727119e-10
-2.105495420140849e-09
5.6334123084931454e-06
2.3915147774528796e-10
-2.0719249494188744e-10
1.5831650356077878e-09
7.389850745813309e-07
2.491134974692246e-11
-6.324775446047535e-11
5.633412308460641e-06
-8.727803753349256e-06
3.5924656895801795e-10
-2.7812348656890905e-10
1.217617074440122e-13
-1.0433342269851587e-11
-8.789063632700292e-12
2.491128755056648e-11
-8.789389562437191e-12
2.491168207097515e-11
-3.175593105400441e-09
1.8768147863469213e-09
-1.2074855854767218e-13
1.0779067925624378e-13
2.4911595475880652e-11
-2.8178753975764786e-13
2.5320138017713236e-10
-6.324740557827505e-11
1.8460213718920048e-10
3.431711886775092e-13
-2.0586586850693188e-10
3.774357097116255e-07
-3.1755927866263596e-09
1.8460226484600285e-10
2.3915134752241406e-10
3.592460205230036e-10
5.17383766464802e-10
5.292369197652217e-10
-1.0459897272627819e-09
-4.717640612490691e-10
1.8768151385453785e-09
3.4286645301489693e-13
-2.0719206508695453e-10
-2.7812323683280094e-10
5.292364457714428e-10
6.947852469441244e-13
1.427746416131773e-16
1.2204475403513487e-13
1.3050119458118641e-11
-1.2052998543424686e-13
2.82361631566151e-11
-2.058654848227247e-10
1.5831651008645035e-09
-1.0459899599178364e-09
1.3049941104496346e-11
-1.0433003930294676e-11
-4.353097530646444e-11
1.0789506704643825e-13
-8.644769084362657e-07
3.7743570953638787e-07
7.389850749377941e-07
-4.717651162814503e-10
1.2196798248188032e-13
-8.788913667777136e-12
-1.043268957435924e-11
2.4911354228319066e-11
-8.789436413380511e-12
-3.175593027062722e-09
2.4911809040557856e-11
1.876815518059444e-09
-1.2079276594736698e-13
2.4911789258952816e-11
1.076434145064629e-13
-2.8181350500583185e-13
2.5320240054387544e-10
1.8460166276448438e-10
-6.324736058901181e-11
3.4295545375270234e-13
2.8236844954876886e-11
-8.789423846221382e-12
-8.64476908412659e-07
2.532028910571317e-10
-2.105495799396759e-09
2.391511525012649e-10
5.63341230737386e-06
-2.0719238860984332e-10
1.5831650675358635e-09
2.4911532348182172e-11
7.389850748281554e-07
-6.324782506017617e-11
5.633412308004551e-06
3.592470485848386e-10
-8.727803753041966e-06
-2.781240049940567e-10
-2.0586545425889069e-10
-3.1755926640263215e-09
3.7743571004065745e-07
1.8460281142156964e-10
2.3915119019403385e-10
5.173837922928049e-10
3.5924628774944694e-10
5.292368370454221e-10
-1.0459896284731942e-09
1.8768157782914745e-09
-4.717645941578735e-10
3.4289213398657805e-13
-2.0719232004735232e-10
5.292366084529825e-10
-2.781237776572078e-10
6.950006481637415e-13
6.610067747423955e-15
-1.2082947619913555e-13
-1.2073499477021294e-13
2.529963429831307e-09
-2.2234315014269264e-09
1.901594350778366e-09
1.9015946127350374e-09
-1.016863917328539e-09
-5.492984867230586e-13
1.0782877344974482e-13
1.0789030687299732e-13
-6.482120049064901e-13
-1.4299150995992718e-10
1.3147237799300198e-09
1.3147245012155779e-09
2.529963861653805e-09
-7.91434756136423e-14
2.5320240951453364e-10
2.491184223800581e-11
1.3147235139605361e-09
2.3915165512820325e-10
-3.9603649179769176e-08
-1.6606769590708762e-09
1.9015942765391974e-09
3.432005566515472e-13
-6.324745561084178e-11
-2.8180629961886424e-13
1.0788814214811892e-13
1.846029771542333e-10
2.532023099589805e-10
2.491194550884918e-11
-1.2054949072246798e-13
-7.928578067373172e-14
2.491163799270938e-11
2.5320305343579637e-10
1.314724104273728e-09
2.391509108924759e-10
-1.6606771747627603e-09
-3.9603648510135104e-08
1.901595023880743e-09
3.4305506313826353e-13
-2.8139431990773347e-13
-6.32480875664781e-11
1.0763100860769197e-13
1.8460285940182665e-10
2.491210475865007e-11
2.532021805809118e-10
-1.2083253586038704e-13
-5.259870184189918e-10
1.8460255700551862e-10
1.8460236034950995e-10
-1.4299177360430514e-10
-1.5796967785740636e-09
2.391514053833902e-10
2.391512341264858e-10
-2.223432070800613e-09
3.188605076535692e-13
3.4249239032882376e-13
3.4284984728143655e-13
-5.494696012951076e-13
-5.259869945788999e-10
-7.921155769748591e-14
-7.919473775339665e-14
6.664374682662091e-15
-1.032945424006354e-11
2.8236952457597484e-11
2.8236778508487896e-11
-2.2234316942996574e-09
5.047315064798305e-07
-9.854227942135038e-07
-9.854227943648667e-07
3.1901534175836095e-09
5.047315057131108e-07
-8.644769084922889e-07
-8.644769077009688e-07
-1.429912740097037e-10
0.09744763876313081
-0.057010994938153176
-0.05701099493815243
-1.4386332329567813e-05
2.8237056023606204e-11
-2.1054950307875254e-09
-8.789319332566748e-12
2.3915161501285625e-10
-8.644769080310512e-07
5.6334123079177195e-06
2.532025038501231e-10
-2.0719249758570482e-10
-9.854227950060884e-07
5.633412307839079e-06
2.532018901973684e-10
1.846022821235651e-10
-0.05701099493815165
0.04859288867122697
-8.727803753218947e-06
8.433638621728396e-07
2.8237158356840328e-11
-8.78881550757703e-12
-2.1054955971405827e-09
2.3915123321154315e-10
-8.644769086573998e-07
2.532022313279652e-10
5.633412308189193e-06
-2.0719234931335234e-10
-9.854227945183914e-07
2.532025072799634e-10
5.63341230869566e-06
1.8460240152487613e-10
-0.057010994938155354
-8.727803752664484e-06
0.048592888671229566
8.433638621721397e-07
-2.2234320715168594e-09
2.391514077559001e-10
2.391512380506562e-10
-1.5796967223606652e-09
-1.4299218832352506e-10
1.846026195420756e-10
1.8460227401811153e-10
-5.259865506789334e-10
3.190152871999221e-09
-2.0719177297428284e-10
-2.0719192785255096e-10
-5.259867558293482e-10
-1.438633232807411e-05
8.433638625450059e-07
8.433638619323276e-07
-5.30003793599193e-11
1.3214978530155878e-11
1.583165252135781e-09
-2.0586571668916025e-10
1.9015942514479577e-09
-9.854227943493732e-07
8.657883540814154e-06
5.892492466124344e-06
-1.949308803711414e-05
-2.992454206571725e-07
7.389850752415929e-07
3.7743570964795566e-07
1.3147242532145125e-09
-0.057010994938151885
0.048549808281308754
0.0242097765498074
8.657883541160152e-06
-1.0950284506516713e-09
5.63341230848237e-06
-3.1755931171700646e-09
-3.960364860603531e-08
5.633412308446482e-06
0.024209776549807365
-3.9603647890488436e-08
5.892492466383376e-06
8.433638619374836e-07
-8.72780375249777e-06
1.8460252542245165e-10
2.5320258254624156e-10
0.048592888671229226
-0.05701099493815447
5.633412308722413e-06
-9.854227941462328e-07
-7.960588028551653e-14
2.4911783536740048e-11
2.3915164634253495e-10
-1.6606766107815478e-09
2.5320186248495807e-10
1.3147238571420484e-09
-3.9603649063183925e-08
1.9015944298999016e-09
-2.781234461639054e-10
-6.32477801303342e-11
3.5924712518820116e-10
2.4912072532840956e-11
-8.727803753267218e-06
7.389850755132331e-07
5.63341230768899e-06
1.58316515958966e-09
5.292367333508879e-10
3.5924646894248714e-10
5.173831352728098e-10
2.3915111889190924e-10
1.846028831441298e-10
3.77435709508926e-07
-3.1755932162374532e-09
-2.058659596473275e-10
-1.1330022524970304e-09
-2.7812332374165143e-10
5.292369579496699e-10
-7.903958257025009e-14
8.433638625780595e-07
-2.992454203064308e-07
-1.0950282592297974e-09
1.3214842048571673e-11
1.3215061292344131e-11
-2.0586614315245764e-10
1.5831648800162355e-09
1.901594238166524e-09
-9.854227939217943e-07
5.892492467264735e-06
8.657883540796629e-06
-1.9493088036313114e-05
-2.992454204788271e-07
3.774357095304504e-07
7.389850751988166e-07
1.31472452211332e-09
-0.057010994938155396
0.024209776549809776
0.04854980828130792
8.657883541592544e-06
-7.890666032186497e-14
2.391514168587487e-10
2.4911396159347775e-11
-1.660676491278836e-09
2.5320222434188533e-10
-3.9603648407012376e-08
1.314723694830082e-09
1.9015948501945232e-09
-2.781240474673778e-10
3.59246730744285e-10
-6.324807264996563e-11
2.4911995997313136e-11
-8.727803754287191e-06
5.6334123079608665e-06
7.389850757586143e-07
1.5831652399459745e-09
-1.0950290146153734e-09
-3.1755923361470414e-09
5.63341230795601e-06
-3.960364860775208e-08
5.633412308882809e-06
-3.9603648642966294e-08
0.024209776549806123
5.892492467038841e-06
8.433638621257306e-07
1.8460260183483393e-10
-8.727803753043403e-06
2.532022105462313e-10
0.04859288867123349
5.6334123082829085e-06
-0.057010994938158144
-9.854227945125183e-07
5.29237161368225e-10
5.173834200532577e-10
3.592465192264759e-10
2.391507590303109e-10
1.8460278536367304e-10
-3.1755930674980285e-09
3.77435709563038e-07
-2.0586555778374957e-10
-1.1330022192196046e-09
5.292368796526038e-10
-2.781234179708633e-10
-7.901212482147642e-14
8.433638626953785e-07
-1.0950289359418343e-09
-2.992454203727401e-07
1.3214539217987755e-11
-6.451208131726158e-14
-1.045989853964687e-09
-1.045990140404176e-09
-1.0168639527711994e-09
3.190153211241181e-09
-1.9493088036696556e-05
-1.94930880360106e-05
1.560587439294971e-07
1.1647700939423024e-10
-4.717644963799281e-10
-4.717642332046664e-10
2.5299648196282793e-09
-1.438633232934129e-05
8.657883541074966e-06
8.657883541518621e-06
-3.449814891778084e-10
1.4445719596224441e-12
-2.07191431770855e-10
1.8768154967397933e-09
1.9015943387022274e-09
-2.071922920969765e-10
5.8924924659089815e-06
1.9015950923604897e-09
-2.685425180557463e-09
-2.718391552159689e-11
-2.781241033059685e-10
3.4251646781957885e-13
-1.207971674182156e-13
8.433638621539938e-07
-9.854227941661961e-07
1.5831650313915573e-09
3.0232490802439244e-11
1.444406923697725e-12
1.8768155670045578e-09
-2.0719236447151066e-10
1.9015948082036242e-09
-2.0719266115151523e-10
1.9015947142772744e-09
5.892492466157203e-06
-2.685424915233701e-09
-2.718377394298586e-11
3.431801114115929e-13
-2.7812375964652087e-10
-1.2151496373137423e-13
8.433638623617048e-07
1.583164918157999e-09
-9.854227940566659e-07
3.023238494358486e-11
-1.8053322792000764e-12
5.292367026567912e-10
5.292373200636603e-10
-2.2234314512914313e-09
-5.259870945512732e-10
-2.0586613389135646e-10
-2.0586593527888557e-10
-1.1883979999833412e-12
4.1424183257231047e-13
6.949857462167121e-13
6.95224450209295e-13
7.310038236602037e-15
-5.3000704464194215e-11
1.3214796075296257e-11
1.3215385133610551e-11
-3.191020912480671e-16
2.247386452330697e-16
-1.0329654221427208e-11
4.229750295672768e-16
1.321472185439935e-11
4.085673526829979e-16
1.3215025444646647e-11
6.681001727296974e-15
-6.458833899792236e-14
1.154581624179535e-16
2.8237154910469667e-11
1.2186434228117066e-13
-7.915467595558305e-14
2.8236478180309896e-11
-1.095028412876504e-09
-7.904406041024108e-14
1.4439261094841323e-12
-1.0330229038735641e-11
5.047315062439776e-07
1.305092525951413e-11
-2.9924542034059326e-07
1.3049979157532509e-11
-2.9924542009667933e-07
-5.497816439113218e-13
1.164775739238734e-10
3.023206619816059e-11
-9.854227941306015e-07
-1.2092081657847126e-13
-2.7812344516195773e-10
1.5831652293075672e-09
8.433638624071728e-07
3.433080643175698e-13
-2.7184028779318122e-11
-2.1914285746225633e-16
2.8236465928964307e-11
2.8236698735625788e-11
-1.0950282736779362e-09
1.2255969312957143e-13
-7.888285200628455e-14
-7.881939222406473e-14
1.4442717290196111e-12
-1.1877764021435624e-12
-2.2234317692468937e-09
-2.0586563780621868e-10
5.292363569434194e-10
-2.0586580155540746e-10
5.292372332142084e-10
-5.259871018869857e-10
-1.8054482449289425e-12
3.023217745703568e-11
-9.854227945340035e-07
1.5831655792652678e-09
8.433638625448214e-07
-1.2112544801346955e-13
-2.781235267832448e-10
3.429590899676406e-13
-2.7184340312066166e-11
3.279810960621718e-09
3.1901528713735284e-09
-1.0459896394034056e-09
-1.133002531314852e-09
-1.0459902691140447e-09
-1.1330015921056354e-09
3.190594904255381e-13
4.138525974422873e-13
-1.0329785316394743e-11
5.047315064801198e-07
2.8236686165064338e-11
-9.854227942241074e-07
2.8236859902657858e-11
-9.854227943556336e-07
-2.2234323001867844e-09
3.1901531682123345e-09
2.8237155647168178e-11
-8.644769084027184e-07
-8.788795351813893e-12
2.532025553213549e-10
-2.10549506921882e-09
5.6334123086846155e-06
2.391518139000218e-10
-2.0719232288201105e-10
5.047315057784894e-07
0.09744763876313076
-8.644769082671445e-07
-0.05701099493815598
-8.644769084900414e-07
-0.057010994938154244
-1.4299175195693457e-10
-1.4386332329208956e-05
-9.85422793902188e-07
-0.05701099493815228
2.532022795387089e-10
-8.727803753625579e-06
5.633412308140235e-06
0.04859288867122601
1.8460269787764679e-10
8.433638626100731e-07
2.8236650250563508e-11
-8.644769084123759e-07
-2.1054955253010102e-09
5.633412308431376e-06
-8.789109480935677e-12
2.5320279870826755e-10
2.391514422697316e-10
-2.071919507451372e-10
-2.223431913441635e-09
-1.429915845101921e-10
2.3915181431110343e-10
1.8460247746156276e-10
2.391512689772869e-10
1.8460274115098322e-10
-1.5796968082388817e-09
-5.259872138541043e-10
-9.85422794298251e-07
-0.057010994938152225
5.633412308112873e-06
0.04859288867123334
2.532022316636705e-10
-8.727803753918354e-06
1.8460263713690884e-10
8.433638622703218e-07
3.1901534086304717e-09
-1.4386332330024989e-05
-2.0719175790207335e-10
8.433638627806437e-07
-2.07192628309199e-10
8.433638621317046e-07
-5.259872741255022e-10
-5.300055951433572e-11
1.9521340325034588e-16
2.8236608620677474e-11
1.30503726363108e-11
1.5831650337327847e-09
1.2225296505519416e-13
-2.058662338321234e-10
-1.2068176835707044e-13
-1.0459901649240417e-09
1.2161098027133857e-13
-8.788825993534732e-12
-1.0433192000624381e-11
2.4911425213182e-11
-8.7889560214066e-12
-3.1755925789611113e-09
2.4912020893368165e-11
1.876815503128944e-09
1.30503165070905e-11
-8.644769084008183e-07
-4.3530609006526894e-11
7.389850751542162e-07
-1.0432826854095528e-11
3.774357101578759e-07
1.0759115676322017e-13
-4.717648701782021e-10
-1.207717952646083e-13
2.5320256113454857e-10
1.079539873570486e-13
-6.32474274444853e-11
2.4912093793986317e-11
1.8460305353391162e-10
-2.8160583509290257e-13
3.4330052693254045e-13
2.8237070541554035e-11
-2.105496507988829e-09
-8.64476908087897e-07
5.633412307721281e-06
-8.789392891502712e-12
2.391517841594416e-10
2.5320228848501905e-10
-2.0719127525341495e-10
-2.05866149670246e-10
2.391516851660575e-10
3.774357101157809e-07
3.5924702974162003e-10
-3.1755930369367662e-09
5.173832634892518e-10
1.8460256049228301e-10
5.292367106655551e-10
1.5831656397911196e-09
5.633412307763123e-06
7.389850749834325e-07
-8.727803753467665e-06
2.491112030078474e-11
3.592465552913955e-10
-6.324779608677058e-11
-2.7812317826762103e-10
-1.045989366270747e-09
-2.071916833594371e-10
-4.717643596099733e-10
-2.781240276760723e-10
1.8768150881085787e-09
5.292365482277924e-10
3.4303937740356927e-13
6.951416573145368e-13
1.3214631090686627e-11
-9.854227938318057e-07
1.5831654291907133e-09
8.657883540939967e-06
-2.0586588026535921e-10
5.89249246619781e-06
1.901595296579638e-09
-1.949308803693875e-05
-7.931505233871288e-14
2.5320251294576685e-10
2.4911516912751236e-11
1.3147245921813439e-09
2.391510349909456e-10
-3.9603648716018426e-08
-1.6606770027731873e-09
1.9015945877800063e-09
-2.9924542019609415e-07
-0.05701099493815249
7.389850752573532e-07
0.04854980828131177
3.774357096896096e-07
0.02420977654980947
1.3147238812432536e-09
8.65788354108599e-06
-2.781242448024851e-10
-8.727803753225381e-06
-6.324759761813031e-11
7.389850751660645e-07
3.592462905128558e-10
5.633412307855151e-06
2.4912034475418838e-11
1.5831648057948653e-09
-1.0950281480502819e-09
5.633412307934182e-06
5.633412307724569e-06
0.024209776549809627
-3.1755923592152136e-09
-3.9603648794713246e-08
-3.960364786710064e-08
5.892492466095127e-06
5.292371650717496e-10
1.8460256132313714e-10
3.592465418412248e-10
3.7743570969991235e-07
5.173836735605366e-10
-3.1755934377473666e-09
2.391515127579439e-10
-2.0586559999485693e-10
8.43363861910472e-07
0.04859288867122779
-8.727803753162865e-06
-0.057010994938156714
1.8460222908818087e-10
5.633412307918477e-06
2.5320267255481677e-10
-9.85422794923435e-07
-1.1330024657969594e-09
8.433638622146188e-07
-2.781238469313744e-10
-2.9924542105688705e-07
5.2923664647568e-10
-1.0950288817737323e-09
-7.926195091383148e-14
1.3215016079713936e-11
4.702036155722379e-16
2.8236453141141594e-11
1.2248727464452588e-13
-2.0586562586237212e-10
1.3050361354903258e-11
1.5831658867560635e-09
-1.2074463792179186e-13
-1.0459901283925738e-09
2.8236632790928943e-11
-2.1054954750544872e-09
-8.789189032040973e-12
2.391514490252139e-10
-8.644769085128204e-07
5.6334123076973055e-06
2.532026861519024e-10
-2.0719224191962115e-10
1.3050204782445413e-11
-8.644769088627344e-07
-1.0432948952388931e-11
3.7743570988442323e-07
-4.3530669871261335e-11
7.389850751338803e-07
1.07729793321253e-13
-4.717644451228688e-10
1.5831655449112858e-09
5.633412308373688e-06
2.4912057423181568e-11
3.5924645713981264e-10
7.389850758754271e-07
-8.72780375285816e-06
-6.324764567199529e-11
-2.781238056319002e-10
1.2242063233904243e-13
-8.789092775270123e-12
-8.788526692108785e-12
-3.1755926096977396e-09
-1.043306500373642e-11
2.4912089745804427e-11
2.4911622022047256e-11
1.876815575865221e-09
-2.0586640047667945e-10
2.39152137084026e-10
-3.175593161041387e-09
5.173832200706448e-10
3.774357097361811e-07
3.5924648234565825e-10
1.84602531596221e-10
5.292374760990956e-10
-1.2096844461834209e-13
2.532031430278389e-10
2.491166878701476e-11
1.8460261200957818e-10
1.0734302897727702e-13
-6.324747186715323e-11
-2.817151531569428e-13
3.4265329541421433e-13
-1.0459896592748266e-09
-2.0719172977930176e-10
1.876815347360095e-09
5.292365093360098e-10
-4.717643031701288e-10
-2.781234309477506e-10
3.4306323979175655e-13
6.955842130348842e-13
1.3214933969765903e-11
-9.854227948476e-07
-2.0586550082258275e-10
5.892492466548849e-06
1.5831652409286861e-09
8.657883540539661e-06
1.9015947248795308e-09
-1.9493088037453214e-05
-1.0950276719045476e-09
5.633412307344086e-06
-3.175592756805742e-09
-3.960364863848039e-08
5.633412308653775e-06
0.02420977654980601
-3.960364921220317e-08
5.892492466799136e-06
-2.992454204283349e-07
-0.05701099493815581
3.7743570993321667e-07
0.024209776549810123
7.389850748742784e-07
0.04854980828130829
1.3147245010871798e-09
8.65788354040257e-06
8.433638626951446e-07
0.04859288867122744
1.8460261780126023e-10
5.633412308243643e-06
-8.727803752868069e-06
-0.057010994938152156
2.5320228119390177e-10
-9.854227944987199e-07
-7.897756273235398e-14
2.5320259629722325e-10
2.3915111498270174e-10
-3.960364764788207e-08
2.4911459177678273e-11
1.314723525823837e-09
-1.6606766590444853e-09
1.901594786548181e-09
5.292365940379656e-10
1.8460226775613933e-10
5.173832979804048e-10
-3.1755929945143048e-09
3.5924636840354947e-10
3.7743570949279357e-07
2.3915099322365557e-10
-2.058655132691895e-10
-2.7812396224534427e-10
-8.727803752829605e-06
3.5924667368922515e-10
5.633412308336152e-06
-6.324730201877759e-11
7.389850752354459e-07
2.4911928488515443e-11
1.5831651647921253e-09
-1.1330017987870733e-09
8.433638627374399e-07
5.292367884036637e-10
-1.095028413445423e-09
-2.7812373789640503e-10
-2.992454208938727e-07
-7.86913394409489e-14
1.3215050649173307e-11
6.909253151823458e-15
-2.223431998148935e-09
-1.206569579450993e-13
1.9015951515568716e-09
-1.210671377205832e-13
1.9015945719672536e-09
2.5299640282234805e-09
-1.0168635857352141e-09
-7.903379067358304e-14
2.3915141964070217e-10
2.491149895105453e-11
-1.6606770907324576e-09
2.53202431113318e-10
-3.9603648364269506e-08
1.3147239057448417e-09
1.90159439301354e-09
-5.496803135700601e-13
-1.429926446423061e-10
1.0780113824443883e-13
1.3147250415080666e-09
1.0798624153735004e-13
1.3147243600987802e-09
-6.47767450937744e-13
2.5299644654032875e-09
3.4267872315593384e-13
1.8460186796765587e-10
-2.8200797448529703e-13
2.4911885610666065e-11
-6.324782523899515e-11
2.532029816077341e-10
1.0838643952131832e-13
-1.206868686155089e-13
-7.917231664557582e-14
2.391515121947822e-10
2.532023672568779e-10
-3.960364871959573e-08
2.4911682786317105e-11
-1.6606767672813563e-09
1.3147237745837033e-09
1.9015938663388402e-09
-5.259863739740296e-10
-1.5796962958892913e-09
1.8460279744920598e-10
2.3915131582258755e-10
1.8460275204317234e-10
2.3915173014401e-10
-1.429918578309437e-10
-2.2234318027760994e-09
3.4351084960063424e-13
1.8460290432170696e-10
-6.32481107668971e-11
2.532029010746235e-10
-2.8201213365749024e-13
2.4911890142869695e-11
1.0781748753957753e-13
-1.2125672739245047e-13
3.186532349518634e-13
-5.259871646243549e-10
3.4322753631999963e-13
-7.902094455909158e-14
3.4258064813754117e-13
-7.943100016683675e-14
-5.495908894014074e-13
7.046892902152104e-15
-6.47706695906548e-14
3.1901524081188734e-09
-1.045989804831797e-09
-1.9493088036782204e-05
-1.0459896468852947e-09
-1.9493088036749516e-05
-1.0168639125409762e-09
1.5605874467519278e-07
1.4441393314523714e-12
-2.0719178478999404e-10
1.8768156189764935e-09
1.9015942020600813e-09
-2.0719173433292633e-10
5.8924924672334345e-06
1.9015944691764674e-09
-2.6854256164781195e-09
1.1647718200566821e-10
-1.4386332329347832e-05
-4.717648863801821e-10
8.657883540808027e-06
-4.717651510450311e-10
8.657883542132586e-06
2.529964001941582e-09
-3.4498059085334203e-10
-2.7184249193940437e-11
8.433638618243865e-07
3.433778356835197e-13
1.5831649636740953e-09
-2.7812351762396756e-10
-9.85422794343843e-07
-1.2107717803533631e-13
3.0232256671680705e-11
1.4445778882935785e-12
-2.0719203035553829e-10
-2.0719210661850838e-10
5.892492466635478e-06
1.876815768993985e-09
1.9015948547294285e-09
1.9015947222336166e-09
-2.6854246819120625e-09
-1.8051670190254721e-12
-5.259869971018669e-10
5.292365111065081e-10
-2.0586588392242414e-10
5.292365145561942e-10
-2.058658715689983e-10
-2.2234322311812146e-09
-1.1878616422486025e-12
-2.718432587327264e-11
8.43363863213683e-07
-2.781239486273801e-10
-9.854227944354023e-07
3.430529808341107e-13
1.5831652681262203e-09
-1.2123353088234636e-13
3.023219233087944e-11
4.145597192331199e-13
-5.300010505908748e-11
6.951023252927279e-13
1.3214786779806761e-11
6.952806961801142e-13
1.3214849846433967e-11
7.284342736811191e-15
4.326883660737851e-17
-4.473672330864335e-16
1.3215023328319711e-11
6.830609058192383e-15
6.950686082273845e-13
1.3214983161411271e-11
-5.2999978498535524e-11
6.952125510825819e-13
4.1392996795594035e-13
3.023231855880146e-11
1.583165072300547e-09
-1.2127492502859477e-13
3.430498884916751e-13
-9.854227937382423e-07
8.433638620340711e-07
-2.781236255487044e-10
-2.7184318076125556e-11
3.023278089875179e-11
-9.854227940560166e-07
-1.207523269499843e-13
-2.781236352808196e-10
1.5831651707090272e-09
8.433638621577592e-07
3.4306805375579364e-13
-2.7184136005805603e-11
-3.449810374660273e-10
8.65788354123724e-06
2.5299645730262764e-09
-4.717653248027967e-10
8.657883540907052e-06
-1.4386332329585674e-05
-4.7176499757226e-10
1.1647691793820158e-10
-1.1880639504668198e-12
-2.0586615489558302e-10
-2.223432243579316e-09
5.292366033528883e-10
-2.058658170602352e-10
-5.259867680121949e-10
5.292373267744874e-10
-1.805216308312728e-12
-2.6854252903381392e-09
1.9015949646219073e-09
1.901594608977244e-09
1.8768155123505464e-09
5.892492466558433e-06
-2.0719207543449406e-10
-2.0719211161055534e-10
1.444722781554648e-12
-2.685425539752433e-09
5.892492467670681e-06
1.901595106856617e-09
-2.0719232820207297e-10
1.9015943678589965e-09
-2.0719227700258235e-10
1.876815917281583e-09
1.44454394071975e-12
1.56058744356009e-07
-1.9493088037016517e-05
-1.0168639018235254e-09
-1.0459904570025715e-09
-1.9493088036292314e-05
3.190152969578949e-09
-1.045989653590313e-09
-6.462717074284404e-14
1.321489058011217e-11
-2.9924542063753236e-07
-7.889595852106563e-14
-2.781236088076722e-10
-1.0950280372668733e-09
8.433638621117425e-07
5.292369540825311e-10
-1.1330026560786188e-09
1.5831653161789747e-09
7.389850748827028e-07
2.4912303972705638e-11
-6.32481209615437e-11
5.633412308483239e-06
-8.727803752827011e-06
3.592468049530393e-10
-2.7812418376337744e-10
-9.85422794046918e-07
-0.057010994938149734
2.532019934726039e-10
-8.727803753745024e-06
5.633412308129449e-06
0.04859288867123063
1.84602279038813e-10
8.433638625941942e-07
8.657883541288582e-06
0.04854980828130438
1.314724126406219e-09
7.389850748099297e-07
0.02420977654980646
-0.057010994938153786
3.7743570894232957e-07
-2.992454205584271e-07
-2.0586593935163476e-10
3.77435709908489e-07
2.391515030570054e-10
3.592464092430294e-10
-3.1755930900967666e-09
1.8460361364315149e-10
5.173832355470302e-10
5.292367820576675e-10
1.9015948752200418e-09
1.3147237953734733e-09
-1.6606766417518317e-09
2.4911750206079778e-11
-3.960364866783795e-08
2.5320267738086247e-10
2.3915138683566294e-10
-7.95549201405886e-14
5.892492467309619e-06
0.024209776549808864
-3.960364848379587e-08
5.633412307425748e-06
-3.9603648330503014e-08
5.633412309045991e-06
-3.1755928113333276e-09
-1.0950283652234384e-09
-1.9493088037815713e-05
8.657883542738769e-06
1.9015952831626285e-09
1.583165395233173e-09
5.892492466333148e-06
-9.854227947182727e-07
-2.0586544933457924e-10
1.3214518874449457e-11
6.5298964333999744e-15
-7.920736760592893e-14
-5.497356438751344e-13
3.434000556770927e-13
-7.927744233890006e-14
-5.2598684970351e-10
3.430908147019908e-13
3.187534139905783e-13
-1.2078031361425595e-13
2.491165591622841e-11
1.080716594716612e-13
-2.817109290924165e-13
2.532020818750379e-10
1.8460271913113926e-10
-6.324748049122915e-11
3.4285793042773267e-13
-1.2060177507546582e-13
2.532025266842025e-10
1.07767915516103e-13
-6.324804752975945e-11
2.491183302766943e-11
1.8460233919362807e-10
-2.814328576899421e-13
3.42702426303687e-13
2.529964519814533e-09
1.3147246214260628e-09
-6.479233381039328e-13
1.080938453102026e-13
1.314724431175604e-09
-1.4299164222142166e-10
1.0741847075839865e-13
-5.495947852116342e-13
-2.223432019094238e-09
2.391517705798215e-10
-1.4299209110805113e-10
1.8460251649433096e-10
2.39150800286317e-10
-1.5796964517998165e-09
1.8460289633874732e-10
-5.259865351969121e-10
1.9015947638708144e-09
-1.6606765618955086e-09
1.3147236726590852e-09
2.4911407533904407e-11
-3.9603648143622856e-08
2.3915142453373316e-10
2.532020392711209e-10
-7.934975309936527e-14
1.9015946273048164e-09
-3.9603648726241644e-08
1.314724873012256e-09
2.5320229753658497e-10
-1.6606766364372961e-09
2.391513545480215e-10
2.491169027218022e-11
-7.900290937881203e-14
-1.0168633932055047e-09
1.9015939001919574e-09
2.5299642507366957e-09
-1.2101202721260523e-13
1.901594656091635e-09
-2.223432294825635e-09
-1.2115360302602022e-13
6.691151930904825e-15
6.951950319347583e-13
-2.781236027130472e-10
3.431654120144033e-13
-4.71765176384982e-10
5.29237085474066e-10
-2.0719206318659297e-10
1.8768151127915225e-09
-1.0459905955449667e-09
3.430078241581493e-13
-6.324729922116469e-11
-2.815894997684901e-13
1.0759590338139431e-13
1.8460264592538446e-10
2.5320283081790244e-10
2.4911819200543055e-11
-1.212286657700293e-13
-2.781238355468499e-10
-8.727803753872655e-06
-6.324809136320945e-11
7.389850758207995e-07
3.592461844683305e-10
5.633412308318315e-06
2.4912002264400806e-11
1.5831647665707045e-09
-4.717647072852898e-10
7.38985075150591e-07
1.077613027121107e-13
-4.353060994944403e-11
3.774357093698032e-07
-8.644769080618267e-07
-1.0433540889776631e-11
1.3050211000142403e-11
5.292368031325143e-10
3.592464368505004e-10
1.8460239043185278e-10
3.7743570954343587e-07
5.173830194646516e-10
2.3915100329947556e-10
-3.175592303002948e-09
-2.058654330831563e-10
1.876815600473102e-09
2.491141338083787e-11
2.491162857706343e-11
-1.0433179062897203e-11
-3.1755930605515787e-09
-8.78942102883626e-12
-8.788615221214762e-12
1.221397551317994e-13
-2.071922461737239e-10
5.6334123083188676e-06
2.532026323646671e-10
-8.644769082973459e-07
2.391513506962422e-10
-2.1054960331775905e-09
-8.788993356859293e-12
2.823688471132265e-11
-1.045989871892113e-09
1.5831649000885528e-09
-1.2085375189857515e-13
1.3049664565171904e-11
-2.0586605916846377e-10
2.8236319737401782e-11
1.2217894662537577e-13
-4.365277891373205e-16
1.3215099142671705e-11
-1.0950291206758633e-09
-7.88515135282405e-14
5.292369362454191e-10
-2.992454200277361e-07
8.433638622488459e-07
-2.781234788696733e-10
-1.1330021656523537e-09
-9.854227941431153e-07
5.6334123088012e-06
2.532023685214292e-10
1.8460254723122711e-10
-0.0570109949381523
0.04859288867123023
-8.727803754041294e-06
8.433638618726173e-07
1.5831651517984874e-09
5.633412307982478e-06
2.491170208421865e-11
3.5924629077362635e-10
7.389850752572877e-07
-8.727803753646833e-06
-6.324763845252828e-11
-2.7812357364077823e-10
8.657883541749875e-06
0.024209776549809138
1.3147240407395538e-09
3.7743571021723936e-07
0.048549808281307325
-0.05701099493815474
7.389850754554648e-07
-2.992454204717323e-07
-2.0586546967246439e-10
-3.1755929883732774e-09
2.391511794162882e-10
5.173833535610643e-10
3.774357095976888e-07
1.8460274697564212e-10
3.592465723916086e-10
5.292361771099368e-10
5.892492465929992e-06
-3.960364888911301e-08
-3.9603648503218716e-08
-3.175593385185145e-09
0.024209776549810463
5.633412308544963e-06
5.633412308475207e-06
-1.0950285791990317e-09
1.901594293185649e-09
-3.960364847630985e-08
-1.6606763854595512e-09
2.391514794205701e-10
1.314724195189312e-09
2.53202050129333e-10
2.49116365901596e-11
-7.909526964772711e-14
-1.9493088037111182e-05
5.892492466461624e-06
1.901595238436492e-09
-2.058654517365719e-10
8.657883542155846e-06
-9.854227939965824e-07
1.5831654346160857e-09
1.3214712515473381e-11
-5.300048490975911e-11
8.433638622279905e-07
-5.259871035788887e-10
-2.071919952776186e-10
8.433638623231661e-07
-1.438633232976789e-05
-2.0719192991276434e-10
3.1901534960845014e-09
8.433638615956531e-07
-8.727803752101335e-06
1.8460271138179747e-10
2.5320250775932605e-10
0.048592888671228344
-0.05701099493815502
5.633412307883996e-06
-9.854227946292218e-07
8.433638624515959e-07
0.04859288867122902
1.8460281738233175e-10
5.633412308728875e-06
-8.727803752455418e-06
-0.05701099493815497
2.532022219953632e-10
-9.85422794908476e-07
-1.4386332329315525e-05
-0.057010994938156874
-1.4299194827812922e-10
-8.644769083647746e-07
-0.057010994938156374
0.09744763876312373
-8.644769085198775e-07
5.047315059801846e-07
-5.259869481347372e-10
1.8460252057580463e-10
-1.5796963113129488e-09
2.3915167011862565e-10
1.8460251255360512e-10
-1.429916530925281e-10
2.391514539319007e-10
-2.2234320856529728e-09
-2.071919525369724e-10
2.5320204217473926e-10
2.3915161935471105e-10
-8.78935568484825e-12
5.633412308611779e-06
-8.644769079701914e-07
-2.1054953555113435e-09
2.8236852633842473e-11
-2.0719251153690287e-10
5.633412308521094e-06
2.3915082548940767e-10
-2.1054955891182526e-09
2.5320186581678073e-10
-8.644769087156069e-07
-8.78883678339266e-12
2.8236317560380522e-11
3.190153671391982e-09
-9.85422794378421e-07
-2.223431989130679e-09
2.82365175141996e-11
-9.85422794277103e-07
5.047315061238993e-07
2.8236920977683023e-11
-1.0329872049594456e-11
6.954999878131632e-13
5.292369239761603e-10
3.426735316356264e-13
1.876815573025895e-09
-2.781233857992089e-10
-2.0719229427812036e-10
-4.717648209115954e-10
-1.0459901240557841e-09
-2.7812374398653113e-10
3.592466004890665e-10
-6.324754963104933e-11
2.4911362307070813e-11
-8.727803753132809e-06
5.633412308082451e-06
7.389850747272842e-07
1.5831648117695933e-09
3.4325828213850023e-13
1.846022826995839e-10
-2.8164763293824207e-13
2.491173481965311e-11
-6.324800404334824e-11
2.5320297540616825e-10
1.0785099794269764e-13
-1.2058002698277118e-13
-4.717647303747712e-10
3.774357095692666e-07
1.0756745114940222e-13
-1.0432766349012382e-11
7.389850756501757e-07
-8.644769076952298e-07
-4.353052825982298e-11
1.3050158517495455e-11
5.292366381241424e-10
5.173834356890545e-10
1.8460298219349403e-10
-3.175592879669783e-09
3.592463351240793e-10
2.391510585274667e-10
3.774357096020805e-07
-2.058658569199669e-10
-2.0719213644015175e-10
2.39151602555423e-10
2.5320251067274706e-10
-8.788984842971642e-12
5.633412307816591e-06
-2.105496317635915e-09
-8.644769081511302e-07
2.823677774162904e-11
1.87681541529253e-09
-3.175593053146293e-09
2.491141738243271e-11
-8.789352002243805e-12
2.4911819058391824e-11
-8.789367633655213e-12
-1.0432904998148086e-11
1.2212317860215978e-13
-1.0459899085909084e-09
-2.0586544773738615e-10
-1.2116530237126647e-13
1.2180162888918173e-13
1.583164530658964e-09
2.8236894237735128e-11
1.3050374937307222e-11
1.302346394684237e-17
4.137758528185067e-13
-1.133002157591085e-09
3.191142215273095e-13
-1.0459895792964138e-09
-1.1330018804555948e-09
3.1901537052048224e-09
-1.04599013208853e-09
3.2798111328121473e-09
-2.7183967678458772e-11
-2.7812403871185213e-10
3.4297726035546384e-13
-1.2069420148255632e-13
8.433638617898134e-07
-9.854227943673961e-07
1.5831648463275388e-09
3.023231610626616e-11
-2.718397481594628e-11
8.433638625082129e-07
3.4311105174561175e-13
1.5831650048467886e-09
-2.781236423322321e-10
-9.854227940835666e-07
-1.209202923157966e-13
3.023197274832042e-11
1.1647680254017905e-10
-2.9924542047423897e-07
-5.494369941624415e-13
1.3050595104118118e-11
-2.9924542057204105e-07
5.04731505940579e-07
1.305019316156345e-11
-1.033079153703615e-11
-1.8051289675403647e-12
5.292365618370846e-10
-5.259866796848007e-10
-2.0586605697520335e-10
5.29236733623651e-10
-2.2234318471550804e-09
-2.0586568347820304e-10
-1.1876681554463822e-12
1.4444939415252942e-12
-7.880007079857367e-14
-7.93902719070004e-14
1.2200884776915288e-13
-1.0950284308165504e-09
2.8236640222074513e-11
2.823668171537936e-11
1.1485829750989549e-17
1.4446335108979918e-12
-1.0950291086192334e-09
-7.877317172824392e-14
2.8236890109627903e-11
-7.878151610839524e-14
2.8236864860874316e-11
1.2204651484337314e-13
-2.9596435776301824e-16
-6.45527631133909e-14
1.3214601186971702e-11
6.628668715217189e-15
-2.1575128518541805e-16
1.3214681662108402e-11
-1.0329700530755e-11
2.8930595513948663e-16
-3.2708332304727055e-16
7.006908504601336e-17
5.088213350985872e-16
-1.032991189071119e-11
1.3214792405400883e-11
2.8576507257337295e-16
6.996114110392893e-15
1.321522104098528e-11
-6.517745454332329e-14
-1.7551618142972498e-16
1.2210249963974415e-13
2.8237148496443575e-11
-7.905771760335608e-14
2.823710910118237e-11
-7.863237335133343e-14
-1.0950283660969603e-09
1.444372627925551e-12
-3.520370168086012e-16
2.823653081613603e-11
2.8236690265977444e-11
-1.0950283284397609e-09
1.2216113865726484e-13
-7.921127784209902e-14
-7.928724045205716e-14
1.4451048703153728e-12
-1.1879071060206723e-12
-2.0586601883202137e-10
-2.223431902891675e-09
5.292370094158001e-10
-2.0586564436998225e-10
-5.25987178272224e-10
5.292363671232686e-10
-1.8056869773800252e-12
-1.033031187071193e-11
1.3050654885307533e-11
5.047315062649065e-07
-2.9924542066370833e-07
1.3049957101469896e-11
-5.494572801010378e-13
-2.992454200747548e-07
1.1647667703538217e-10
3.023272889633275e-11
-1.2062572744460082e-13
-9.85422793794e-07
-2.7812363468297044e-10
1.583164792733318e-09
3.432893518276069e-13
8.433638624883192e-07
-2.7184082736197438e-11
3.0232509673540864e-11
1.5831648735273456e-09
-9.854227942858391e-07
8.433638619371609e-07
-1.2084340397330794e-13
3.43398100993185e-13
-2.781241274109801e-10
-2.718344231200555e-11
3.2798106958757965e-09
-1.0459900981050052e-09
3.1901538753249775e-09
-1.1330024545606343e-09
-1.0459899141264232e-09
3.1899911306515863e-13
-1.1330021069610375e-09
4.135907030268746e-13
2.51168144967118e-16
1.3049964221975803e-11
2.8236968896652567e-11
1.5831648754906976e-09
1.224400205788801e-13
-1.2077447817766643e-13
-2.0586573530660823e-10
-1.0459894569208939e-09
1.217481537093654e-13
-1.0432954003166963e-11
-8.788844559810052e-12
2.491154562076286e-11
-8.788792205765423e-12
2.4911763697295602e-11
-3.175592835233674e-09
1.876815173495631e-09
2.8237027452088656e-11
-8.644769083414198e-07
-2.105496075823978e-09
5.6334123089576295e-06
-8.788836666134326e-12
2.532022180969767e-10
2.3915183101530276e-10
-2.0719265246986306e-10
-2.0586554621971182e-10
3.7743570987657954e-07
2.39151247390955e-10
3.592459283126158e-10
-3.17559246894176e-09
1.8460288847786488e-10
5.173832172487943e-10
5.292365558722789e-10
1.3050444300241927e-11
-4.353121899759083e-11
-8.644769085165311e-07
7.389850754424047e-07
-1.0433073194533887e-11
1.0826272202918216e-13
3.7743570979533267e-07
-4.717649926214734e-10
-1.2060699253935252e-13
1.0757616773884126e-13
2.532024407953705e-10
-6.32471613562564e-11
2.4912394376141258e-11
-2.817890186274614e-13
1.8460245802614632e-10
3.4320149557645225e-13
1.5831654938050502e-09
7.389850753435682e-07
5.6334123086736515e-06
-8.72780375361339e-06
2.4911287539565885e-11
-6.324790708284357e-11
3.592459423632705e-10
-2.78123309802e-10
-1.0459896162792444e-09
-4.717646527021669e-10
-2.0719224511287077e-10
-2.7812365365178645e-10
1.876815581642984e-09
3.4283423982906877e-13
5.292367125728105e-10
6.953084367454288e-13
-1.032970184386936e-11
2.8236827093237835e-11
5.047315057366122e-07
-9.854227940846785e-07
2.8236852113966036e-11
-2.2234319617542914e-09
-9.854227945762012e-07
3.1901530392131933e-09
2.8236826238214873e-11
-8.789264370792249e-12
-8.644769088849757e-07
2.532029779650749e-10
-2.1054948959745423e-09
2.391512719769678e-10
5.633412308006148e-06
-2.0719211189247039e-10
2.8237157818747313e-11
-2.105495584618529e-09
-8.644769085892806e-07
5.633412307870313e-06
-8.788567284769183e-12
2.3915127124314014e-10
2.5320283799375857e-10
-2.0719158650392423e-10
-2.223432039842341e-09
2.3915169685813924e-10
-1.4299151436077156e-10
1.846029938837969e-10
2.391517050195023e-10
-1.57969693187887e-09
1.8460227099485226e-10
-5.259870184545625e-10
5.047315056722548e-07
-8.644769085041839e-07
0.09744763876313878
-0.05701099493815747
-8.644769088837642e-07
-1.4299182722296148e-10
-0.0570109949381577
-1.4386332328890893e-05
-9.854227944389035e-07
2.5320225922837977e-10
-0.057010994938156694
-8.727803752853137e-06
5.633412308197191e-06
1.846026776535795e-10
0.048592888671231106
8.433638624361043e-07
-9.854227949487775e-07
5.6334123087141745e-06
-0.057010994938158574
0.048592888671233174
2.5320243014498355e-10
1.8460268897282583e-10
-8.727803753649528e-06
8.433638623198308e-07
3.190153389440676e-09
-2.0719226550601856e-10
-1.4386332328150163e-05
8.43363863442079e-07
-2.071919264277519e-10
-5.259871885875476e-10
8.433638628447411e-07
-5.300049297924491e-11
1.3214975642975626e-11
1.5831653989349123e-09
-9.854227941921998e-07
8.65788354197798e-06
-2.0586547377595551e-10
1.9015949209042948e-09
5.892492467156428e-06
-1.9493088037189393e-05
-7.914311727250789e-14
2.4911451295101038e-11
2.53202180405207e-10
1.3147241099078828e-09
2.3915166287157083e-10
-1.660676392740457e-09
-3.960364863947874e-08
1.9015945649369265e-09
-1.0950283865003888e-09
5.633412307689231e-06
5.633412308373178e-06
0.024209776549810127
-3.1755928034537585e-09
-3.9603647811139805e-08
-3.96036483881982e-08
5.89249246656569e-06
5.292366283725035e-10
3.5924569961551296e-10
1.8460269760343926e-10
3.774357095568055e-07
5.173834542256387e-10
2.391515966027799e-10
-3.175593201177519e-09
-2.0586559043952786e-10
-2.992454204274141e-07
7.389850754673693e-07
-0.05701099493815426
0.04854980828131182
3.77435709892221e-07
1.314724090371486e-09
0.02420977654981082
8.657883540806712e-06
-2.7812352705182674e-10
-6.324775889242013e-11
-8.727803753592797e-06
7.389850745496713e-07
3.59246278004452e-10
2.4911569912690734e-11
5.6334123083047806e-06
1.583164875033245e-09
8.433638614227918e-07
-8.727803753018998e-06
0.048592888671230794
-0.05701099493815839
1.8460249541011986e-10
2.532028899502066e-10
5.633412308128714e-06
-9.854227940601457e-07
-1.1330024309532214e-09
-2.781238023411784e-10
8.433638622631458e-07
-2.992454208013052e-07
5.292366752753716e-10
-7.897133714148257e-14
-1.0950282886431946e-09
1.321455454526623e-11
2.1569522929451556e-16
1.2242144177130188e-13
2.823684578310068e-11
-2.0586558024807753e-10
1.3050328567540822e-11
-1.2065914900669745e-13
1.5831652775819218e-09
-1.0459900929201711e-09
2.823676067568976e-11
-8.789330097767653e-12
-2.1054957800017545e-09
2.39151776850486e-10
-8.644769084840567e-07
2.532027671993068e-10
5.633412307644641e-06
-2.071919940426003e-10
1.2218472568388138e-13
-8.788639737333696e-12
-8.789425592302484e-12
-3.1755924301121434e-09
-1.043249399450122e-11
2.4911939343372724e-11
2.4912260781430097e-11
1.8768152229731687e-09
-2.0586555212307732e-10
-3.1755924406083135e-09
2.391513949500237e-10
5.173835905272893e-10
3.774357095241437e-07
1.8460251617617581e-10
3.5924627255401946e-10
5.292372131922376e-10
1.30501110307354e-11
-1.0432538740495355e-11
-8.644769085659601e-07
3.7743570969908993e-07
-4.3530573042505695e-11
1.0764191515954715e-13
7.389850747009422e-07
-4.717648617597002e-10
1.5831653465034457e-09
2.491168390582295e-11
5.633412308993299e-06
3.592462076386962e-10
7.389850757288864e-07
-6.324777429000821e-11
-8.72780375326587e-06
-2.7812415503635223e-10
-1.2086093622153217e-13
2.4911528574960853e-11
2.532026110721216e-10
1.8460233561339415e-10
1.0776474285758937e-13
-2.820131699837939e-13
-6.324763461740888e-11
3.432597312760179e-13
-1.0459900810326922e-09
1.8768156766213886e-09
-2.071920731395124e-10
5.292367847074689e-10
-4.717646534966668e-10
3.4291313835879255e-13
-2.781233839522306e-10
6.956427819824263e-13
6.829952709942479e-15
-1.2141932866868025e-13
-2.2234323815823976e-09
1.9015944301367945e-09
-1.2106512029482047e-13
2.5299644048767793e-09
1.9015945047993044e-09
-1.0168635487122484e-09
-7.896026884866024e-14
2.4911594955281964e-11
2.391515766038361e-10
-1.6606769495446273e-09
2.5320212294121334e-10
1.3147244980024155e-09
-3.960364843851594e-08
1.9015948257387452e-09
-7.906571467074687e-14
2.532021973942747e-10
2.391516733456303e-10
-3.960364840942897e-08
2.4912109945833507e-11
1.3147242357993234e-09
-1.6606767793175274e-09
1.90159431917462e-09
-5.259871538853796e-10
1.846026648497858e-10
-1.5796967605748112e-09
2.391512323309343e-10
1.8460261948193624e-10
-1.4299193441826094e-10
2.3915192903087634e-10
-2.2234318702078e-09
-5.496871113639139e-13
1.0777544819325846e-13
-1.429919348319845e-10
1.3147241000183397e-09
1.0784242484879766e-13
-6.47635795057743e-13
1.314724454239761e-09
2.5299646106833855e-09
3.4255687384549363e-13
-2.820398453736795e-13
1.8460192248327032e-10
2.4911335366494694e-11
-6.324789184936103e-11
1.0770394702491075e-13
2.5320238206209723e-10
-1.209501237796201e-13
3.4315725921382585e-13
-6.324764391841993e-11
1.8460311434775323e-10
2.5320249157907517e-10
-2.818524769621379e-13
1.0746275217813389e-13
2.491197821446281e-11
-1.2049024416788975e-13
3.1845346871331164e-13
3.432461466852053e-13
-5.259871471851915e-10
-7.890828654142785e-14
3.430021829918501e-13
-5.49416034038857e-13
-7.905778459940346e-14
6.826631448741332e-15
1.3215293009927233e-11
-2.0586524239616243e-10
-9.85422794205122e-07
5.892492467738545e-06
1.583165360142559e-09
1.901594128917821e-09
8.65788354106656e-06
-1.9493088037123454e-05
-1.0950280697477645e-09
-3.1755923843374577e-09
5.633412307914957e-06
-3.960364858272574e-08
5.633412308653655e-06
-3.960364928587877e-08
0.024209776549807608
5.892492466946393e-06
-7.916381446981093e-14
2.3915122330999874e-10
2.532030746534115e-10
-3.9603648721245744e-08
2.491143445271018e-11
-1.6606766082162436e-09
1.3147241178587499e-09
1.9015946808357093e-09
5.292367066858587e-10
5.173832672188603e-10
1.846026138439126e-10
-3.1755929248389656e-09
3.592465255649792e-10
2.391510967640271e-10
3.77435709647893e-07
-2.0586593170396978e-10
-2.992454206640057e-07
3.7743570945892544e-07
-0.05701099493815986
0.024209776549811827
7.389850751459616e-07
1.3147243470862757e-09
0.04854980828131531
8.657883540864305e-06
8.433638622784472e-07
1.8460289430503445e-10
0.04859288867123128
5.6334123089766556e-06
-8.727803752769115e-06
2.5320242020235773e-10
-0.057010994938155
-9.854227941766672e-07
-2.781238111780438e-10
3.5924654848207375e-10
-8.727803753429731e-06
5.6334123083529395e-06
-6.324784335974583e-11
2.4911800593500616e-11
7.389850749257766e-07
1.583165097182468e-09
-1.1330019498351176e-09
5.292364369830219e-10
8.433638630213651e-07
-1.0950287273004508e-09
-2.781239312743897e-10
-7.901254452133317e-14
-2.9924542036106753e-07
1.3214572597134364e-11
-6.480915897304472e-14
-1.0459903563809655e-09
3.190153289369258e-09
-1.9493088037281764e-05
-1.0459902392169634e-09
-1.0168633531069327e-09
-1.9493088035607197e-05
1.5605874342536833e-07
1.444688851978519e-12
1.8768154169020304e-09
-2.0719159962948875e-10
1.9015948624527944e-09
-2.0719217223513945e-10
1.901593836420799e-09
5.892492467336519e-06
-2.6854253743904263e-09
1.4446843410107958e-12
-2.0719214676844525e-10
-2.071929946650979e-10
5.892492466469215e-06
1.8768153891970468e-09
1.901594940375546e-09
1.9015946935694687e-09
-2.6854252028447457e-09
-1.805714524189347e-12
5.292369497425292e-10
-5.259871064266643e-10
-2.0586559342924174e-10
5.292369089078306e-10
-2.2234321674969097e-09
-2.0586568421839858e-10
-1.187616234523105e-12
1.1647713196827925e-10
-4.717649865094626e-10
-1.4386332328501351e-05
8.657883540440284e-06
-4.717647046817591e-10
2.5299645643779012e-09
8.657883540784501e-06
-3.4498060455780123e-10
-2.7183662160180757e-11
3.4303025474568946e-13
8.43363862246087e-07
1.5831646496624991e-09
-2.7812401238108245e-10
-1.209420663553672e-13
-9.854227942384724e-07
3.023263200893441e-11
-2.7184438792605335e-11
-2.781235540237843e-10
8.433638629683339e-07
-9.854227943372477e-07
3.4302506821934585e-13
-1.2090045391652082e-13
1.5831649419616638e-09
3.023229690687422e-11
4.140207745595407e-13
6.952167611378855e-13
-5.3000591906845075e-11
1.3214981370286127e-11
6.95399619268755e-13
7.173955542348087e-15
1.3215300757648765e-11
-3.1036303464254555e-16
-3.265565283715995e-16
6.599662940676598e-15
1.3214502205377734e-11
6.954677166978101e-13
1.3215116593920921e-11
6.952816406114589e-13
-5.300028963934676e-11
4.1419641357790307e-13
3.023250797409576e-11
-1.2109238562638452e-13
1.5831653702163727e-09
3.4250570559148064e-13
-9.854227945598545e-07
-2.7812386469095573e-10
8.433638621754657e-07
-2.7184165394134298e-11
-1.1880488275508044e-12
-2.223432265476425e-09
-2.0586569667812577e-10
5.292369087401504e-10
-2.0586571341931547e-10
5.292369752634694e-10
-5.259870217957345e-10
-1.8052544558378429e-12
-2.685424807911858e-09
1.901594120370882e-09
1.901594796391815e-09
1.8768155905641402e-09
5.892492466609801e-06
-2.0719207131526115e-10
-2.0719219079458274e-10
1.4445926453429044e-12
3.023255814439652e-11
-1.2103421452154248e-13
-9.854227944549956e-07
-2.781240323101476e-10
1.583165356732497e-09
3.432030201369247e-13
8.433638626535583e-07
-2.718454692923545e-11
-3.4498066595742263e-10
2.529964537156896e-09
8.657883541198955e-06
-4.717645438980849e-10
8.65788354093759e-06
-4.717649590470118e-10
-1.4386332329053e-05
1.1647692363268443e-10
-2.6854251600096344e-09
1.9015948391844685e-09
5.892492467465548e-06
-2.0719277240753654e-10
1.9015946700979892e-09
1.8768158068477043e-09
-2.0719288212818493e-10
1.444049621970068e-12
1.5605874566191862e-07
-1.0168635182284342e-09
-1.9493088036383177e-05
-1.045989812323106e-09
-1.9493088037570297e-05
-1.045989230043825e-09
3.190153344018309e-09
-6.442355501614207e-14
6.6527969829141225e-15
-5.494011221831309e-13
-7.943279092659216e-14
3.4305592478954637e-13
-7.96923776035136e-14
3.4311165567605594e-13
-5.259870291668246e-10
3.1887444827459694e-13
-1.2107715429860382e-13
1.0775699339648001e-13
2.4911501476130255e-11
-2.8230303516093145e-13
2.5320197803698894e-10
-6.324794059445667e-11
1.8460258919879898e-10
3.432688048500102e-13
-2.2234323695012714e-09
-1.4299155616326874e-10
2.391515172994931e-10
1.8460204650306917e-10
2.391513537585567e-10
1.8460278079729992e-10
-1.579696948607811e-09
-5.259874517624383e-10
1.9015950271946977e-09
1.3147242658535704e-09
-1.66067654428292e-09
2.4911572597923025e-11
-3.960364882952429e-08
2.532024776590765e-10
2.3915166106677704e-10
-7.904125665039103e-14
-1.2080456948750728e-13
1.081386590222813e-13
2.5320239537778154e-10
-6.324811078026066e-11
2.49113530354463e-11
-2.816148658712582e-13
1.846020534512744e-10
3.430685243932469e-13
2.529964213589973e-09
-6.477534749851011e-13
1.3147244216852536e-09
1.0757925111857673e-13
1.3147241922167413e-09
1.0761126314704731e-13
-1.4299226284758857e-10
-5.492652653201961e-13
1.9015943767438874e-09
1.3147246505527087e-09
-3.9603648751486534e-08
2.5320262413394844e-10
-1.6606767303090233e-09
2.4911656175762714e-11
2.3915176841825874e-10
-7.915819194573802e-14
-1.0168637829471389e-09
2.5299646302377143e-09
1.9015945249592114e-09
-1.2075296984590383e-13
1.9015945330307926e-09
-1.2056899573343465e-13
-2.2234323626338057e-09
6.622631956316785e-15
1.3214720180397464e-11
-7.861954329997238e-14
-2.992454198354599e-07
-2.7812424429378013e-10
-1.0950285601571936e-09
5.2923703231228e-10
8.433638624897577e-07
-1.1330020996619536e-09
1.5831650248149693e-09
2.4911828739801915e-11
7.389850758556909e-07
-6.32478673921937e-11
5.633412307973389e-06
3.592461259433302e-10
-8.727803753355773e-06
-2.781239879285343e-10
-2.0586554751528694e-10
2.391514413663637e-10
3.774357098606426e-07
3.592464086182221e-10
-3.175593194708955e-09
5.173838456877638e-10
1.8460241704819687e-10
5.292374717531288e-10
1.9015940296195513e-09
-1.6606762393021279e-09
1.3147236723640725e-09
2.491183357871744e-11
-3.9603648312457215e-08
2.391515173211631e-10
2.5320230485103557e-10
-7.92282354905305e-14
-9.854227943641048e-07
2.5320208938603043e-10
-0.05701099493815723
-8.727803753018444e-06
5.6334123086729e-06
1.8460272767664655e-10
0.048592888671233424
8.433638625493749e-07
8.657883539817512e-06
1.3147244878766964e-09
0.048549808281314256
7.389850750371098e-07
0.024209776549808302
3.7743571018622694e-07
-0.05701099493815669
-2.9924542028990967e-07
5.8924924673447625e-06
-3.960364785067666e-08
0.024209776549808725
5.633412308872122e-06
-3.9603648448941996e-08
-3.1755928130524434e-09
5.633412308054488e-06
-1.0950286906250514e-09
-1.9493088036799613e-05
1.9015951425361035e-09
8.65788354169135e-06
1.5831648241872078e-09
5.8924924669642415e-06
-2.0586564604609613e-10
-9.85422794115389e-07
1.3214675538565953e-11
6.953969015693886e-13
3.4318185974261597e-13
-2.7812370463586365e-10
-4.717647092594641e-10
5.292368032230331e-10
1.876815073875091e-09
-2.0719177732601928e-10
-1.0459899865994239e-09
3.429603268586204e-13
-2.820908417970924e-13
-6.324780451623719e-11
1.0772543535189129e-13
1.846027717379944e-10
2.491243167502709e-11
2.5320214136266796e-10
-1.2073777152196861e-13
5.29236345740095e-10
1.8460245151502603e-10
3.592462965390153e-10
3.7743570945494846e-07
5.173836782646081e-10
-3.175592571500421e-09
2.3915129647944326e-10
-2.058655229727798e-10
1.876815616922714e-09
2.491109953635166e-11
2.4911125198918576e-11
-1.0433281680409231e-11
-3.1755926535361576e-09
-8.788979678059527e-12
-8.78906158128554e-12
1.2228268413150443e-13
-2.781240491938244e-10
-6.324844455991878e-11
-8.727803753368037e-06
7.389850749733677e-07
3.5924644301336726e-10
2.491155671661959e-11
5.63341230865945e-06
1.5831646393436985e-09
-4.717648999115375e-10
1.0758120141454586e-13
7.389850752504327e-07
-4.35309352401789e-11
3.7743570927589003e-07
-1.0433699764902416e-11
-8.644769088350396e-07
1.305000838220891e-11
-2.0719231365164515e-10
2.532028466950684e-10
5.633412308673152e-06
-8.644769078678864e-07
2.3915166390773656e-10
-8.788644361381547e-12
-2.1054956027122347e-09
2.82365788942845e-11
-1.0459899950670873e-09
-1.2102759736744138e-13
1.5831648373056056e-09
1.3050047931460134e-11
-2.0586555224207684e-10
1.2211190909438838e-13
2.8236737444712448e-11
1.7685566537871067e-17
1.3214714933012363e-11
-7.917636811167007e-14
-1.0950289314489858e-09
5.292366983805914e-10
-2.9924542086582384e-07
-2.7812321902271737e-10
8.433638624876508e-07
-1.133002470793817e-09
-9.854227942911487e-07
2.532021550963501e-10
5.633412308292734e-06
1.8460299774258744e-10
-0.05701099493815106
-8.72780375332003e-06
0.048592888671230905
8.433638622234958e-07
-2.0586575770687555e-10
2.391511461531202e-10
-3.1755930064413062e-09
5.173833602172956e-10
3.774357094840549e-07
3.592463511312255e-10
1.8460177682015405e-10
5.292369060011128e-10
5.892492467300698e-06
-3.960364784494482e-08
-3.96036482487173e-08
-3.1755931815311534e-09
0.024209776549809225
5.633412308834738e-06
5.633412308502506e-06
-1.0950286079899551e-09
1.5831646859289497e-09
2.4911368297550226e-11
5.63341230758043e-06
3.592459592764255e-10
7.389850750916993e-07
-6.324770652581962e-11
-8.727803753843554e-06
-2.7812310764243637e-10
8.657883541328549e-06
1.3147236265886977e-09
0.02420977654981034
3.774357095652875e-07
0.04854980828131006
7.389850751231225e-07
-0.05701099493815701
-2.992454204345677e-07
1.9015948148856426e-09
-1.6606768420745246e-09
-3.96036489567446e-08
2.3915160103281543e-10
1.3147238588389033e-09
2.4911907697296435e-11
2.5320187279219564e-10
-7.943336849763693e-14
-1.9493088036521965e-05
1.90159490941776e-09
5.892492467557073e-06
-2.0586613084047383e-10
8.657883541187011e-06
1.5831650167452275e-09
-9.854227934454427e-07
1.3214652606373759e-11
6.956378944353505e-13
3.4301521072816156e-13
5.292367344764648e-10
1.8768160426303395e-09
-2.781236804412684e-10
-4.717646032330597e-10
-2.0719154827862199e-10
-1.04598986957184e-09
-2.7812353101562706e-10
-6.324786903212362e-11
3.5924637063126375e-10
2.491207552499471e-11
-8.72780375209876e-06
7.389850748367907e-07
5.633412308472828e-06
1.583164918243484e-09
5.292368793250769e-10
1.846026763290951e-10
5.173836755660067e-10
-3.1755928903094425e-09
3.5924643597360245e-10
3.7743570944739213e-07
2.391510813700677e-10
-2.0586592698283377e-10
-2.0719266983651979e-10
2.5320266908703307e-10
2.39151554121925e-10
-8.789503471821902e-12
5.633412308404223e-06
-8.644769086373361e-07
-2.105496328971093e-09
2.8236689723019987e-11
3.431383523467078e-13
-2.823680237520323e-13
1.846024331554098e-10
2.4911769233838063e-11
-6.32477744261363e-11
1.0781976693535729e-13
2.5320286435304235e-10
-1.2109314005722362e-13
-4.717647986824057e-10
1.0752526729505247e-13
3.774357095870219e-07
-1.0433633932108302e-11
7.389850757197575e-07
-4.353085678079078e-11
-8.644769084105228e-07
1.3049864087828353e-11
1.8768158341370967e-09
2.491169840020939e-11
-3.175592746477173e-09
-8.789302541230809e-12
2.491221899449805e-11
-1.0433109259628217e-11
-8.789186164816608e-12
1.2205144015466805e-13
-1.0459901097941856e-09
-1.2053233965585381e-13
-2.0586538578173955e-10
1.2191000450039276e-13
1.5831653366662789e-09
1.305020696956588e-11
2.8236903101430528e-11
-1.4359740858509324e-16
-5.300021661651402e-11
-5.259867213916754e-10
8.433638617854777e-07
-2.0719178070188685e-10
8.433638622319624e-07
-2.0719218065330425e-10
-1.4386332328398947e-05
3.1901525420863893e-09
8.433638624041742e-07
1.8460308575385827e-10
-8.727803753116243e-06
2.532017961947501e-10
0.04859288867123291
5.633412309461021e-06
-0.05701099493815577
-9.854227942211063e-07
-5.259867012830087e-10
-1.5796965893984883e-09
1.8460249408828074e-10
2.3915154692459074e-10
1.8460278585186992e-10
2.391512912136658e-10
-1.4299196823819223e-10
-2.223432160358909e-09
-2.071922316860211e-10
2.391510407120173e-10
2.5320290583975684e-10
-8.788740317927464e-12
5.6334123087201604e-06
-2.105495488121172e-09
-8.644769083327585e-07
2.8236496230286308e-11
8.433638626507297e-07
1.8460249826425344e-10
0.04859288867123376
5.633412308824316e-06
-8.727803752946589e-06
2.532022717318113e-10
-0.05701099493815809
-9.854227945607883e-07
-1.4386332328703504e-05
-1.4299258153418114e-10
-0.0570109949381603
-8.644769088444326e-07
-0.05701099493815919
-8.644769083885263e-07
0.09744763876313181
5.047315060210959e-07
-2.0719237830798426e-10
2.391514074585297e-10
5.633412308057517e-06
-2.105495633009257e-09
2.532020491490777e-10
-8.789165501268251e-12
-8.644769085989587e-07
2.8236096067430435e-11
3.1901528415842217e-09
-2.223431177778251e-09
-9.85422794869116e-07
2.823623151453369e-11
-9.854227937734473e-07
2.8236272824120617e-11
5.047315061633775e-07
-1.032936638847581e-11
4.1418312244475507e-13
3.190667288426042e-13
-1.1330027934798553e-09
-1.0459897744783947e-09
-1.1330020674573389e-09
-1.0459898136560372e-09
3.190153995397911e-09
3.2798113602474647e-09
-2.718409784382002e-11
3.433133849510838e-13
-2.781238129228122e-10
-1.2123643169828545e-13
8.433638622377287e-07
1.5831648577388117e-09
-9.854227950722054e-07
3.023194830832173e-11
-1.8055652584306107e-12
-5.259874507646333e-10
5.292365233899202e-10
-2.0586604533903736e-10
5.29236353252159e-10
-2.0586568980663088e-10
-2.2234315594299972e-09
-1.1875490314434898e-12
1.4442934861251342e-12
-7.884708520409383e-14
-7.932582979215061e-14
1.2233547602216873e-13
-1.0950284583857689e-09
2.8236715247009945e-11
2.823647207783572e-11
-3.88676585209834e-16
-2.718401815595316e-11
3.4278135633966393e-13
8.433638619272395e-07
1.5831650563271224e-09
-2.7812422682492227e-10
-1.2038519453487218e-13
-9.854227942929237e-07
3.023272751668893e-11
1.164767648993035e-10
-5.492743406065471e-13
-2.9924542091130225e-07
1.3050430471974319e-11
-2.9924542071061304e-07
1.30497365240088e-11
5.047315064321547e-07
-1.0330652793848702e-11
1.4444744420447203e-12
-7.907502199391078e-14
-1.0950289147510004e-09
2.823669142370559e-11
-7.89253283935851e-14
1.2248974512559166e-13
2.823698162799629e-11
1.4753697537768343e-16
-6.483694910321301e-14
6.919732883240284e-15
1.3214698256185002e-11
-3.244750486117877e-17
1.3215394950377713e-11
2.6463483885176497e-16
-1.0329929428111978e-11
1.0439357006220324e-16
-2.898281333140284e-16
1.3214616263755503e-11
1.321525724875612e-11
-5.300041393464835e-11
6.743467862041561e-15
6.954752547642817e-13
6.949554602368724e-13
4.144292609670391e-13
-1.1875555818070414e-12
-2.058662931134566e-10
-2.0586574450324475e-10
-5.259869844922906e-10
-2.223432550077948e-09
5.29236719617669e-10
5.292363521033121e-10
-1.8054657027190704e-12
3.0232212885607894e-11
-9.854227942425545e-07
1.5831648541086357e-09
8.433638622333147e-07
-1.2133391891286778e-13
-2.7812368918651146e-10
3.4325065191192514e-13
-2.718444166994083e-11
-2.6854254311319855e-09
5.892492466625953e-06
1.9015941394134964e-09
-2.0719200521981262e-10
1.901594648802954e-09
-2.0719295155821835e-10
1.8768153671471694e-09
1.4441276496290017e-12
3.0232217262526455e-11
1.583164894457369e-09
-9.854227943590933e-07
8.433638623107132e-07
-1.208449310597861e-13
3.4304112665314783e-13
-2.781238303798212e-10
-2.7183741909947647e-11
-2.6854244092068504e-09
1.901595725036527e-09
5.892492467403969e-06
-2.0719202862464114e-10
1.9015947425157237e-09
1.8768155641174625e-09
-2.0719310439578283e-10
1.4445244673634164e-12
-3.449803193978382e-10
8.657883541509643e-06
8.657883541072765e-06
-1.4386332328443086e-05
2.5299644537191897e-09
-4.717641441057218e-10
-4.7176431992751e-10
1.1647694852491542e-10
1.5605874346723e-07
-1.9493088035752385e-05
-1.9493088036103165e-05
3.1901523967058336e-09
-1.0168635345589304e-09
-1.0459900178917024e-09
-1.0459901447517085e-09
-6.461932660854405e-14
1.3215078456117372e-11
-2.992454205660242e-07
-1.0950275122321764e-09
8.433638624869535e-07
-7.838718816417489e-14
-2.781237485016559e-10
5.292369261096095e-10
-1.1330022696323183e-09
-2.0586581738060171e-10
3.774357096916154e-07
-3.175592756648361e-09
1.846027603742814e-10
2.3915158455844435e-10
3.5924595145967814e-10
5.1738320310401e-10
5.292366407925329e-10
-9.854227948316746e-07
-0.05701099493815377
5.633412307958573e-06
0.04859288867123056
2.5320222827460477e-10
-8.727803753229313e-06
1.8460253977503681e-10
8.433638625517719e-07
5.892492467527723e-06
0.024209776549810064
-3.9603648188301336e-08
5.633412307908422e-06
-3.9603649063591514e-08
5.633412308813588e-06
-3.1755922981002036e-09
-1.0950286711481862e-09
1.5831649239075426e-09
7.389850750356181e-07
5.63341230822815e-06
-8.727803753766794e-06
2.4911678229663583e-11
-6.324798229161052e-11
3.5924640309229376e-10
-2.781240735419014e-10
1.901594688767614e-09
1.314724827399077e-09
-3.960364879642981e-08
2.532027793548639e-10
-1.6606766963822208e-09
2.491165874410204e-11
2.3915133838781673e-10
-7.9176582628057e-14
8.657883540939203e-06
0.048549808281309385
0.02420977654980966
-0.057010994938156506
1.3147244919532957e-09
7.389850748735008e-07
3.7743570956757483e-07
-2.9924542032388834e-07
-1.949308803680353e-05
8.657883541795234e-06
5.892492466774469e-06
-9.854227938783627e-07
1.9015947227299005e-09
1.5831651080451294e-09
-2.0586557395571813e-10
1.321469920663009e-11
1.321469976954991e-11
-1.0950284733686193e-09
-2.992454202188983e-07
8.43363862019102e-07
-7.859922377631888e-14
5.292369982716695e-10
-2.7812371040390025e-10
-1.13300217293385e-09
-2.058654584515952e-10
-3.175592677995306e-09
3.774357094151907e-07
1.8460204208659528e-10
2.3915115383571875e-10
5.17383368096049e-10
3.59246078088088e-10
5.292367276241965e-10
1.5831648672026699e-09
5.633412308437777e-06
7.389850747005617e-07
-8.727803753568906e-06
2.4911749182521738e-11
3.5924663843253007e-10
-6.324780730830682e-11
-2.78123656493662e-10
1.901594271050093e-09
-3.960364807561786e-08
1.3147242804255654e-09
2.5320251563806396e-10
-1.660676590537814e-09
2.391512460983162e-10
2.4911706524672107e-11
-7.936551544174411e-14
-9.854227943742291e-07
5.633412308057207e-06
-0.057010994938155354
0.0485928886712339
2.532018174431815e-10
1.8460278389328878e-10
-8.727803753649208e-06
8.43363862453359e-07
5.892492467133738e-06
-3.960364788622361e-08
0.024209776549809763
5.633412307669524e-06
-3.960364847172416e-08
-3.175592998663273e-09
5.6334123087627315e-06
-1.0950285990491477e-09
8.65788354111828e-06
0.024209776549807698
0.04854980828131464
-0.057010994938158845
1.3147240239767747e-09
3.774357095119563e-07
7.389850751841457e-07
-2.992454203929981e-07
-1.9493088036850553e-05
5.8924924667533235e-06
8.657883541322303e-06
-9.85422794176533e-07
1.9015947185880306e-09
-2.0586585550426763e-10
1.5831652262802754e-09
1.3214659563237352e-11
-5.3000340490061836e-11
8.43363862906408e-07
8.43363862599547e-07
-1.4386332329591642e-05
-5.259873025943557e-10
-2.0719206693882554e-10
-2.0719149806795287e-10
3.190153246399842e-09
-5.259871970884839e-10
1.8460229428876452e-10
1.8460262970903668e-10
-1.4299189839043208e-10
-1.579696603268208e-09
2.391516717813081e-10
2.391519347871987e-10
-2.22343149638546e-09
8.433638620174271e-07
0.04859288867122978
-8.727803752554387e-06
-0.05701099493815693
1.846026487600719e-10
5.633412307822223e-06
2.532022326844238e-10
-9.854227942089057e-07
-2.0719173062214807e-10
5.633412308344035e-06
2.532024305156584e-10
-8.64476908696461e-07
2.3915167153432195e-10
-2.105495763495965e-09
-8.789069481119806e-12
2.8236789828642582e-11
8.433638628050985e-07
-8.727803752597411e-06
0.04859288867123298
-0.05701099493815923
1.8460242396252886e-10
2.532023451438653e-10
5.633412308127699e-06
-9.854227938467732e-07
-2.0719254196348304e-10
2.5320242164465063e-10
5.6334123088144394e-06
-8.644769086445172e-07
2.3915156642330573e-10
-8.789070412150908e-12
-2.10549590344057e-09
2.823624709823244e-11
-1.4386332328774218e-05
-0.057010994938158144
-0.05701099493815938
0.0974476387631316
-1.42991719408081e-10
-8.644769082079201e-07
-8.644769082956994e-07
5.047315057656776e-07
3.190151923634627e-09
-9.854227946040188e-07
-9.854227943368138e-07
5.047315060697288e-07
-2.223431302163387e-09
2.823632023424338e-11
2.823697424777018e-11
-1.0329501468773663e-11
6.409772145377971e-15
-7.943545278077705e-14
-7.903298102056473e-14
-5.259864277342512e-10
-5.490912046815858e-13
3.4291037330090475e-13
3.427704363576442e-13
3.1882847195304406e-13
-2.223431893169673e-09
2.391517641429307e-10
2.3915155136549887e-10
-1.5796967581524504e-09
-1.4299174530178096e-10
1.8460255560152308e-10
1.846029302015306e-10
-5.259869473685362e-10
-1.2133249061799976e-13
2.532024042455685e-10
2.4911576226881428e-11
1.8460284013088776e-10
1.075024899047597e-13
-6.324770032168199e-11
-2.812319288774871e-13
3.425369384842138e-13
1.9015942962603636e-09
-3.9603648280235724e-08
-1.660677289813751e-09
2.39152036649356e-10
1.3147237890140089e-09
2.532027403321523e-10
2.4912014257329155e-11
-7.885195625755383e-14
-1.2062451249365895e-13
2.4912029156855283e-11
2.532028071278466e-10
1.8460263741404523e-10
1.0795336732550811e-13
-2.8136763425365844e-13
-6.32480340431569e-11
3.4329880112088933e-13
1.9015947284502184e-09
-1.6606766643124922e-09
-3.960364770820577e-08
2.391519295859924e-10
1.3147239251520594e-09
2.491191931992098e-11
2.53202378407331e-10
-7.870149435587442e-14
2.529964218747792e-09
1.314723398630769e-09
1.3147237142998519e-09
-1.4299145393311768e-10
-6.476791397015556e-13
1.080485725281507e-13
1.0804940099608815e-13
-5.493563903541719e-13
-1.0168633228343412e-09
1.9015950695926027e-09
1.901594052548013e-09
-2.2234318015358273e-09
2.529964640395516e-09
-1.211410681783035e-13
-1.2097147610097175e-13
6.382163827954043e-15
6.953109328057666e-13
-2.781238974092919e-10
5.292373206185755e-10
-2.0719190090123328e-10
3.433789662911559e-13
-4.717647825232203e-10
1.8768155653954955e-09
-1.0459902028375359e-09
5.292370784907788e-10
3.5924628311117207e-10
5.173835471001958e-10
2.3915087783211077e-10
1.8460303519801739e-10
3.7743570981408603e-07
-3.1755924726502456e-09
-2.0586656018839696e-10
-2.781235547856005e-10
-8.727803752777284e-06
3.5924678118990366e-10
5.6334123081924276e-06
-6.324758107275172e-11
7.389850747443135e-07
2.49116158662629e-11
1.5831648863983988e-09
-2.071929380946025e-10
5.633412308853502e-06
2.391512851326048e-10
-2.1054950942474145e-09
2.532019818993024e-10
-8.644769079573703e-07
-8.78869189970609e-12
2.823701861865833e-11
3.430056967236306e-13
-6.324761327545377e-11
1.8460247551892656e-10
2.5320235668983886e-10
-2.8206314160987965e-13
1.0819655270836873e-13
2.491197655902291e-11
-1.207096315949328e-13
1.8768155418519674e-09
2.4911650047351295e-11
-3.1755928020814733e-09
-8.788972586598534e-12
2.4911838455389868e-11
-1.043273637456478e-11
-8.78865877817819e-12
1.2213504548114926e-13
-4.717645676850538e-10
7.389850752914488e-07
3.77435709700583e-07
-8.644769082048479e-07
1.0776428339587024e-13
-4.353087596271592e-11
-1.0433191296264213e-11
1.3050383463744853e-11
-1.045990160645918e-09
1.5831650875712855e-09
-2.058659322428092e-10
2.8236664908789122e-11
-1.2112694701044072e-13
1.3049969881459793e-11
1.2186327485160935e-13
2.0048720447305173e-16
6.951132165122563e-13
5.292362502249402e-10
-2.7812373627419637e-10
-2.0719246133664783e-10
3.433185244912732e-13
1.8768156519058738e-09
-4.717650435208162e-10
-1.0459897307160535e-09
5.292367065435888e-10
5.173829841816909e-10
3.592461375803504e-10
2.3915155561869465e-10
1.8460234847258945e-10
-3.175592830269971e-09
3.7743570948346864e-07
-2.0586575376964545e-10
3.433717614508075e-13
1.8460249764509704e-10
-6.324788004538451e-11
2.5320201949702137e-10
-2.817025913947689e-13
2.491223894542401e-11
1.0785956183610547e-13
-1.2066900482573273e-13
1.8768157156721593e-09
-3.1755931659890025e-09
2.49114634826293e-11
-8.789140891735092e-12
2.4911580699382538e-11
-8.789062809858988e-12
-1.0432718705299199e-11
1.2210645426883508e-13
-2.7812364612876117e-10
3.592460187246819e-10
-8.7278037530781e-06
5.633412308741501e-06
-6.324795578260536e-11
2.4911690665640712e-11
7.389850751904997e-07
1.5831651540521497e-09
-2.0719230917506688e-10
2.3915105128181657e-10
5.63341230827127e-06
-2.1054954255517584e-09
2.5320210223697386e-10
-8.7890191492136e-12
-8.644769083936526e-07
2.8236617031986728e-11
-4.717645338870462e-10
3.774357090895521e-07
7.389850753533118e-07
-8.644769089853142e-07
1.0768253302212897e-13
-1.043285694881934e-11
-4.353070061984097e-11
1.3050140082503933e-11
-1.0459899084318161e-09
-2.0586575475062016e-10
1.5831648680475931e-09
2.8236480307359185e-11
-1.2128502810672108e-13
1.2236185823853432e-13
1.3050152954708738e-11
4.2914325873812637e-16
4.139753963389014e-13
-1.1330023308896401e-09
-1.1330024298237183e-09
3.1901533078038254e-09
3.187128174858159e-13
-1.045989938392732e-09
-1.0459899811006779e-09
3.2798107867507126e-09
-1.8054116971313246e-12
5.292366586919556e-10
5.292368991138718e-10
-2.2234316607550637e-09
-5.259871534000975e-10
-2.0586563373717278e-10
-2.0586581791815581e-10
-1.1877441041922748e-12
-2.7184030944113614e-11
8.433638620545899e-07
-2.781233085200027e-10
-9.854227939346307e-07
3.4276558388551677e-13
1.583165014479424e-09
-1.209750980693422e-13
3.0232013259731954e-11
1.444135715123469e-12
-1.095028654495506e-09
-7.972288043149502e-14
2.823614755282072e-11
-7.913028604670074e-14
2.8236794200362207e-11
1.2208054910716176e-13
2.2663983170643117e-16
-2.7183978386631352e-11
-2.7812353551034945e-10
8.433638627063588e-07
-9.854227944610212e-07
3.4272702158410863e-13
-1.2085871555797996e-13
1.583165356922384e-09
3.0232338319561184e-11
1.444380179622477e-12
-7.929081726175878e-14
-1.0950286621296459e-09
2.8236677750157294e-11
-7.890410953744899e-14
1.2227513400726642e-13
2.823656786928416e-11
3.6742748952085643e-16
1.1647691253227767e-10
-2.99245420825024e-07
-2.9924542039269717e-07
5.047315070353618e-07
-5.494002899670698e-13
1.3050315478483687e-11
1.3049808688027487e-11
-1.0330637555052171e-11
-6.451838970522125e-14
1.3214633013275605e-11
1.321502033376596e-11
-1.0330237614324063e-11
6.945719428360384e-15
7.527827380418208e-17
6.8683847161201225e-18
4.103238826043872e-17
-2.776811507810217e-14
-6.433178726792334e-14
-6.493840949148235e-14
4.139175288502835e-13
-6.465438588479849e-14
4.1411658608644315e-13
4.138395435236699e-13
4.3337699071719965e-16
3.279811306904248e-09
-1.045990315128607e-09
-1.0459902562620758e-09
3.1866913515133516e-13
3.1901525066483858e-09
-1.1330024182856005e-09
-1.1330020195279431e-09
4.143801050964534e-13
3.2798114879601493e-09
3.1901531228670027e-09
-1.0459895477159077e-09
-1.1330017957677884e-09
-1.045990173565067e-09
-1.1330021230501442e-09
3.1892163578318816e-13
4.133268009774828e-13
1.5605874328123712e-07
-1.9493088036746327e-05
-1.0168637106984177e-09
-1.0459898430754537e-09
-1.9493088037388273e-05
3.190154066854825e-09
-1.0459902153701712e-09
-6.449473746243672e-14
3.2798112647352764e-09
-1.0459900176629113e-09
3.1901529642211756e-09
-1.1330020352914924e-09
-1.0459895707785494e-09
3.1878689688690837e-13
-1.1330025561184582e-09
4.135674407400289e-13
1.560587430813512e-07
-1.01686345498352e-09
-1.9493088037023748e-05
-1.0459897269724398e-09
-1.9493088036165107e-05
-1.0459893371893594e-09
3.1901537751161293e-09
-6.42008643334178e-14
1.5605874392417457e-07
-1.9493088035299223e-05
-1.9493088035189024e-05
3.1901528878046267e-09
-1.0168633944905356e-09
-1.0459899300273943e-09
-1.0459898535037884e-09
-6.452141442611296e-14
-0.12652698243829658
1.5605874310090677e-07
1.5605874560588572e-07
3.279810837300859e-09
1.5605874348044315e-07
3.2798109341860164e-09
3.2798107728167617e-09
-2.8160435194710594e-14
-6.452423388985297e-14
1.1647697544597343e-10
1.444719890517751e-12
-2.7183595209183874e-11
1.4444953414370395e-12
-2.718434916162057e-11
-1.8056084400594226e-12
4.141256907033361e-13
-1.0459900381482636e-09
-4.71764825853278e-10
1.8768153562347828e-09
3.431979711315519e-13
-2.071920606371718e-10
-2.7812347746062786e-10
5.292366403113093e-10
6.954220679570918e-13
3.19015327373481e-09
-1.4386332329889743e-05
-2.0719215199819634e-10
8.433638617926129e-07
-2.071917194990088e-10
8.433638620335566e-07
-5.259868437931329e-10
-5.300019088454499e-11
-1.94930880370148e-05
8.657883540966308e-06
1.9015938282288497e-09
1.5831652583718629e-09
5.8924924673616625e-06
-9.854227943964476e-07
-2.058656427675115e-10
1.3214928653554685e-11
-1.04599010460054e-09
-4.71764421094282e-10
-2.0719255004568958e-10
-2.7812353197227897e-10
1.876815785284811e-09
3.4279013896847286e-13
5.292366633018675e-10
6.94716698497581e-13
-1.0168640562587684e-09
2.5299647890083017e-09
1.901594996816447e-09
-1.2094065745302052e-13
1.9015947314766332e-09
-1.2041314159659074e-13
-2.2234321557997263e-09
7.036260526440149e-15
-1.949308803624849e-05
8.657883541748931e-06
5.892492466706174e-06
-9.854227950188032e-07
1.9015950553993737e-09
1.5831648041846118e-09
-2.0586567730976083e-10
1.3214835056263825e-11
1.5605874392038608e-07
-3.449804049783467e-10
-2.6854261427573595e-09
3.023238538556646e-11
-2.6854252173843086e-09
3.023256317121472e-11
-1.1876218714997602e-12
-7.116706961207343e-16
-6.48813177277907e-14
1.4446072830104694e-12
1.1647716791152328e-10
-2.718363404953488e-11
1.4444660970985337e-12
-1.8052967281937354e-12
-2.718401682799461e-11
4.141709406559598e-13
-1.0459899909501739e-09
1.8768156379694876e-09
-4.717652931688208e-10
3.424977616824322e-13
-2.0719155738090543e-10
5.292366177465546e-10
-2.781238366756758e-10
6.953386032019654e-13
-1.0459893331114156e-09
-2.0719174754062526e-10
-4.717650337529648e-10
-2.7812391439123295e-10
1.8768158805226177e-09
5.292363803403165e-10
3.427255954361796e-13
6.950952048793013e-13
-1.016863648452643e-09
1.901594245262705e-09
2.5299642764713197e-09
-1.2117706011112154e-13
1.9015944891280054e-09
-2.223432090014347e-09
-1.2091371738639542e-13
6.7740836116976594e-15
3.1901534767365016e-09
-2.0719240872278722e-10
-1.4386332328545495e-05
8.433638621558517e-07
-2.07191719352787e-10
-5.259873330304175e-10
8.433638624109432e-07
-5.300038201829313e-11
-1.9493088037287534e-05
1.90159441980034e-09
8.657883541324395e-06
1.583164889702693e-09
5.892492466942371e-06
-2.0586544662808302e-10
-9.854227939934992e-07
1.3214720444192853e-11
-1.9493088036669278e-05
5.8924924668557535e-06
8.657883541686317e-06
-9.854227945388233e-07
1.9015939228306132e-09
-2.0586589085057044e-10
1.5831649512281387e-09
1.3215364530496745e-11
1.5605874354000301e-07
-2.685425978609955e-09
-3.4498026233867343e-10
3.0232423980545926e-11
-2.685425480211851e-09
-1.1876454186537242e-12
3.023295971622753e-11
-6.158960390439212e-16
4.1398564220836313e-13
-2.7184011779779957e-11
-2.7184086896269642e-11
1.1647696101682642e-10
-1.8055352077693245e-12
1.4449950283457832e-12
1.44449018239773e-12
-6.41259112920987e-14
3.187824583206437e-13
3.428628338611288e-13
3.4295405873615145e-13
-5.489716459450402e-13
-5.259868172207974e-10
-7.876414519892607e-14
-7.903570803803766e-14
6.949388795984239e-15
-1.1330014477421946e-09
8.433638622465579e-07
-2.781235872331841e-10
-2.9924542056382324e-07
5.29236891504347e-10
-1.0950287780859591e-09
-7.90705397526058e-14
1.321484387815507e-11
-1.0459899797023888e-09
1.5831652130026092e-09
-1.2079872204148685e-13
1.3049692221115245e-11
-2.0586592378091378e-10
2.8236292398163426e-11
1.219017902178263e-13
4.461958001101887e-17
-1.1330019205513006e-09
-2.7812371971628847e-10
8.433638616851184e-07
-2.9924542054785095e-07
5.292369310418255e-10
-7.892667890064977e-14
-1.09502835381887e-09
1.3214720888816547e-11
-1.0459898049527189e-09
-1.210639343395159e-13
1.5831652513396043e-09
1.3050108708088126e-11
-2.0586582125269183e-10
1.220402458715384e-13
2.823645384915158e-11
5.104715795526045e-16
3.1901533840244222e-09
-9.85422794387756e-07
-9.854227936768364e-07
5.047315057088472e-07
-2.2234317030748063e-09
2.8236721223858737e-11
2.823692345687194e-11
-1.0330259116146211e-11
3.2798115345136658e-09
3.023245231008085e-11
3.023226027263368e-11
-1.0330611905410504e-11
-1.1881437767643419e-12
-2.7784054952395404e-16
-5.164375227034822e-17
3.886957980826494e-16
-6.462267612557634e-14
1.4442594135521295e-12
1.4444926899297408e-12
-1.805288235006369e-12
1.164769587435457e-10
-2.718439360997813e-11
-2.7183825318361317e-11
4.140665252900379e-13
3.1901523708072077e-09
-2.071913070451413e-10
-2.0719236364170853e-10
-5.259872076349457e-10
-1.4386332329702522e-05
8.433638623953944e-07
8.433638624805783e-07
-5.299996622211044e-11
-1.0459898932504506e-09
-2.0719160976680607e-10
1.8768154577262275e-09
5.292368660519914e-10
-4.717650754220921e-10
-2.7812397405402156e-10
3.4308003248169516e-13
6.952939197277598e-13
-1.9493088038416327e-05
5.892492467764251e-06
1.901594690406056e-09
-2.058656550663611e-10
8.657883540531831e-06
-9.854227942690776e-07
1.5831649090211127e-09
1.3214639073357653e-11
-1.0459896444953348e-09
1.8768154171117103e-09
-2.0719174136626032e-10
5.292368707670213e-10
-4.717647064823696e-10
3.4301267147569345e-13
-2.781236591269876e-10
6.952620203060198e-13
-1.9493088037659216e-05
1.901594342862759e-09
5.892492467153949e-06
-2.0586584069805571e-10
8.657883541563572e-06
1.583165193909085e-09
-9.854227946608723e-07
1.321520609569584e-11
-1.0168634694135532e-09
1.901594732501477e-09
1.9015944039791937e-09
-2.2234320642343943e-09
2.5299644241402247e-09
-1.2113044073266612e-13
-1.2057847614610714e-13
6.8260653749156764e-15
1.5605874338602375e-07
-2.6854254601267195e-09
-2.6854253019535806e-09
-1.1880206045236934e-12
-3.449805028641296e-10
3.0233050547964864e-11
3.0232618556122955e-11
-9.168838993084566e-16
4.138561672638966e-13
-2.718414715671965e-11
-1.8053243362174564e-12
1.4444263722821721e-12
-2.7184266559563403e-11
1.1647710994648048e-10
1.4449711206538308e-12
-6.451087238560102e-14
-1.133002264732319e-09
-2.7812367984392945e-10
5.29236740946051e-10
-7.86205463203118e-14
8.433638625301859e-07
-2.9924542013530265e-07
-1.095028402722558e-09
1.321532029783826e-11
-1.1330017324646595e-09
8.433638626360471e-07
5.292364657147868e-10
-1.0950284125549928e-09
-2.78124312432122e-10
-2.9924542098266864e-07
-7.919424951219218e-14
1.3215271215571671e-11
3.1901535729214147e-09
-9.854227942028909e-07
-2.2234321183346207e-09
2.823687914567317e-11
-9.85422794073982e-07
5.047315064486881e-07
2.8236852521638618e-11
-1.0329645797280731e-11
3.187265694725902e-13
3.429021389742654e-13
-5.259867490195156e-10
-7.877711894146228e-14
3.424669090439776e-13
-5.49986361446546e-13
-7.869575252929875e-14
6.815262896638803e-15
-1.0459896871605128e-09
-1.2076571884617603e-13
-2.0586525476577418e-10
1.2237331939508303e-13
1.5831645092105136e-09
1.3050180065928952e-11
2.8236974064456707e-11
-2.3853502931812587e-16
-1.045989631271772e-09
1.5831654282265154e-09
-2.0586515986885587e-10
2.8236297426580466e-11
-1.2044240038476153e-13
1.3050219902828934e-11
1.222401926041461e-13
-4.2117027435411357e-16
3.279810312073438e-09
3.0232248870529743e-11
-1.187474859731132e-12
4.2692371733627603e-16
3.023244715894979e-11
-1.0330695965362197e-11
1.3680387229278346e-16
4.798610191202722e-16
4.1415876266216766e-13
-1.8053826288078862e-12
-2.718372878961282e-11
1.4445228623409689e-12
-2.7184001063235876e-11
1.4444707871601308e-12
1.1647696225697721e-10
-6.431752663785836e-14
-1.1330020214565106e-09
5.292366297372036e-10
-2.781235936846243e-10
-7.900899406194184e-14
8.433638618990538e-07
-1.0950288429135296e-09
-2.9924542007394364e-07
1.3214487575125178e-11
3.1879041975158247e-13
-5.259870860831169e-10
3.429330449652207e-13
-7.915715457022039e-14
3.4258920392213185e-13
-7.90335265913607e-14
-5.497101178149443e-13
7.033346257331917e-15
-1.045990074941385e-09
-2.0586563484214282e-10
-1.2088835798901455e-13
1.2218773462918824e-13
1.5831647146205143e-09
2.8237002847466767e-11
1.3050377694806184e-11
2.7378458815610503e-16
-1.1330021496172031e-09
5.292366707284364e-10
8.433638620262413e-07
-1.0950285258192124e-09
-2.781235403183409e-10
-7.921005478684268e-14
-2.99245420266027e-07
1.3215022735267802e-11
3.1901538098393057e-09
-2.2234321118322168e-09
-9.854227940182815e-07
2.8236899087031483e-11
-9.854227942795124e-07
2.823654484895143e-11
5.047315055144554e-07
-1.0329694347033869e-11
-1.0459892086803223e-09
-2.058658471629718e-10
1.5831653296269818e-09
2.823710030533753e-11
-1.204200369614981e-13
1.222370693938306e-13
1.3049912737740877e-11
8.516222776001723e-17
3.2798108931859694e-09
-1.1882012937623005e-12
3.0232727516475037e-11
-1.0069691105484502e-16
3.023265541413085e-11
7.498494539111696e-17
-1.0330384932124392e-11
1.68940492849626e-16
2.659180481610101e-16
4.1434885657557453e-13
4.1452260228966696e-13
-6.430266179122096e-14
4.1373525847170903e-13
-6.473430160994091e-14
-6.443717659413832e-14
-2.877405698096078e-14
4.1436570022831464e-13
6.955540838793323e-13
6.951420868976106e-13
6.875761007576312e-15
-5.2999987010615025e-11
1.3214626823492037e-11
1.3214625121982783e-11
-3.7188665265463215e-16
4.1427265571367554e-13
-5.3000482623270715e-11
6.953979406335984e-13
1.3214798839702428e-11
6.951443162771949e-13
1.3214730019439183e-11
6.670597282956741e-15
-2.3593913720189597e-16
-6.476945080784424e-14
1.3215226046566368e-11
7.296071277184382e-15
2.6118447768205965e-16
1.3214607588622931e-11
-1.0329910144945278e-11
9.899984985059394e-17
1.4001471705421487e-16
4.141533745025628e-13
6.950790657299356e-13
-5.3000824783803147e-11
1.3214913776340126e-11
6.954430685603023e-13
7.171890337378031e-15
1.3214784456477244e-11
-2.603087952647282e-16
-6.466681775113803e-14
7.221386679036777e-15
1.3214834430052213e-11
5.911569442462275e-17
1.3214650269172534e-11
1.099382034661335e-16
-1.0329774705808515e-11
1.0934131616050556e-16
-6.471450697587816e-14
1.3214921927784824e-11
1.3215026666081926e-11
-1.0329306387457039e-11
6.891509366471752e-15
-3.217702648237583e-16
-2.6761879108980653e-16
-6.815348184252118e-16
-2.8337069209445618e-14
-3.675101672203838e-16
-3.4498236099540604e-16
4.881148880063662e-16
7.318420928401352e-17
-6.084929332489792e-17
-1.4882859420891056e-16
3.7408013733375415e-16
