-12.000000000000005
-13.986006006013756
-13.972024048214834
-13.958054163079915
-13.93611254756253
-13.930150758362196
-13.916217313390671
-13.888345951520316
-13.872452413877754
-13.874490462568305
-13.840708653608322
-13.824858538375903
-13.80902300704923
-13.819027571132105
-13.80519298858571
-13.791370942621981
-13.777561474819516
-13.763764626043573
-13.786301044480474
-13.736208952813259
-13.722450213486251
-13.708704262613345
-13.739448742101118
-13.727772524600487
-13.620154744317428
-13.70446458806823
-13.588888645306687
-13.681216238339557
-13.612844371117712
-13.658027786749676
-13.646456125016197
-13.634899558326042
-13.623358131934282
-13.61183187313462
-13.600320840086312
-13.448963738934957
-13.577344571923504
-13.490544877113742
-13.477023295842901
-13.542995356833455
-13.531576494113642
-13.520173152387336
-13.508785356912746
-13.409620928051753
-13.39618192576557
-13.474715756587877
-13.3693458237506
-13.452081262524516
-13.440787731632305
-13.4295100628323
-13.418248314834617
-13.407002514948145
-13.395772731428734
-13.384558989227
-13.262568246817933
-13.249285762363954
-13.351014574649634
-13.22276459101603
-13.328732749169031
-13.317616333839421
-13.306516296354825
-13.169899145821358
-13.156720003144928
-13.273315045531561
-13.262281074302521
-13.251263727159879
-13.104154258649725
-13.229279203511357
-13.077962812154295
-13.207361843393082
-13.196428505933747
-13.185512117660062
-13.174612721444852
-13.163730410429304
-13.152865218015766
-13.142017199478977
-13.131186385435472
-12.960872697415411
-13.109576719686034
-13.098797959965431
-12.922129293701456
-12.9092473350894
-13.066566611537235
-13.05585799423275
-12.87070008191843
-13.034493940549307
-12.845084924466741
-13.013201098919927
-13.002581561377145
-12.991980016730892
-12.981396519354393
-12.97083112021553
-12.960283920986015
-12.755965443669044
-12.939244308251164
-12.928752035300246
-12.918278201009763
-12.907822879352022
-12.897386100707996
-12.886967979848443
-12.667699341465468
-12.866187931067438
-12.85582611206768
-12.845483233307684
-12.835159327825147
-12.605192678128848
-12.814568725544882
-12.804302201303997
-12.567911020907795
-12.783826991081442
-12.543150997157545
-12.763429472982613
-12.753260028348507
-12.743110185698301
-12.73298009980205
-12.481588012453342
-12.712779351890745
-12.702708886407217
-12.69265844370864
-12.682628112448592
-12.672617952553624
-12.66262809987407
-12.652658594793198
-12.64270954105526
-12.632780971895638
-12.622873055198776
-12.612985835864286
-12.603119390736577
-12.593273818361906
-12.583449151357952
-12.573645599826447
-12.563863189595521
-12.554102001762672
-12.544362139914815
-12.534643706759551
-12.52494678704352
-12.515271466292505
-12.505617792702742
-12.495985980135272
-12.48637607947004
-12.476788180418964
-12.46722237356181
-12.457678770292793
-12.448157485806673
-12.43865854355437
-12.42918218831235
-12.419728446746076
-12.4102974364641
-12.400889279162987
-12.391504073903445
-12.382141920754858
-12.37280288519599
-12.36348720012573
-12.354194934390257
-12.344926193475358
-12.335681083997116
-12.326459739169144
-12.317262291093908
-12.30808885184817
-12.298939471512762
-12.289814413091566
-12.280713743660092
-12.271637603536144
-12.262586112583893
-12.253559392123803
-12.244557587554352
-12.235580772505383
-12.226629226565795
-12.217703013290517
-12.208802249527373
-12.19992713022298
-12.191077776328964
-12.182254336114456
-12.173456880267867
-12.16468569400884
-12.155940904974916
-12.14722264398006
-12.138531070172817
-12.129866345024176
-12.121228605345337
-12.112618071311909
-12.104034802186348
-12.095479134130933
-12.086951158790216
-12.078451024842964
-11.684304704446424
-11.686191863573043
-11.688124212826748
-11.690101614522293
-11.69212396356841
-11.694191082170468
-11.696302641825564
-11.698458289037957
-11.70065791089376
-11.7029011041548
-11.70518730240309
-11.707516584203825
-11.709888236173786
-11.712302009222006
-11.714757351957964
-11.717253769836232
-11.719790733697177
-11.72236756705709
-11.724983678901443
-11.727638736298934
-11.730331846704932
-11.733062284802648
-11.735829168160434
-11.738631906829312
-11.74146956236916
-11.744340895515863
-11.747245481825098
-11.750181937935404
-11.75314945596426
-11.756146716779174
-11.759172451839197
-11.762225639175094
-11.765304594076001
-11.768408442519926
-11.771535517302855
-11.774684110173268
-11.777852897811744
-11.778173423236385
-11.770934886518639
-11.763734409729867
-11.756572221014848
-11.74944896728692
-11.742364892665512
-11.735320385814683
-11.728315843549574
-11.721351631005057
-11.714428241777936
-11.707545956861209
-11.700705411132626
-11.693906944187273
-11.68715096505753
-11.68043802410017
-11.67376853599403
-11.6671429462942
-11.660561760564441
-11.654025536195304
-11.64753480239787
-11.641090049674396
-11.634691754471678
-11.628340561292685
-11.622036987762382
-11.615781607879189
-11.609574899475204
-11.603417635403936
-11.597310412026307
-11.591253812438568
-11.58524835819238
-11.57929507072715
-11.573394099326014
-11.567546685299593
-11.561753035160335
-11.55601428531375
-11.550330830115604
-11.544703489829757
-11.539133415226473
-11.533620850261252
-11.52816706478123
-11.522772521588768
-11.517438383443675
-11.512165146137518
-11.506953918063541
-11.50180579372087
-11.496721337146264
-11.491701822391533
-11.486747851501564
-11.48186086306075
-11.477041327293408
-11.47229089552399
-11.467610032066169
-11.463000095728765
-11.458462476971825
-11.453997697874078
-11.449607545705119
-11.445292634759413
-11.441054637219658
-11.43689438711948
-11.432813212539509
-11.428812828534388
-11.42489389781066
-11.421058288751441
-11.417306926487289
-11.413641554982975
-11.41006314021084
-11.406573374715428
-11.403173916002492
-11.399865814674971
-11.396650947615667
-11.393530404427361
-11.390506233890507
-11.387579373388473
-11.384751851067444
-11.382025359601874
-11.379401044091999
-11.376881146790684
-11.374466590790103
-11.372159778245056
-11.36996173500135
-11.367874432878999
-11.365899859346083
-11.364039051101292
-11.362294482705884
-11.335928655244178
-11.34178002029902
-11.347635450778656
-11.353496169304025
-11.355367643072237
-11.354353468597912
-11.353467239656823
-11.352710100020944
-11.352084140817741
-11.351590453310074
-11.351231206002453
-11.351007220290105
-11.350920529626016
-11.350972730070723
-11.351164674106979
-11.351498502432792
-11.35197466594315
-11.352595335879801
-11.35336098897983
-11.354273131206806
-11.355333215839531
-11.356541517501373
-11.357899941249396
-11.359408452718764
-11.361068709797278
-11.362880841137025
-11.364845667760818
-11.366964389894243
-11.369236729780047
-11.371663813115926
-11.374245403404672
-11.376982354638717
-11.379874151209945
-11.382921482664969
-11.386124537289835
-11.389482680858398
-11.39299637661643
-11.396664819388487
-11.40048832121964
-11.404465760018764
-11.408597296771338
-11.41288257515864
-11.417320235571498
-11.421910708386934
-11.42665202199166
-11.431544488299377
-11.436586470487638
-11.441777378691944
-11.44711657566978
-11.45260224118624
-11.458234457253953
-11.464010805716928
-11.46993129293429
-11.47599391001338
-11.482198096956607
-11.488541763695169
-11.495024306280339
-11.501644582104356
-11.508400588902735
-11.515291652070054
-11.522315727178896
-11.529472113684948
-11.536758550873223
-11.544174347311747
-11.551718256577747
-11.559387985784593
-11.567183384087075
-11.575101576495275
-11.58314242307153
-11.591303624146711
-11.599584123845087
-11.607982876427343
-11.616497586322556
-11.625128188401996
-11.633871790107245
-11.642728357351805
-11.651695632025321
-11.660772424142424
-11.669958197978557
-11.679250729824885
-11.688649447153287
-11.698152367955108
-11.707758954696702
-11.71746725807271
-11.727276191276589
-11.737185366620617
-11.747192661467219
-11.757297630428136
-11.767498176248944
-11.777794598551342
-11.788184124724493
-11.798667098171952
-11.809241492568853
-11.81990661519426
-11.830661791485388
-11.841504922004752
-11.85243682449067
-11.863454333013223
-11.874558307678893
-11.885746949554205
-11.897018848169255
-11.908374435634828
-11.919811725586767
-11.931330554978258
-11.942929346811905
-11.954607968557228
-11.966364875732085
-11.97819944803919
-11.990111324796164
-12.002099554809002
-12.014163134884905
-12.026301133551138
-12.038514025619218
-12.050798979061813
-12.06315685527838
-12.07558689206292
-12.088087692634389
-12.10065927912055
-12.113299857825947
-12.126010742441396
-12.13878912652862
-12.151635098404261
-12.164549485278577
-12.177529250714585
-12.190575785622341
-12.203687372038695
-12.216864117823503
-12.230104760870855
-12.243408634343563
-12.256776869736715
-12.270206439978258
-12.283698842437568
-12.297252653487611
-12.31086755980148
-12.324542145599269
-12.338277970712523
-12.35207200928722
-12.365925505359165
-12.37983784625264
-12.393807889237483
-12.407835833759126
-12.421920075183111
-12.436062261251724
-12.45025936103174
-12.464512456902726
-12.478821952803214
-12.49318504730254
-12.507603437945292
-12.522075568071195
-12.536601675404409
-12.551180707700796
-12.565812085526806
-12.580497243369
-12.595233363306066
-12.610021526778121
-12.62486113013312
-12.639751516687836
-12.654692081459846
-12.669683122758512
-12.684724305049501
-12.699814646908518
-12.714954419013987
-12.730142653068476
-12.745379623640531
-12.760663842025416
-12.775996569009573
-12.791376798175417
-12.806803276885672
-12.822277907852635
-12.837797601861702
-12.853364271002352
-12.868976460276109
-12.884634160426884
-12.900337360854945
-12.916084610587975
-12.931877867070659
-12.947714019272894
-12.963595032853636
-12.979519692772243
-12.995487860395796
-13.011498321322726
-13.027552219572378
-13.043648995070068
-13.059787801955158
-13.075968935897254
-13.092191561521513
-13.10845597503287
-13.124760767511493
-13.14110733266403
-13.157494479193032
-13.173921640855092
-13.190390260681609
-13.206897381795303
-13.223445077729165
-13.24003196603464
-13.25665807450244
-13.27332255823459
-13.290027517517858
-13.306769839962142
-13.323550019173465
-13.340368024534905
-13.35722598804177
-13.37411936167556
-13.391050273436257
-13.408018721452592
-13.425024066255594
-13.442066596356772
-13.45914507152795
-13.476259786700648
-13.493409897869537
-13.51059600895152
-13.527819727763905
-13.545076824155725
-13.562368908626329
-13.579696605293817
-13.59706001454736
-13.614456600309573
-13.631888008825165
-13.649353588586207
-13.666852678869256
-13.684386948601375
-13.701953862436355
-13.719553514281738
-13.737186545048502
-13.754853059251475
-13.772553519002884
-13.790284833558777
-13.808049261071249
-13.825845958934366
-13.843675197451763
-13.86153589009535
-13.879428312546736
-13.897351789352006
-13.9153064642731
-13.933294632454615
-13.951311535145255
-13.969359462328471
-13.987438582418644
-14.00554933314252
-14.023688635867728
-14.04185880513775
-14.060058992929651
-14.078288345557626
-14.096549187709845
-14.114838450488893
-14.133156552122694
-14.151503697975908
-14.169880592759664
-14.18828733022155
-14.20672132302738
-14.22518444315086
-14.243675998328468
-14.262196233181692
-14.280744201735425
-14.299320153220345
-14.31792322763603
-14.336554139952302
-14.355214810812436
-14.373900653949722
-14.39261359213541
-14.411354355060894
-14.430122084327875
-14.44891701221391
-14.467738249880766
-14.486586033931728
-14.505459645645233
-14.524361054513175
-14.54328765162325
-14.562239517214532
-14.58121738948583
-14.600221582891
-14.61925246697136
-14.63830699277776
-14.657387594760449
-14.676493407054558
-14.695623558758886
-14.714780491657722
-14.733961165575948
-14.753165930569542
-14.772395132817268
-14.791651233186816
-14.810929215387471
-14.830231535031734
-14.849558558205656
-14.868909546749494
-14.888284703510877
-14.907683262077851
-14.927105429050018
-14.946550326091984
-14.966020433797343
-14.98551272288143
-15.00502751632964
-15.024565210045038
-15.04412658488146
-15.063711712742125
-15.08331793464618
-15.102947382525251
-15.122599300240571
-15.142272924028708
-15.1619704009593
-15.1816890709087
-15.201428997977736
-15.2211909683554
-15.24097715252196
-15.260782657701224
-15.280609656169124
-15.300458945078615
-15.320329638960287
-15.340221911298102
-15.360135105827638
-15.380069399296179
-15.400024010785955
-15.419999406732117
-15.439998136307015
-15.460015028783038
-15.480052628490904
-15.500111418720909
-15.52019167373565
-15.54029038309607
-15.560410106214512
-15.580549950061208
-15.600709017544688
-15.620889872876404
-15.641089512989014
-15.661308194901254
-15.6815464271777
-15.701806788379987
-15.722084053807341
-15.742380797395054
-15.762697543437957
-15.78303349243019
-15.803388789785265
-15.823762877557975
-15.844155903998455
-15.864566964970992
-15.884996882726345
-15.90544797344992
-15.925915160249238
-15.94640076088222
-15.96690560647405
-15.987429744698538
-16.00797045387025
-16.02853007074409
-16.04910777996499
-16.069702759984434
-16.0903173592866
-16.110948855031804
-16.131597288297826
-16.152263493039836
-16.172948051301198
-16.193651175636397
-16.21436988034353
-16.235106792151598
-16.255861000085126
-16.276632623499786
-16.297421191547848
-16.318226826048182
-16.33904869082085
-16.359887389068685
-16.380745562744913
-16.401617866551646
-16.422506938424593
-16.443413394647443
-16.46433657989964
-16.485276054514042
-16.50623193061969
-16.527204136482933
-16.54819260078968
-16.569197428195544
-16.590218195678784
-16.61125337840234
-16.63230616790554
-16.653374865477456
-16.674461209335202
-16.69555987687251
-16.716675885663992
-16.737807529443383
-16.75895490391134
-16.780117614816717
-16.801295759993852
-16.822489273299198
-16.84369643274483
-16.864922297892512
-16.886159860664485
-16.90741418912535
-16.928683560624442
-16.949967911242357
-16.971267327193523
-16.992581444452615
-17.013910351236316
-17.035252309989303
-17.056612428465996
-17.077985329035133
-17.099372771272737
-17.120773010967426
-17.142189351598958
-17.163620190148237
-17.185065188277434
-17.206524425975065
-17.227997843821523
-17.249485382725787
-17.27098711644952
-17.292502720324556
-17.314030569456946
-17.335574005152186
-17.35713310340218
-17.378704143588916
-17.400287192337682
-17.4218856070785
-17.443497625518408
-17.46512331392365
-17.48676237118097
-17.508414865283495
-17.530080741214448
-17.55176006203559
-17.573452536680016
-17.595156506012803
-17.616875362238112
-17.63860732966148
-17.660354196448523
-17.682110496732605
-17.703881478307704
-17.725665359770026
-17.747460353325007
-17.769271721375578
-17.791093989853913
-17.812928951396614
-17.834774812818015
-17.856636853069638
-17.878507842428444
-17.90039306616915
-17.9222907305835
-17.944200785988908
-17.9661232812793
-17.988057969707413
-18.010004901651204
-18.031962272319955
-18.05393354411667
-18.075918766993382
-18.097914188174233
-18.119919850104424
-18.141939228113543
-18.16397060436254
-18.18601375122542
-18.208068712877036
-18.230135442911006
-18.252213895161194
-18.27430410916839
-18.29640586743552
-18.318517435996856
-18.34064231797818
-18.36278055452057
-18.38492838215905
-18.4070858351924
-18.42925642854361
-18.451438339206764
-18.47363160118163
-18.49583601434002
-18.518051613951265
-18.54027835683812
-18.562514410656224
-18.584765174639802
-18.607023297783766
-18.62929418434014
-18.651576001566013
-18.673870573888664
-18.696172330644803
-18.718486688679736
-18.74081181113056
-18.763145856525586
-18.785494252236866
-18.807851421763147
-18.8302191927706
-18.852595719931795
-18.874984572277963
-18.89738396932442
-18.919793744158575
-18.942213921354114
-18.964644461677167
-18.987085386564885
-19.009536535529683
-19.031997931089435
-19.054467719676516
-19.076949492161123
-19.09944327074809
-19.121945269298223
-19.144455504695728
-19.16697757704303
-19.189509685172645
-19.21205168236768
-19.234603586760013
-19.257165361556368
-19.27973697014264
-19.302318427378275
-19.324909593798523
-19.347508656879825
-19.370119215433416
-19.392739469456856
-19.415371199754432
-19.438008801199775
-19.46065776107493
-19.483316273208228
-19.505984268994343
-19.528661699988547
-19.551348538573347
-19.5740447127415
-19.59674840692932
-19.619465126707347
-19.642187395603408
-19.66492072388016
-19.68766329222136
-19.71041503100523
-19.7331759129739
-19.755945893020765
-19.778724910772503
-19.801511138220853
-19.824310102596154
-19.847116171920984
-19.86993115056807
-19.892753205308587
-19.915586001494557
-19.93842764807661
-19.961278072639516
-19.98413730959989
-20.00700529704979
-20.029881974863766
-20.05276737501059
-20.075661427360632
-20.098562236035203
-20.121473482641477
-20.144395224783104
-20.167323572616496
-20.19025857979356
-20.213203907291458
-20.236157705459007
-20.25911992262287
-20.282090520437954
-20.305069473727208
-20.328056729130115
-20.351052333286553
-20.374056153796243
-20.397066360006452
-20.420086629548237
-20.443115103051156
-20.46615361070615
-20.489196482649664
-20.512249328193523
-20.535310220299596
-20.558377293228943
-20.581456140496098
-20.604541088092795
-20.627633971977115
-20.650732922619273
-20.67384354027614
-20.696958264432226
-20.720082698453368
-20.743214970409372
-20.76635503468491
-20.789502867423252
-20.812658418744054
-20.83582169972571
-20.858990781354617
-20.88216939073814
-20.90535755447616
-20.928551404934424
-20.951750965895283
-20.974959953013677
-20.998176502513477
-21.021400523285088
-21.044632037234496
-21.067871003993222
-21.091117384348486
-21.114371197149737
-21.1376323575169
-21.160898994083638
-21.18417483454176
-21.207459896014576
-21.230750317937094
-21.254046115009675
-21.27735103186869
-21.300663141774788
-21.32398244615254
-21.34730890502196
-21.37064249637521
-21.39398318549893
-21.417329077343982
-21.440685818378356
-21.464045808327256
-21.48741469584666
-21.51079058429055
-21.534175336381814
-21.557563242031122
-21.58095995433675
-21.604363574297956
-21.627772174074934
-21.651191419218318
-21.674615597281242
-21.698046574601456
-21.721482448662744
-21.744926973904143
-21.768378256449644
-21.79183624055499
-21.815300928413805
-21.83877229039074
-21.862250305768505
-21.88573495038643
-21.909226197119416
-21.932722139056107
-21.956226538808455
-21.979739395531233
-22.003256862846744
-22.026778938372228
-22.050309393729837
-22.073846309438572
-22.097389657267346
-22.120939428204835
-22.144495595930923
-22.168058134787856
-22.191627035024307
-22.21520226937964
-22.238781916976006
-22.26236975540935
-22.285963872290907
-22.309566145377122
-22.333170847791592
-22.356783661694777
-22.38040267332608
-22.404027859421763
-22.427659198974
-22.451296672944512
-22.474940258407052
-22.498588039588643
-22.522245703267842
-22.545905616576874
-22.56957346744775
-22.593247339424305
-22.61692721039059
-22.640613061758593
-22.66430487369507
-22.68800262536723
-22.711704398671603
-22.73541588549297
-22.758418407284854
-22.782852687320634
-22.806577967364312
-22.830310982594074
-22.854049810391047
-22.877794430148676
-22.901544827559647
-22.925300982709814
-22.949062876060914
-22.97283049300028
-22.99660381357195
-23.01994274746147
-23.044165588296963
-23.067562180173578
-23.09175377880745
-23.115198080179955
-23.139024548697464
-23.162856040864593
-23.1866925405785
-23.210534031938863
-23.234380499685386
-23.258479847955073
-23.282320247980206
-23.305949607332916
-23.329813920635747
-23.3536850402776
-23.37773454885434
-23.401443827167736
-23.425475185710493
-23.449353579012
-23.473113615305248
-23.497011914080414
-23.52091882265819
-23.544828605273995
-23.568743154229722
-23.592734046348678
-23.61665153349
-23.640570454195917
-23.66444681858682
-23.688384983279512
-23.712364265028405
-23.736275338902107
-23.760227501434947
-23.78420473555279
-23.808159947470255
-23.832109852232424
-23.856091443497057
-23.880063882149756
-23.904039489254316
-23.92802206416005
-23.952009684356497
-23.97600233465569
-23.999999999999954
