-14.0
-13.988007005589068
-13.9760280443056
-13.964063149221886
-13.944096387428495
-13.940175692932481
-13.928253199744072
-13.902296090311413
-13.888387127231411
-13.892571068503258
-13.860606135320122
-13.846734184584049
-13.832874649874153
-13.845195346065607
-13.833387446145744
-13.82159402738506
-13.809815133284166
-13.798050794342101
-13.786301044480513
-13.774565929134246
-13.762845482267277
-13.751139740869263
-13.739448742101155
-13.727772524600509
-13.667543575477401
-13.704464588068253
-13.640167864361159
-13.681216238339571
-13.669614508087328
-13.658027786749715
-13.646456125016252
-13.634899558326046
-13.623358131934333
-13.611831873134722
-13.600320840086361
-13.517628734788344
-13.57734457192352
-13.565879438908434
-13.554429679652275
-13.542995356833464
-13.531576494113644
-13.52017315238744
-13.508785356912755
-13.497413169389542
-13.486056614209804
-13.4747157565879
-13.463390619941135
-13.452081262524521
-13.440787731632316
-13.429510062832332
-13.418248314834631
-13.407002514948157
-13.39577273142875
-13.384558989227035
-13.373361357583558
-13.36217986162148
-13.351014574649653
-13.33986551623967
-13.328732749169086
-13.3176163338395
-13.306516296354904
-13.295432709709422
-13.284365600481731
-13.27331504553158
-13.26228107430257
-13.25126372715997
-13.240263092967263
-13.229279203511407
-13.21831211088776
-13.207361843393162
-13.196428505933753
-13.185512117660123
-13.174612721444893
-13.16373041042933
-13.152865218015783
-13.142017199479008
-13.131186385435491
-13.120372885211292
-13.109576719686059
-13.098797959965465
-13.088036626917502
-13.077292833257971
-13.066566611537244
-13.055857994232806
-13.045167096405722
-13.034493940549323
-13.023838601713367
-13.013201098919941
-13.002581561377172
-12.991980016730901
-12.981396519354417
-12.97083112021555
-12.960283920986019
-12.949754974024337
-12.93924430825122
-12.92875203530029
-12.918278201009809
-12.90782287935204
-12.897386100707998
-12.886967979848505
-12.876568572811474
-12.866187931067525
-12.855826112067707
-12.845483233307712
-12.835159327825155
-12.824854454843996
-12.814568725544914
-12.804302201304
-12.79405493591657
-12.783826991081456
-12.773618482811278
-12.763429472982628
-12.753260028348514
-12.743110185698388
-12.732980099802093
-12.72286979970674
-12.712779351890747
-12.702708886407224
-12.692658443708641
-12.682628112448656
-12.672617952553635
-12.662628099874112
-12.65265859479321
-12.642709541055279
-12.632780971895654
-12.622873055198783
-12.612985835864318
-12.603119390736625
-12.593273818361912
-12.583449151357971
-12.573645599826476
-12.563863189595528
-12.554102001762702
-12.544362139914819
-12.53464370675961
-12.524946787043543
-12.515271466292553
-12.505617792702747
-12.495985980135286
-12.486376079470041
-12.476788180418996
-12.467222373561862
-12.457678770292823
-12.448157485806703
-12.438658543554375
-12.429182188312375
-12.419728446746085
-12.410297436464136
-12.400889279163028
-12.39150407390348
-12.3821419207549
-12.372802885195995
-12.36348720012574
-12.354194934390271
-12.3449261934754
-12.335681083997125
-12.326459739169174
-12.317262291093938
-12.30808885184821
-12.298939471512773
-12.28981441309158
-12.28071374366015
-12.271637603536176
-12.262586112583914
-12.253559392123812
-12.244557587554377
-12.23558077250541
-12.226629226565803
-12.217703013290544
-12.208802249527377
-12.199927130222985
-12.191077776328967
-12.182254336114456
-12.173456880267869
-12.164685694008856
-12.155940904974939
-12.147222643980086
-12.13853107017286
-12.129866345024231
-12.121228605345367
-12.11261807131195
-12.104034802186398
-12.095479134130963
-12.086951158790217
-12.078451024842986
-12.06997896712288
-12.061535139976064
-12.05311969991269
-12.044732834567226
-12.036374791086839
-12.028045764046846
-12.019745921851563
-12.011475435401561
-12.003234566462298
-11.995023492739069
-11.986842336339441
-11.978691486813679
-11.970571043640946
-11.962481287981712
-11.954422414676367
-11.94639465241519
-11.938398233860466
-11.930433362675116
-11.922500256253809
-11.914599305394768
-11.90673067062994
-11.898894606024017
-11.891091336053604
-11.883321192287468
-11.875584413487205
-11.867881167199386
-11.860211929256218
-11.852576851530438
-11.84497629825761
-11.837410519216819
-11.82987978310877
-11.822384467776478
-11.814924748884128
-11.807501144478659
-11.800113884314765
-11.7927632510872
-11.785449661754129
-11.77817342323641
-11.770934886518695
-11.763734409729881
-11.75657222101487
-11.749448967286943
-11.742364892665616
-11.735320385814697
-11.728315843549582
-11.72135163100509
-11.714428241777945
-11.70754595686123
-11.700705411132656
-11.693906944187292
-11.68715096505757
-11.680438024100178
-11.673768535994048
-11.667142946294211
-11.660561760564454
-11.65402553619535
-11.647534802397901
-11.641090049674396
-11.634691754471707
-11.628340561292728
-11.622036987762401
-11.615781607879217
-11.60957489947521
-11.603417635403952
-11.597310412026339
-11.591253812438618
-11.585248358192384
-11.57929507072715
-11.573394099326043
-11.567546685299607
-11.561753035160386
-11.556014285313761
-11.550330830115653
-11.54470348982976
-11.539133415226562
-11.533620850261348
-11.528167064781249
-11.522772521588799
-11.517438383443729
-11.512165146137566
-11.50695391806356
-11.501805793720893
-11.49672133714629
-11.491701822391567
-11.48674785150157
-11.481860863060765
-11.477041327293447
-11.472290895524083
-11.467610032066172
-11.463000095728795
-11.458462476971862
-11.453997697874149
-11.449607545705133
-11.445292634759467
-11.441054637219674
-11.436894387119498
-11.432813212539571
-11.428812828534536
-11.424893897810735
-11.421058288751476
-11.417306926487301
-11.413641554983002
-11.410063140210855
-11.406573374715432
-11.4031739160025
-11.399865814675005
-11.39665094761567
-11.393530404427374
-11.390506233890514
-11.387579373388501
-11.384751851067453
-11.382025359601931
-11.37940104409202
-11.3768811467907
-11.374466590790105
-11.372159778245075
-11.369961735001418
-11.367874432879038
-11.365899859346102
-11.364039051101296
-11.362294482705938
-11.36066709092946
-11.359159240155433
-11.357772117214864
-11.356507521388247
-11.35936394248202
-11.365238765480456
-11.371122616492183
-11.377015799914526
-11.382920104165114
-11.388835848988911
-11.394765040481971
-11.400707737076054
-11.406665741894999
-11.412640393065116
-11.418632011821915
-11.424642652402985
-11.430672365568272
-11.43672338348105
-11.442795788057419
-11.448891176992634
-11.455011143127376
-11.461155767538267
-11.467327261620788
-11.473525654796605
-11.479752995575264
-11.486009541653075
-11.49229664616285
-11.498616031696073
-11.504967743115353
-11.511353747251873
-11.517774260207823
-11.524231103845562
-11.530724411653528
-11.53725578682011
-11.543826532530089
-11.550436831729503
-11.557088466346224
-11.563781584762506
-11.570517949671668
-11.57729758691642
-11.584121997042569
-11.590992412007674
-11.597908804769954
-11.604873127890297
-11.611885072523568
-11.618946562476447
-11.626057490906286
-11.63321908645775
-11.640432568823483
-11.647697775998116
-11.65501654091872
-11.662388446231295
-11.66981529328911
-11.677296833809999
-11.684834630501214
-11.69242839687193
-11.700079347857649
-11.707788494191687
-11.715555545631075
-11.723381992450994
-11.731267499212803
-11.739213526718698
-11.747219638468541
-11.755286916940642
-11.763416263981172
-11.771607178550216
-11.779861206182666
-11.788177644309213
-11.796558006222021
-11.80500170298002
-11.81350958823546
-11.822082504752125
-11.830719803261946
-11.839422909802234
-11.848190992657186
-11.857025447415785
-11.865925541023076
-11.874891971825242
-11.883925559904823
-11.893025513043082
-11.902193019285324
-11.911427291362127
-11.920729491025249
-11.930098792607055
-11.939535794065852
-11.94904120658869
-11.95861410793754
-11.968255597345113
-11.977964718426279
-11.987742666449154
-11.997588331505419
-12.00750288567824
-12.01748530580264
-12.027536113437703
-12.037655822008503
-12.047843291692882
-12.058099851664574
-12.06842400173412
-12.078817054003412
-12.0892779564568
-12.099806748883584
-12.11040424091011
-12.12106919275602
-12.1318025397109
-12.14260313104198
-12.153471885670568
-12.164407630012951
-12.1754107789709
-12.186481480013427
-12.197619036076775
-12.20882369515269
-12.220094744670359
-12.231432953460779
-12.242836728560727
-12.254306783918457
-12.265843315039733
-12.277445055335937
-12.289112844029349
-12.300845262953722
-12.312643552163726
-12.324506037743394
-12.336432940001686
-12.348425001305907
-12.360480339464882
-12.37260019073767
-12.384783089898436
-12.397029834965752
-12.409339095224459
-12.42171097612429
-12.434146194880519
-12.446642790807445
-12.459202011415767
-12.47182253614643
-12.484504774351372
-12.497247390054339
-12.510051647710705
-12.522915525889022
-12.5358397593675
-12.548824412270044
-12.561868122703629
-12.574971648405208
-12.588133446395744
-12.601354808065604
-12.614633647502954
-12.627970736841458
-12.641366287987273
-12.654818380382109
-12.668328322614288
-12.68189456288219
-12.69551784340415
-12.709196801755995
-12.722931451853984
-12.736722610230998
-12.750568304810347
-12.764469292488068
-12.778424801038854
-12.792434775172124
-12.806498437899162
-12.820615836442425
-12.83478716519
-12.84901107870419
-12.863288305319703
-12.877617504579508
-12.891999402913154
-12.906432432676858
-12.920917469081491
-12.935454089990511
-12.950040929492848
-12.964679430090612
-12.979367306195154
-12.99410600619786
-13.00889397448493
-13.02373142416599
-13.038618565214481
-13.053553837248582
-13.068538730922674
-13.083570913159791
-13.0986518806911
-13.11378028829203
-13.12895644323562
-13.144178995046966
-13.159448705487351
-13.174765515271014
-13.190128158480945
-13.205537342172942
-13.220991809088561
-13.23649226420163
-13.252037165819003
-13.267627517989888
-13.283262638548486
-13.298941798821017
-13.314665997230462
-13.330432998425344
-13.346244412333437
-13.362098718500876
-13.377996137273573
-13.393936093822079
-13.40992023011295
-13.425945450730776
-13.442012641343316
-13.45812147296676
-13.474273624719855
-13.490465402524595
-13.506698482210611
-13.522972563524487
-13.539287269859635
-13.555643275535473
-13.572038512927536
-13.58847366311198
-13.60494813741234
-13.62146224937599
-13.638017156203325
-13.654609464548804
-13.671240331012662
-13.6879100953672
-13.704619230532208
-13.721365214261338
-13.738149243301715
-13.754970921967386
-13.771829843196388
-13.788727226767117
-13.805660554522438
-13.822630281636128
-13.839636774557277
-13.856679838404451
-13.87376031353399
-13.890875095232932
-13.908026030315717
-13.925212516013024
-13.942435184242427
-13.959692165292212
-13.97698409775666
-13.994310551923231
-14.01167137276797
-14.029068458934805
-14.046497813134206
-14.063961328907236
-14.081458881106135
-14.098991275321778
-14.116555411767115
-14.134153218546656
-14.151784075531465
-14.16944735287134
-14.187144993884205
-14.204873909551237
-14.222634877766478
-14.240427813184937
-14.258253181402743
-14.276111402068986
-14.293999912309024
-14.311920167703276
-14.329871711095144
-14.347855121294677
-14.365868731130616
-14.383913125682538
-14.401987656521456
-14.420092809421583
-14.438230100203876
-14.456395668936436
-14.474591031524016
-14.492816696749118
-14.511072015316367
-14.529357540626796
-14.547671692645407
-14.566015030825001
-14.584387057718091
-14.602789348294047
-14.621219325022075
-14.639677363037734
-14.658163988971381
-14.676679251051304
-14.695223850647078
-14.713794708165024
-14.732393936063032
-14.751020865022891
-14.769674816421556
-14.788357914513666
-14.80706709106456
-14.825803017119583
-14.84456577864744
-14.86335752959179
-14.882173869529874
-14.901016946052426
-14.919886872617875
-14.938783118634241
-14.957706176135032
-14.976654659842554
-14.995629067310487
-15.014628699774008
-15.033655744513958
-15.052707142945222
-15.071783521299764
-15.090885029516699
-15.110012270742327
-15.129165574992276
-15.14834231460845
-15.167544278150407
-15.186770904873107
-15.206021622276072
-15.225298237754375
-15.244598125815717
-15.263921596630086
-15.2832692663018
-15.302642975771764
-15.322038416675575
-15.341457430276634
-15.360900651486075
-15.380367359078438
-15.399857982475181
-15.419371320047265
-15.438907806198827
-15.458466838672953
-15.478048660939953
-15.497655574314557
-15.517282917708128
-15.536932986051754
-15.556606047465534
-15.576302643615941
-15.596019731236941
-15.615759630181115
-15.635521599129813
-15.655304888671036
-15.675111826893774
-15.694939381173874
-15.71478806392396
-15.734658175965107
-15.754552069355304
-15.774464988659576
-15.79439927967726
-15.814355266650686
-15.834332313294723
-15.85433078786868
-15.874349658737213
-15.894389298621524
-15.914448938966107
-15.934529267782471
-15.954632328569433
-15.974753524566227
-15.994894899681544
-16.015057157848435
-16.035240539588816
-16.055442352578044
-16.07566466939351
-16.09590682524522
-16.116168145122504
-16.136450717089634
-16.156751850177887
-16.177071767465346
-16.197411181214424
-16.217770496374836
-16.23815014452505
-16.258547109498117
-16.278963829177812
-16.299399514007813
-16.319854474376957
-16.340327833638778
-16.360819906148656
-16.38132998997474
-16.40185851859263
-16.422407956412158
-16.44297333130921
-16.463557101971453
-16.484159722089455
-16.504780854068297
-16.525419677693975
-16.54607648565617
-16.566751199355597
-16.58744374065743
-16.60815438685158
-16.628882348044673
-16.64962651356175
-16.67038958629497
-16.691170102846296
-16.7119697329626
-16.732783504803333
-16.75361589938487
-16.77446543875625
-16.795332379881625
-16.816215985595093
-16.837116516362418
-16.858033899779414
-16.87896662838451
-16.89991925461132
-16.920885319960373
-16.94186939185623
-16.962869960613155
-16.983886956285243
-17.004920614170366
-17.025970252917112
-17.047036111134293
-17.0681166509517
-17.089216507781448
-17.110330613284905
-17.131460667107472
-17.15260511831311
-17.173766865037493
-17.194944643450327
-17.216137819965425
-17.237346614374434
-17.258570961690875
-17.279810797290722
-17.301066327815303
-17.322336945217113
-17.343621343413925
-17.364922487333935
-17.38624058605822
-17.40757200964918
-17.42891694976073
-17.450278399912545
-17.47165477264511
-17.493046257227377
-17.514452289811086
-17.535873062557723
-17.557308515319924
-17.57875882991069
-17.600223461404983
-17.621701035711624
-17.64319460826548
-17.66470256499286
-17.68622664679525
-17.70776162725139
-17.72931238635752
-17.750877298652757
-17.772454726648025
-17.79404957577157
-17.815656604958274
-17.837277561265612
-17.858910796377046
-17.88056124494229
-17.902222048743653
-17.923898153908567
-17.94558791033281
-17.967291263711736
-17.989008362670265
-18.01073874626103
-18.032482565618437
-18.05423814902324
-18.07600867788779
-18.097794301103956
-18.119591332748236
-18.14139990746254
-18.163223229997694
-18.18505980763875
-18.206909215910454
-18.228771591357702
-18.250646883256078
-18.27253504114405
-18.294436191517843
-18.316349929275944
-18.338274729669454
-18.360213847778844
-18.382167411841127
-18.40413171702026
-18.426106878477903
-18.44809617271328
-18.470097890357803
-18.492112144703725
-18.514138563960664
-18.536177263581628
-18.558228196365864
-18.58028963449455
-18.602366726833665
-18.624452391074982
-18.646551785320884
-18.668663180313068
-18.690788369524444
-18.712921934710938
-18.73506905658592
-18.757227997445206
-18.77939701070768
-18.80158129579196
-18.823775423744042
-18.84598119253423
-18.86819684762586
-18.89042576418452
-18.912666321808075
-18.93491821268669
-18.957181526679925
-18.979456220883556
-19.001742378354372
-19.02403970369821
-19.046348281816822
-19.0686663411144
-19.09099729676595
-19.113341231997737
-19.135694401275977
-19.158056877507367
-19.180432092813827
-19.2028183841634
-19.22521548280769
-19.24762346302558
-19.27004228456926
-19.2924719073862
-19.314912398498066
-19.337363503207897
-19.35982353543262
-19.382295936022537
-19.404778995689938
-19.427274453664808
-19.449776815620123
-19.47229139932887
-19.494816485036086
-19.517352025877397
-19.53989789434889
-19.562454097711864
-19.58502054893541
-19.607595511432606
-19.630184335498676
-19.652779702838657
-19.67538697181706
-19.698004400315043
-19.720631904185574
-19.743269486158507
-19.765917031311282
-19.78857449915371
-19.811240131937396
-19.833919318255035
-19.85660651607101
-19.879303496399373
-19.902008492590028
-19.92472505733665
-19.94745137599712
-19.970187304469636
-19.992932923168826
-20.01568815753502
-20.038452935296014
-20.06122733135033
-20.08401120814053
-20.10680273829862
-20.12960550390055
-20.152419613478518
-20.1752411730409
-20.198070283582716
-20.220910503319182
-20.24376003817357
-20.266618849358558
-20.289486847187177
-20.31236402810171
-20.33525032825799
-20.358145837231195
-20.3810503436207
-20.403962095874128
-20.426884681252297
-20.44981628891375
-20.472758725473394
-20.495706379513166
-20.518664775442055
-20.541632011310277
-20.564606264683256
-20.587593041702128
-20.61058672380998
-20.633589125299768
-20.6565984171874
-20.67962011759145
-20.702646747395868
-20.72568383009699
-20.748729533091048
-20.77178380213705
-20.794846627581606
-20.817917917565914
-20.840997708904958
-20.86408409059772
-20.887180729034608
-20.91028768092813
-20.933401075135258
-20.956520962932377
-20.979650997961095
-21.002789368069273
-21.025935931069093
-21.049090735616947
-21.072253734025637
-21.0954248801054
-21.118604216986164
-21.1417916129264
-21.164985241650268
-21.188188777813355
-21.211402262115048
-21.234621830760773
-21.257847519753998
-21.281083028321284
-21.304326443175544
-21.327577782179684
-21.35083697681552
-21.374104014006768
-21.3973788531752
-21.420659620904434
-21.44395191740232
-21.467248186365484
-21.490554031781297
-21.513867577778534
-21.53719067553788
-21.560517639522306
-21.583854081602365
-21.607198121740907
-21.630547840661446
-21.65390886834061
-21.67727551507305
-21.700649636852358
-21.724029347097865
-21.747418367101456
-21.7708148288524
-21.794218649396626
-21.817629843844472
-21.84104837789639
-21.864474235368977
-21.8879073764664
-21.9113477765946
-21.934793541371086
-21.958248406295795
-21.981712381316957
-22.00518161750151
-22.028656121772805
-22.05213964296481
-22.075630274308953
-22.099127972987713
-22.122632736998877
-22.146144536156648
-22.169663341133653
-22.193189148103244
-22.216721916730307
-22.240259736086355
-22.263806365697423
-22.287359901564123
-22.310922215358456
-22.33448758988912
-22.358061688401705
-22.381642604399314
-22.405230314853966
-22.428824789651394
-22.45242601145519
-22.476033954304942
-22.49964670785757
-22.523269943512847
-22.546896040494133
-22.570530672163347
-22.594171927067766
-22.61781978020945
-22.641474213622356
-22.66513520051181
-22.688802719974188
-22.71247485736791
-22.73615729299504
-22.759131353703857
-22.78353775710896
-22.8072357493654
-22.830942056163003
-22.854654758074883
-22.878373828555358
-22.902099254496985
-22.925831013589548
-22.94956908400702
-22.97331345177154
-22.997064091797622
-23.020380914618965
-23.044582210169658
-23.067957821125542
-23.09212900115984
-23.115553447318295
-23.139360618848063
-23.163173372214782
-23.186991689211652
-23.21081555230507
-23.234644944493148
-23.258727767491532
-23.28255219299475
-23.30616612454874
-23.330015556395914
-23.35387233853154
-23.377908052429582
-23.401604076893317
-23.425622721308553
-23.449488937749347
-23.473237333239013
-23.49712452582757
-23.521020860816897
-23.54492060109503
-23.56882563717352
-23.59280754456137
-23.61671657298119
-23.640627560111437
-23.664496513691983
-23.688427789300214
-23.71240070191113
-23.736305925125112
-23.760252753786798
-23.78422516932583
-23.808176076476514
-23.83212218854675
-23.856100497787875
-23.880070163531002
-23.904043505319276
-23.92802432092684
-23.95201068635693
-23.97600258490624
-23.99999999999996
