-15.999999999999984
-15.984000080080065
-15.968000320641325
-15.95200072216663
-15.936001285140964
-15.920002010051016
-15.904002897385917
-15.888003947636303
-15.87200516129501
-15.856006538856246
-15.840008080818967
-15.824009787679671
-15.808011659941634
-15.792013698104988
-15.776015902678743
-15.76001827416541
-15.744020813078903
-15.728023519929511
-15.712026395222528
-15.69602943948396
-15.680032653233576
-15.66403603697761
-15.648039591253504
-15.632043316577018
-15.616047213475964
-15.600051282479043
-15.584055524109706
-15.56805993891509
-15.552064527425303
-15.536069290164129
-15.520074227694826
-15.50407934054368
-15.4880846292633
-15.47209009438198
-15.456095736489978
-15.440101556082558
-15.424107553740765
-15.408113730036078
-15.392120085495549
-15.376126620722482
-15.360133336236661
-15.344140232614002
-15.328147310421233
-15.312154570270406
-15.296162012662467
-15.280169638239673
-15.264177447516213
-15.248185441102999
-15.232193619616657
-15.216201983574317
-15.200210533632275
-15.184219270309885
-15.168228194242122
-15.152237306015536
-15.136246606252653
-15.120256095498107
-15.10426577443313
-15.08827564356823
-15.072285703558139
-15.056295955063746
-15.040306398598055
-15.024317034862257
-15.008327864403682
-14.992338887896716
-14.976350105967105
-14.960361519145875
-14.944373128214433
-14.928384933747628
-14.912396936362466
-14.896409136577224
-14.880421535268962
-14.864434132944153
-14.84844693018174
-14.832459927800477
-14.816473126345077
-14.800486526515073
-14.784500128854747
-14.768513934204572
-14.752527943159862
-14.736542156365944
-14.720556574398524
-14.70457119806783
-14.688586027980245
-14.672601064833257
-14.656616309313133
-14.640631762224853
-14.624647424034317
-14.608663295479243
-14.592679377354376
-14.57669567038599
-14.560712175114336
-14.544728892267553
-14.52874582265827
-14.512762966916497
-14.496780325776912
-14.48079789996089
-14.464815690325057
-14.448833697338408
-14.432851921780626
-14.416870364495903
-14.40088902624979
-14.384907907595993
-14.368927009302334
-14.352946332231786
-14.336965877039816
-14.320985644500489
-14.305005635402788
-14.289025850598042
-14.273046290527736
-14.257066956200346
-14.241087848265419
-14.225108967747685
-14.209130315091388
-14.19315189113745
-14.177173696802095
-14.161195732801296
-14.145217999852253
-14.129240498886082
-14.113263230771379
-14.097286195952226
-14.081309395505363
-14.065332830106989
-14.049356500850868
-14.03338040818433
-14.01740455299643
-14.00142893625946
-13.985453558722975
-13.969478421372099
-13.953503524653936
-13.937528869465286
-13.921554457056395
-13.905580288193041
-13.889606363324134
-13.873632683781056
-13.85765925001576
-13.841686063052196
-13.825713123924102
-13.80974043282276
-13.793767991467481
-13.777795800397467
-13.761823860668873
-13.745852172735503
-13.729880738004299
-13.713909556932508
-13.697938630318847
-13.681967959529436
-13.665997545552573
-13.650027388848372
-13.634057490514738
-13.618087851659881
-13.602118472744175
-13.586149354769944
-13.57018049916302
-13.554211906766156
-13.538243578042891
-13.522275514514241
-13.506307716647777
-13.490340185795606
-13.474372922520251
-13.458405927377012
-13.442439202959468
-13.426472748822977
-13.410506566353948
-13.394540656537314
-13.378575020263318
-13.362609659149685
-13.346644572710854
-13.330679763449607
-13.314715231736566
-13.298750979227544
-13.282787005969576
-13.266823313421147
-13.250859902612051
-13.2348967743524
-13.218933930130286
-13.202971370767731
-13.187009097315173
-13.171047110719304
-13.15508541272402
-13.139124003360017
-13.12316288416108
-13.107202055492163
-13.09124152033361
-13.0752812781132
-13.059321330399403
-13.043361678291305
-13.027402322777496
-13.01144326569397
-12.995484506427578
-12.979526047844073
-12.963567890327248
-12.947610035755023
-12.931652484136773
-12.915695237121197
-12.899738295858999
-12.883781661246275
-12.867825334964913
-12.851869317924491
-12.83591361129979
-12.81995821614493
-12.804003134435769
-12.788048366168653
-12.772093913076493
-12.75613977554328
-12.740185956968858
-12.724232456656946
-12.708279276379079
-12.692326417365942
-12.676373880721084
-12.660421668522206
-12.644469780032457
-12.628518218376724
-12.612566984508613
-12.596616079733957
-12.580665504718855
-12.564715260772452
-12.548765349460327
-12.532815772063245
-12.51686653020144
-12.500917624603884
-12.484969056870487
-12.469020828614891
-12.453072941206523
-12.437125395340832
-12.421178192391192
-12.405231333360538
-12.389284821515572
-12.373338656634724
-12.357392840120992
-12.341447373654757
-12.325502258930513
-12.309557497385084
-12.293613088771943
-12.277669036476553
-12.261725341567688
-12.245782005513307
-12.229839029057443
-12.213896413673003
-12.197954161125189
-12.182012272855376
-12.166070750690666
-12.150129595446856
-12.13418880892821
-12.118248392954456
-12.1023083490674
-12.086368678048697
-12.070429381445779
-12.054490460388925
-12.038551918566444
-12.022613755724732
-12.006675973445839
-11.990738572885919
-11.974801558178047
-11.958864927973558
-11.942928686080544
-11.926992830775948
-11.911057368073614
-11.895122296250333
-11.879187617306858
-11.863253335515397
-11.847319448724761
-11.831385962397045
-11.81545287512303
-11.799520190901326
-11.783587907931434
-11.76765603133777
-11.751724562879119
-11.735793501101291
-11.7198628516745
-11.703932612352409
-11.688002788865932
-11.672073379746914
-11.656144389192953
-11.64021581532749
-11.624287663527168
-11.608359935643332
-11.592432630163968
-11.576505753036
-11.560579301919503
-11.544653282824322
-11.52872769422595
-11.512802538003251
-11.496877819785032
-11.480953537630825
-11.465029696017522
-11.449106293377591
-11.433183335945934
-11.417260821290244
-11.40133875437884
-11.38541713762962
-11.36949596902749
-11.353575255806211
-11.337654995954015
-11.32173519416855
-11.305815848829596
-11.289896964193462
-11.273978544572525
-11.25806058834281
-11.24214310032907
-11.226226078446272
-11.210309530272749
-11.194393453727903
-11.178477851384246
-11.162562728641317
-11.146648082898047
-11.130733921037114
-11.114820241386491
-11.098907049008476
-11.082994341750988
-11.067082126076837
-11.051170404262692
-11.035259174597893
-11.019348444218732
-11.003438211418468
-10.987528481452163
-10.971619252589921
-10.955710532116868
-10.939802317309264
-10.923894612507878
-10.907987423549082
-10.89208074922966
-10.87617459298552
-10.86026895406256
-10.84436384001349
-10.82845924805133
-10.812555183182186
-10.79665165047571
-10.780748646619042
-10.76484618035834
-10.748944250475237
-10.733042860590176
-10.717142009955243
-10.70124170377102
-10.68534194730339
-10.669442737679264
-10.653544082932543
-10.637645979652685
-10.621748436995821
-10.605851453734449
-10.589955030887918
-10.574059176114078
-10.558163886482975
-10.542269170323088
-10.52637502468869
-10.51048145799459
-10.494588466736804
-10.478696059890131
-10.462804238055574
-10.446913000515876
-10.431022355905608
-10.415132301226153
-10.399242845201561
-10.38335398481874
-10.36746572535105
-10.351578073829739
-10.335691029029404
-10.319804595174816
-10.303918771576756
-10.288033567280543
-10.272148979225188
-10.256265016550019
-10.24038167618115
-10.224498963667696
-10.208616886390297
-10.192735443136227
-10.176854638368127
-10.160974471434296
-10.14509495181195
-10.129216076384767
-10.113337851533535
-10.09746028371692
-10.081583369191279
-10.06570711890195
-10.049831531658736
-10.03395661217895
-10.018082359859177
-10.00220878133738
-9.986335883332146
-9.970463662675252
-9.954592129455829
-9.938721279861154
-9.922851125354857
-9.906981664780263
-9.891112899733027
-9.87524483985505
-9.85937748194866
-9.843510836480748
-9.827644900246462
-9.811779683823511
-9.795915183339032
-9.780051410057938
-9.764188365104092
-9.748326047998948
-9.732464469603695
-9.71660362669252
-9.700743530242327
-9.684884177022747
-9.66902557812803
-9.653167729635589
-9.637310643356413
-9.621454320565789
-9.60559876087248
-9.589743975670796
-9.57388996171906
-9.558036730534313
-9.54218427887325
-9.526332613919529
-9.510481745086215
-9.494631671388992
-9.478782398731811
-9.462933926827848
-9.447086267636571
-9.431239417914792
-9.415393385894895
-9.399548179907516
-9.383703795971053
-9.367860247853582
-9.352017534662695
-9.3361756626686
-9.320334632462886
-9.304494450369052
-9.288655127340352
-9.272816658632152
-9.256979058538548
-9.241142323850283
-9.225306465938134
-9.209471484779534
-9.193637385284969
-9.177804177375792
-9.161971857842484
-9.146140441530708
-9.130309923670858
-9.114480319271214
-9.09865162516362
-9.082823851607777
-9.066997003881475
-9.051171082128509
-9.03534609852941
-9.019522049927245
-9.003698951917697
-8.98787679972592
-8.972055609120867
-8.956235376998503
-8.940416114192217
-8.924597826381346
-8.908780513905842
-8.892964189604626
-8.87714885039818
-8.861334512682419
-8.845521171700415
-8.829708840394364
-8.813897526667496
-8.798087231054666
-8.782277963316098
-8.766469724019878
-8.750662526712352
-8.734856368420157
-8.719051260867941
-8.703247215925446
-8.687444230685282
-8.671642319110116
-8.655841481991684
-8.640041729714554
-8.624243063111887
-8.608445490799895
-8.592649027021018
-8.576853667128853
-8.56105942939966
-8.545266311078715
-8.529474326923957
-8.513683478024682
-8.497893771480463
-8.482105220329755
-8.466317821894553
-8.45053159521898
-8.434746535765074
-8.418962662804843
-8.403179973776528
-8.387398482218009
-8.371618195805484
-8.35583911599202
-8.340061258699059
-8.324284621465852
-8.308509224392544
-8.292735063091657
-8.2769621579094
-8.261190506524487
-8.24542012332296
-8.22965101663773
-8.21388318832633
-8.198116655271093
-8.182351415279973
-8.16658748959517
-8.15082487402929
-8.135063585732983
-8.119303635755086
-8.103545026334192
-8.08778777089362
-8.072031871758679
-8.056277346859495
-8.040524194332734
-8.024772430007165
-8.009022065408265
-7.993273116860459
-7.977525575839454
-7.961779463179445
-7.946034784185518
-7.930291560057533
-7.914549782344644
-7.898809467953104
-7.88307062920446
-7.867333278559906
-7.851597433451311
-7.835863085539584
-7.820130256949107
-7.804398953730109
-7.788669186539933
-7.772940982736432
-7.757214324812375
-7.741489237983003
-7.725765735754563
-7.710043836781815
-7.694323532990698
-7.67860484792136
-7.6628877884773186
-7.647172366305611
-7.631458610451837
-7.61574650332926
-7.600036071768843
-7.584327330448427
-7.568620291678734
-7.552914970847819
-7.537211369954411
-7.521509504582647
-7.50580938749764
-7.490111049599645
-7.474414473306085
-7.458719687229424
-7.44302670736694
-7.427335547230588
-7.411646223614243
-7.395958739313583
-7.380273111352131
-7.364589353763847
-7.348907499496453
-7.333227531074436
-7.317549479084638
-7.301873361016459
-7.286199191748572
-7.270526989666517
-7.254856758510453
-7.23918851693559
-7.223522280422574
-7.207858067527121
-7.192195910999833
-7.176535793634582
-7.160877751281278
-7.145221800381011
-7.129567961130376
-7.113916238391149
-7.098266652677509
-7.082619221128196
-7.066973964149609
-7.051330916936097
-7.035690062692802
-7.020051439892587
-7.004415066772451
-6.988780956516727
-6.97314914257467
-6.957519620338226
-6.941892417940951
-6.926267557912839
-6.9106450782000275
-6.895024962619406
-6.879407252594443
-6.863791968438561
-6.848179125334337
-6.832568759483514
-6.816960867575617
-6.801355480345411
-6.785752622774434
-6.770152320188563
-6.754554604486526
-6.738959473213577
-6.723366964839186
-6.707777096897479
-6.692189908731486
-6.6766053986509855
-6.66102360038559
-6.645444541766316
-6.629868251021327
-6.614294763206005
-6.598724077697761
-6.5831562364571345
-6.567591259802417
-6.552029190689538
-6.536470029449862
-6.520913813287969
-6.5053605733712105
-6.489810341328748
-6.47426315588799
-6.458719018713118
-6.443177975806746
-6.427640050805527
-6.412105273349345
-6.396573698815166
-6.381045315953269
-6.365520177375954
-6.349998318730364
-6.334479783053069
-6.3189645748678425
-6.3034527449002615
-6.287944320771911
-6.2724393362600335
-6.256937852212174
-6.241439859872556
-6.225945417312901
-6.210454564970161
-6.19496733936659
-6.179483783473588
-6.1640039187317
-6.1485277892082975
-6.133055433663207
-6.117586919384701
-6.10212224088305
-6.08666146269161
-6.071204638382098
-6.055751780524226
-6.040302990036828
-6.024858233985386
-6.009417615015324
-5.993981155642613
-5.97854891567679
-5.9631209241298455
-5.947697227188036
-5.932277895730082
-5.916862953120543
-5.901452505739276
-5.886046524361912
-5.870645121736953
-5.855248326897824
-5.839856187215231
-5.824468801708799
-5.80908616178749
-5.793708368571376
-5.778335452950911
-5.762967532703514
-5.747604583799462
-5.732246731104262
-5.716894011948121
-5.701546483278432
-5.686204255984432
-5.670867328801048
-5.65553581524177
-5.640209755848362
-5.624889259578627
-5.60957437765593
-5.594265181668224
-5.578961742310046
-5.563664128690528
-5.548372466358949
-5.533086763910281
-5.517807150224997
-5.502533678370426
-5.487266473265045
-5.472005599671896
-5.456751143934757
-5.441503191869103
-5.426261828257932
-5.411027197079794
-5.395799320291007
-5.380578346173246
-5.365364344271004
-5.3501574597997905
-5.334957775314392
-5.319765396377469
-5.304580428560259
-5.28940297717691
-5.274233183896194
-5.259071166741107
-5.243917021186482
-5.228770864714188
-5.213632868862421
-5.198503139951076
-5.183381809030265
-5.168269007950999
-5.153164869404457
-5.138069564447797
-5.122983240976988
-5.107906022757175
-5.092838058687228
-5.077779555171371
-5.062730642968666
-5.047691511229416
-5.032662303812745
-5.017643198503089
-5.0026344060105625
-4.98763611490001
-4.972648488003543
-4.957671717290253
-4.942706056392114
-4.927751680132375
-4.912808827442209
-4.8978776893201825
-4.8829584959152665
-4.868051512646982
-4.8531569458498
-4.838275129671732
-4.823406200072975
-4.808550514915556
-4.793708311497996
-4.778879898452274
-4.764065533911598
-4.749265522028972
-4.734480205417627
-4.719709867660091
-4.7049549309645435
-4.690215608398857
-4.675492353658157
-4.660785494324619
-4.646095438716842
-4.631422542407631
-4.616767216244707
-4.602129914056359
-4.587511032022458
-4.572911118616542
-4.558330501549366
-4.543769772360889
-4.529229391240402
-4.514709873643952
-4.500211832806539
-4.4857357218073926
-4.471282195333957
-4.456851815829358
-4.4424453157495805
-4.42806319451311
-4.413706244773414
-4.399375123213002
-4.385070555137937
-4.370793377505279
-4.356544262962077
-4.342324109451064
-4.328133725233338
-4.313974067712063
-4.299846023776847
-4.2857505472392585
-4.27168862761724
-4.257661296994201
-4.243669717115892
-4.229714881570628
-4.215798039012129
-4.201920352409865
-4.188083157584943
-4.174287723191462
-4.160535400614393
-4.146827590711422
-4.133165752668201
-4.119551495186696
-4.105986250854539
-4.092471740373838
-4.079009598794316
-4.065601657487861
-4.052249677107591
-4.038955511874539
-4.025721072110754
-4.012548334110603
-3.999439374271465
-3.9863963060892873
-3.9734211944541653
-3.960516237369183
-3.9476837753365652
-3.934926046802155
-3.922245368424934
-3.909644089116848
-3.8971245985971916
-3.8846893526966224
-3.872340807930936
-3.860081301258254
-3.847913268671124
-3.8358392399239896
-3.8238615234340316
-3.811982559298321
-3.8002045572257406
-3.788529809037257
-3.776960552944204
-3.765498937032684
-3.754146862233335
-3.742906249913567
-3.731779026361854
-3.720766759379937
-3.7098710769257774
-3.6990932403950936
-3.688434527242627
-3.6778960692287455
-3.66747882904998
-3.657183419147265
-3.647010434109797
-3.6369604396065447
-3.6270335654068755
-3.6172300079615693
-3.6075495473913195
-3.5979920085463255
-3.588557084849438
-3.579244180382541
-3.570052944723006
-3.560982206060612
-3.5520314279029095
-3.5431995216625696
-3.534485572896877
-3.5258883019306304
-3.517406583036989
-3.509039254993536
-3.5007849348258833
-3.492642625841401
-3.4846105140461843
-3.476687600097859
-3.4688723634958163
-3.461163434934846
-3.453559657306345
-3.446059328709589
-3.438661314035445
-3.4313641587622885
-3.424166898868642
-3.4170677229498536
-3.4100657614344025
-3.403159613105795
-3.3963480706231817
-3.3896301986015978
-3.3830044783371838
-3.376470041418791
-3.3700256722301813
-3.363670559010894
-3.3574035670390203
-3.351223701369934
-3.3451299837039117
-3.339121444762355
-3.3331975949765495
-3.3273569908284446
-3.321599291211072
-3.315923321830742
-3.3103286057154278
-3.3048143911901273
-3.299379768546044
-3.29402413730106
-3.28874671512324
-3.2835472729519077
-3.278424551920665
-3.273378453124889
-3.2684079879117207
-3.2635128951146464
-3.2586925973511347
-3.253946368181524
-3.2492737748864404
-3.244674186526376
-3.240147428514438
-3.2356927358604923
-3.231309791446526
-3.2269978499497305
-3.2227567943356052
-3.2185861511956966
-3.2144853148334525
-3.2104539552892195
-3.2064915320185663
-3.2025979842706915
-3.198772633271458
-3.1950152429291863
-3.1913251454754223
-3.187702319425371
-3.1841462657579505
-3.1806567082184043
-3.1772331293166367
-3.1738751235566554
-3.1705827072634247
-3.1673552566337797
-3.164192582173564
-3.1610940663135545
-3.1580597541067585
-3.155089182909101
-3.15218211506355
-3.1493380897911285
-3.146556725528997
-3.1438380944897206
-3.1411816111214095
-3.1385871125394025
-3.136054016999559
-3.133582419543662
-3.1311718794622667
-3.12882218340906
-3.126532916258478
-3.1243037078913436
-3.122134674329774
-3.120025091305972
-3.1179753165702784
-3.115984291479632
-3.1140523199461034
-3.1121789754357545
-3.110364060978044
-3.10860720112699
-3.1069080304151084
-3.105266701408107
-3.103682505523127
-3.102155838286541
-3.100685636561153
-3.0992722483582353
-3.0979152570657185
-3.0966142436341815
-3.0953695702922275
-3.0941801708608745
-3.0930464634623376
-3.0919677531459864
-3.090944468016987
-3.0899755393740382
-3.089061354647414
-3.0882015047061473
-3.087395577985554
-3.0866439745973726
-3.085945622697405
-3.085300969922599
-3.0847093338076097
-3.0841711709537902
-3.0836854070793804
-3.083252465074097
-3.0828719418274155
-3.082543431921149
-3.0822673695625697
-3.082042677588027
-3.0818698296315543
-3.081748154939492
-3.081677898172702
-3.081658691004085
-3.081690277193953
-3.0817724957665824
-3.081904946661944
-3.082088094662694
-3.082320858069531
-3.0826037334431633
-3.082936061108415
-3.0833181071368223
-3.083749500939319
-3.0842300128489737
-3.0847594871619313
-3.0853375287579503
-3.085964412416282
-3.0866397046034715
-3.087363270425224
-3.0881346779064356
-3.088954212038881
-3.0898215004622327
-3.090736337437258
-3.091698572112095
-3.0927078141567454
-3.093764356235191
-3.094867780810484
-3.0960179524731655
-3.097214455220741
-3.0984575906711913
-3.0997469734611065
-3.1010824552642977
-3.1024638537287355
-3.1038907954369863
-3.10536358877758
-3.1068818306235255
-3.1084453857548593
-3.110053852559029
-3.1117075471563846
-3.1134060887937496
-3.1151493342382643
-3.1169371192581337
-3.118769071035447
-3.1206455116711456
-3.1225660508158195
-3.1245305544593225
-3.1265386337491754
-3.1285906173364935
-3.130686129355104
-3.13282503189769
-3.1350071760746006
-3.1372321909832666
-3.1395004105582376
-3.141811219882361
-3.144165194490409
-3.146561249552509
-3.1489999601150394
-3.151480955567034
-3.154004103668653
-3.156569268132972
-3.159176081388338
-3.161824887446608
-3.164515079044646
-3.1672472410854007
-3.1700202926924095
-3.172834819749638
-3.1756904573297584
-3.1785868408538662
-3.1815245592321566
-3.184502534428515
-3.1875213573080936
-3.1905804277008554
-3.193680338260713
-3.1968200135500053
-3.20000004768372
