-14.000000000000007
-13.986200070078064
-13.972400280568122
-13.958600631883439
-13.94480112443946
-13.931001758644319
-13.917202534941003
-13.903403453733304
-13.889604515427118
-13.87580572036779
-13.862007069260908
-13.848208562192358
-13.83441019989904
-13.820611982470822
-13.806813910743553
-13.793015984714021
-13.77921820522473
-13.765420572587526
-13.751623086675536
-13.737825748684266
-13.724028559177945
-13.710231517665722
-13.696434625592934
-13.682637882905203
-13.668841290116038
-13.655044847676995
-13.641248555665642
-13.627452415287895
-13.613656426689788
-13.59986058975868
-13.586064905969065
-13.57226937514754
-13.55847399801865
-13.544678774407112
-13.530883706308943
-13.517088792158974
-13.503294033446466
-13.489499431157506
-13.47570498474422
-13.461910696087731
-13.448116564264282
-13.434322590023184
-13.420528773958406
-13.406735117714826
-13.392941619731225
-13.37914828241712
-13.365355104473796
-13.35156208729001
-13.337769232259113
-13.323976538084809
-13.310184007062745
-13.296391637897997
-13.282599432128738
-13.268807390121754
-13.255015513026747
-13.241223799947797
-13.227432253201469
-13.213640871233236
-13.19984965559435
-13.186058607841336
-13.172267726421438
-13.158477013667936
-13.144686468560819
-13.130896092671097
-13.117105886762893
-13.103315849314512
-13.089525983960774
-13.075736289956515
-13.061946767573925
-13.048157415263557
-13.034368237749344
-13.020579233219646
-13.006790400932417
-12.99300174455388
-12.979213262573225
-12.965424956559037
-12.95163682499995
-12.937848871580412
-12.924061095571878
-12.91027349726949
-12.896486075910838
-12.882698833944378
-12.868911771121011
-12.85512488827789
-12.841338186009384
-12.82755166672325
-12.813765327602598
-12.79997917024098
-12.78619319633382
-12.772407407212421
-12.758621800879535
-12.744836378667879
-12.731051142287722
-12.717266091508723
-12.703481227198761
-12.689696549980829
-12.675912062306171
-12.662127761358692
-12.648343648766462
-12.634559726266446
-12.62077599522194
-12.606992453646026
-12.59320910290368
-12.579425944747388
-12.565642978966853
-12.551860206462653
-12.538077628166258
-12.524295246018557
-12.51051305692537
-12.496731064224482
-12.482949267464575
-12.469167669997233
-12.455386268729901
-12.441605065341069
-12.427824061627792
-12.414043257682092
-12.400262653596608
-12.386482251181027
-12.372702052136725
-12.358922053369408
-12.345142258274851
-12.331362666421603
-12.31758328121998
-12.30380409957763
-12.290025123212432
-12.276246353968123
-12.262467791963637
-12.248689439509734
-12.234911293512933
-12.221133355223355
-12.20735562918646
-12.193578115528068
-12.179800811155395
-12.166023721166132
-12.152246842469495
-12.138470177408365
-12.124693728333849
-12.110917489934398
-12.097141470153561
-12.083365666936134
-12.069590082651464
-12.055814714208973
-12.042039566769802
-12.028264637245844
-12.01448992578849
-12.000715437039442
-11.986941172324855
-11.973167128558028
-11.959393308142717
-11.945619713490895
-11.931846341515135
-11.918073193553031
-11.904300274295855
-11.890527583930744
-11.876755119371905
-11.862982885876827
-11.849210880362476
-11.835439106927705
-11.82166756307726
-11.807896246763883
-11.794125171116004
-11.780354325832818
-11.76658371504107
-11.752813339564982
-11.739043199639907
-11.725273300604545
-11.71150363212168
-11.697734206225931
-11.683965019229943
-11.67019607650455
-11.656427371643625
-11.642658908833566
-11.628890688934518
-11.615122711592445
-11.601354980110465
-11.587587494144467
-11.573820254571093
-11.560053261669873
-11.546286520885449
-11.53252002579461
-11.518753780645774
-11.504987781742182
-11.491222042539722
-11.477456552621138
-11.463691316262935
-11.449926334380852
-11.436161607287064
-11.422397140502934
-11.408632923574404
-11.394868968840841
-11.381105272618226
-11.367341840463032
-11.353578665929344
-11.339815753359703
-11.326053103710565
-11.312290716693521
-11.298528595773432
-11.284766740672707
-11.271005152367053
-11.257243831219983
-11.243482782868893
-11.229722000853876
-11.21596148958571
-11.202201245375456
-11.188441282032286
-11.174681589024674
-11.160922170795008
-11.147163028363563
-11.133404162132083
-11.119645577822416
-11.105887264866618
-11.09212923530709
-11.078371487977378
-11.064614024878873
-11.050856842668558
-11.037099943349459
-11.023343329244364
-11.009587001403803
-10.995830962214418
-10.982075210212892
-10.968319747750325
-10.954564577189196
-10.940809700579209
-10.927055114600872
-10.913300821305677
-10.899546819565561
-10.88579312102549
-10.872039717593154
-10.858286611342452
-10.844533804689663
-10.830781300063462
-10.817029099564058
-10.803277195076545
-10.789525598342603
-10.775774308287694
-10.762023327035571
-10.748272651305811
-10.734522283224791
-10.720772225277708
-10.707022478642086
-10.693273045871425
-10.67952392556095
-10.665775120227712
-10.6520266324016
-10.638278464261546
-10.624530612557335
-10.610783079471238
-10.597035863976501
-10.583288978061434
-10.569542413600793
-10.5557961728026
-10.54205025466062
-10.528304672571991
-10.514559414377752
-10.500814491270617
-10.487069889745554
-10.473325630843378
-10.459581701057692
-10.44583810308006
-10.432094850413165
-10.41835192725122
-10.404609352109144
-10.390867112770726
-10.377125220584935
-10.363383661973776
-10.349642453215665
-10.335901595763442
-10.32216107735952
-10.308420916689995
-10.294681097862663
-10.280941639613566
-10.267202529670225
-10.253463779544315
-10.23972537558549
-10.225987334281555
-10.212249657156448
-10.198512331896653
-10.184775377415829
-10.17103877773586
-10.15730255182181
-10.143566687346336
-10.12983118585108
-10.11609606403281
-10.102361308177857
-10.088626930025434
-10.074892917208034
-10.061159288874505
-10.047426028961974
-10.033693151538275
-10.019960659626884
-10.006228539443509
-9.992496813044621
-9.978765466646745
-9.965034512168359
-9.951303937189083
-9.937573752205848
-9.923843967761702
-9.91011457143018
-9.896385575232365
-9.88265696531486
-9.868928764018836
-9.855200957492471
-9.841473548878934
-9.827746552593965
-9.814019952417105
-9.800293768024574
-9.78656798694005
-9.77284262137644
-9.759117657412611
-9.74539311243003
-9.731668988276232
-9.717945272437195
-9.704221984794422
-9.690499112834862
-9.676776668925987
-9.663054640533138
-9.649333047657782
-9.635611873962766
-9.621891128949493
-9.608170826499315
-9.594450956437345
-9.58073152366483
-9.567012519423557
-9.553293963930205
-9.539575840786465
-9.52585816108519
-9.512140935970704
-9.49842414755594
-9.484707819139535
-9.470991940519683
-9.457276516742619
-9.443561539042639
-9.429847018665619
-9.416132966910428
-9.402419367293856
-9.38870624041813
-9.374993568300235
-9.361281374572528
-9.34756964900956
-9.333858387480673
-9.320147609209037
-9.306437297653968
-9.292727473652537
-9.279018120647885
-9.265309259545793
-9.251600872270018
-9.237892981232015
-9.22418558089134
-9.210478662480455
-9.196772247079332
-9.183066318076044
-9.169360896621763
-9.15565596608908
-9.141951536697972
-9.128247623290083
-9.114544215607646
-9.100841319166827
-9.087138925206437
-9.073437055131201
-9.059735692261732
-9.046034858077087
-9.032334535883528
-9.018634736110306
-9.00493547387648
-8.991236738914042
-8.977538536922115
-8.963840859151606
-8.95014372734704
-8.936447124765799
-8.922751063569908
-8.909055555983302
-8.895360583676931
-8.88166617172106
-8.867972309843426
-8.85427900393771
-8.840586245273967
-8.826894046211029
-8.813202419171414
-8.799511347348153
-8.78582085296333
-8.77213091760805
-8.758441566763995
-8.744752790161142
-8.73106458407643
-8.717376969278975
-8.703689928920626
-8.69000348551647
-8.6763176222075
-8.662632361594513
-8.64894768519387
-8.635263617230665
-8.621580152506576
-8.607897282348608
-8.594215029576116
-8.580533377294051
-8.56685234841075
-8.553171926021658
-8.539492133125272
-8.525812951169122
-8.512134404803097
-8.49845648892784
-8.484779194913488
-8.471102545988314
-8.457426525217361
-8.443751155922607
-8.430076421161317
-8.416402332578587
-8.40272890687495
-8.389056133831856
-8.37538402023271
-8.361712557501264
-8.34804176929607
-8.334371638650719
-8.32070217912113
-8.307033404339224
-8.293365295641939
-8.27969788031029
-8.266031148162426
-8.25236510625121
-8.238699747765967
-8.22503508142248
-8.211371126218241
-8.19770786175302
-8.184045315711844
-8.170383471110835
-8.156722348895862
-8.143061940636864
-8.129402248452381
-8.115743289913885
-8.10208504801298
-8.088427550855853
-8.074770777975697
-8.061114757602247
-8.047459472744709
-8.033804941208123
-8.020151165384139
-8.00649813693101
-7.992845877382423
-7.979194369729448
-7.96554364264624
-7.951893675610157
-7.938244497425699
-7.924596091108399
-7.910948474863755
-7.897301651376725
-7.883655612413244
-7.870010379979141
-7.856365937079314
-7.842722312988109
-7.829079487139121
-7.815437480025692
-7.801796301442184
-7.7881559432633845
-7.774516417412411
-7.760877715781311
-7.747239860878009
-7.733602835736961
-7.719966657614128
-7.706331343876192
-7.692696877593078
-7.679063281565862
-7.66543054781119
-7.651798688704401
-7.638167696284154
-7.6245375808048035
-7.610908363714783
-7.597280024404926
-7.5836525935378
-7.570026054238554
-7.55640042986303
-7.5427757125926025
-7.5291519061211405
-7.5155290301625355
-7.501907067858938
-7.48828605043058
-7.474665957271211
-7.4610468197656035
-7.447428621116118
-7.433811381363222
-7.420195104603919
-7.406579783219946
-7.392965441366883
-7.379352062276612
-7.365739677928032
-7.352128267739151
-7.338517863864147
-7.3249084496078085
-7.311300045569133
-7.297692656294408
-7.2840862743878745
-7.270480924655661
-7.256876590446242
-7.243273304548156
-7.229671046428277
-7.216069839599909
-7.202469695886597
-7.188870608101622
-7.175272590746354
-7.161675636681336
-7.148079771411511
-7.134484978432964
-7.120891277836401
-7.107298680287015
-7.093707207660409
-7.080116828408268
-7.066527573952657
-7.052939440248048
-7.039352458965959
-7.02576659856819
-7.0121818812784715
-6.998598318269746
-6.985015920812791
-6.971434711481903
-6.957854658761615
-6.944275794903806
-6.930698116332021
-6.917121631884
-6.903546381111452
-6.889972315931246
-6.876399471852293
-6.862827860809247
-6.849257506134703
-6.835688376385269
-6.822120504707414
-6.80855388805147
-6.794988535815877
-6.781424488700801
-6.767861698363971
-6.754300201387054
-6.740740010434554
-6.7271811352861475
-6.713623587751172
-6.700067358808464
-6.6865124603790225
-6.672958902483519
-6.659406727059858
-6.64585588553869
-6.632306415661493
-6.618758330896962
-6.6052116416861795
-6.5916663607290165
-6.578122479334454
-6.5645800103303
-6.551038964429563
-6.537499384908096
-6.523961223008778
-6.5104245177304465
-6.496889283430761
-6.483355531287862
-6.469823274985611
-6.456292506224911
-6.442763238836441
-6.429235484305815
-6.415709257601085
-6.402184599100846
-6.388661459895851
-6.3751398850879095
-6.361619886679256
-6.34810147944413
-6.334584655547547
-6.3210694299325345
-6.307555814949881
-6.294043826623222
-6.280533506816883
-6.267024806546849
-6.253517772533669
-6.2400124177038245
-6.226508742610682
-6.213006786267683
-6.19950651855591
-6.186007968231274
-6.17251115249462
-6.159016114836686
-6.145522806270974
-6.132031275287732
-6.118541535853687
-6.105053589587484
-6.091567477012327
-6.078083168530055
-6.064600694279427
-6.051120072778639
-6.03764132274353
-6.024164474961255
-6.0106895001757445
-5.997216440091807
-5.983745297541613
-5.970276114717079
-5.956808862666311
-5.943343573069363
-5.929880265924326
-5.916418961449264
-5.902959692037725
-5.889502429159635
-5.876047216324529
-5.862594057751125
-5.84914299748467
-5.835694007368673
-5.822247120808924
-5.808802359473376
-5.795359745275462
-5.781919312410272
-5.7684810332381655
-5.755044953281017
-5.741611078347273
-5.728179426738931
-5.714750054708938
-5.701322914169297
-5.6878980564925
-5.674475505514479
-5.661055297460764
-5.64763740577945
-5.634221878247897
-5.620808722504789
-5.607397958642932
-5.593989645694608
-5.580583736177466
-5.567180284150079
-5.553779315639705
-5.5403808519101885
-5.526984919522598
-5.513591517009634
-5.500200671388417
-5.486812404815229
-5.473426779439747
-5.460043748608742
-5.446663369406767
-5.433285681926039
-5.419910663432622
-5.406538424236135
-5.393168871914181
-5.37980211754867
-5.366438150895945
-5.353077014254979
-5.339718708772251
-5.326363253975402
-5.313010710782812
-5.299661063956047
-5.286314422570777
-5.272970694701284
-5.259629996096053
-5.2462923187051755
-5.2329576782480745
-5.219626168644845
-5.20629772220071
-5.192972433609759
-5.179650290228627
-5.166331406067561
-5.153015690054701
-5.139703263190609
-5.126394120080424
-5.1130882799419455
-5.099785841382258
-5.086486738604139
-5.073191071118598
-5.059898829422507
-5.046610101916873
-5.033324892464057
-5.020043234399366
-5.006765156764652
-4.993490682924359
-4.980219916867466
-4.966952795279378
-4.953689423214776
-4.94042979498957
-4.927174004698487
-4.913922060247953
-4.900673999647238
-4.887429856603782
-4.874189659435001
-4.860953518371272
-4.847721373324348
-4.834493335793219
-4.821269404767419
-4.808049680993052
-4.794834177312172
-4.781622937342618
-4.768416000416877
-4.755213400821155
-4.7420152229724835
-4.7288215103552
-4.7156322826528845
-4.702447577747214
-4.689267504240612
-4.6760920810506805
-4.662921358593899
-4.6497553830537806
-4.636594195980411
-4.623437889631269
-4.610286515439671
-4.5971400995790885
-4.583998687938912
-4.570862398516453
-4.557731249731212
-4.544605324483686
-4.53148465324818
-4.518369294563191
-4.505259350225971
-4.492154881433346
-4.47905592253069
-4.465962529311652
-4.452874831163898
-4.439792855600153
-4.426716697063734
-4.413646395364968
-4.40058202057844
-4.387523686277785
-4.374471422031086
-4.361425403935994
-4.348385568862499
-4.335352103999282
-4.322325048494241
-4.30930451116064
-4.296290543796889
-4.283283230998832
-4.270282701111518
-4.257288997617601
-4.2443023143610645
-4.231322599714051
-4.218350059851915
-4.205384749017254
-4.192426794208141
-4.179476262843901
-4.166533258093751
-4.153597927160585
-4.140670331661074
-4.127750687790007
-4.114838959649909
-4.101935377380133
-4.089040015113877
-4.076152984419502
-4.063274489997152
-4.050404542608565
-4.037543352864213
-4.024691006410089
-4.01184774818107
-3.9990135640126425
-3.986188714939279
-3.9733733017637958
-3.960567465522746
-3.947771442834777
-3.9349852725566405
-3.924750163037587
-3.9151095605462976
-3.905472905089339
-3.8958396748707282
-3.886209373449707
-3.876581470733142
-3.8669554315740777
-3.8573308166412077
-3.84770679059686
-3.838082843413283
-3.828458216122546
-3.8188323202608463
-3.809204319143817
-3.7995733916677294
-3.7899386688146506
-3.7802992637869193
-3.770654376003145
-3.761002794015468
-3.751343624011965
-3.7416757094567346
-3.7319980575291534
-3.7223094166165303
-3.7126085469332706
-3.7028941535950084
-3.6931649193669873
-3.683419526594634
-3.673656601398195
-3.6638745626028295
-3.6540719254959533
-3.6442472938814534
-3.6343990283046916
-3.624525524972389
-3.614625148442534
-3.6046962692600992
-3.594737300142487
-3.584746631540558
-3.574722510727774
-3.5646633244137127
-3.554567612855227
-3.5444337142513382
-3.5342602021917107
-3.5240455174246166
-3.513788311645253
-3.503487349951519
-3.4931414621891865
-3.482749458226239
-3.472310375069764
-3.4618235127580115
-3.4512880861338795
-3.440703637332281
-3.430069703305123
-3.419386109458258
-3.4086529025687238
-3.397870268199354
-3.387038474890085
-3.376158066549714
-3.3652299108794415
-3.354254847502653
-3.3432340608461315
-3.3321687758430034
-3.3210604898837857
-3.3099109315460105
-3.298721846712367
-3.287495420305175
-3.2762335100082463
-3.264938613982874
-3.253613063203922
-3.2422594551294726
-3.2308803792297245
-3.219478602815348
-3.208057063490671
-3.196618630115836
-3.1851665352901937
-3.1737036186951
-3.162233277287018
-3.150758679507134
-3.1392831167177517
-3.127810105530167
-3.11634285130219
-3.1048849742938147
-3.0934398988722673
-3.0820113847876964
-3.0706027565144
-3.0592178742318685
-3.047860341238821
-3.036533856010358
-3.0252423420537893
-3.0139893673553937
-3.002778927336469
-2.9916147845103955
-2.980500967019817
-2.9694413234449266
-2.9584397934113307
-2.947500322009115
-2.9366268270417977
-2.9258234962150342
-2.915093980900566
-2.9044424747365514
-2.8938727134149524
-2.8833887343290923
-2.8729943263543074
-2.86269318717614
-2.852489016848945
-2.8423853134916515
-2.8323857673426724
-2.8224933447978833
-2.812711468665832
-2.8030429206623704
-2.793490658914694
-2.7840572170421796
-2.7747448829335846
-2.7655557989919517
-2.7564917473135133
-2.74755450995916
-2.7387453026909445
-2.730065222752563
-2.7215149406187744
-2.713095169431375
-2.7048061256306406
-2.696647746816894
-2.6886198313742504
-2.6807218269280724
-2.6729532464163435
-2.665313087227047
-2.6578003131733734
-2.650413576387223
-2.6431517127478745
-2.6360131494766064
-2.628996340511535
-2.6220995299749124
-2.615320932686458
-2.608658967902705
-2.602111689696678
-2.595677282847914
-2.589353775124259
-2.5831395379619573
-2.577032663771594
-2.5710314119509836
-2.5651339223166234
-2.5593384388274463
-2.55364350115684
-2.5480473514541466
-2.5425484483873495
-2.537145139975344
-2.5318361799285394
-2.526620081644957
-2.5214955679657156
-2.516461230296951
-2.511515820116387
-2.5066583829902656
-2.5018875469018087
-2.497202616295809
-2.4926021059491017
-2.488085374288273
-2.483651424834085
-2.479299467803801
-2.4750285237220493
-2.470837806588419
-2.466726788518771
-2.4626944894892557
-2.4587406118033073
-2.454864035645952
-2.451064465617582
-2.447341244872761
-2.443693747368586
-2.4401217600075222
-2.4366242981217923
-2.433201265751455
-2.429851911983342
-2.4265761803657164
-2.4233731665471248
-2.42024277037409
-2.4171845335594444
-2.414198016708182
-2.4112831640756034
-2.4084391452693006
-2.405666019717035
-2.4029631505235605
-2.40033061740314
-2.3977676334015414
-2.3952741983110366
-2.392849965649012
-2.3904946013103223
-2.3882081288315504
-2.385989801692227
-2.3838397687840844
-2.3817574429164066
-2.379742791509835
-2.377795668115635
-2.3759155467284954
-2.37410233925498
-2.372355774764221
-2.3706759163952915
-2.369062065748692
-2.367514428192858
-2.366032433778781
-2.3646160921651154
-2.3632653236777097
-2.3619795994922077
-2.3607588845881344
-2.359602949812846
-2.358511829039573
-2.357485001985181
-2.356522565350197
-2.35562399957179
-2.3547893423666086
-2.3540185653220354
-2.353311125717768
-2.3526670281689146
-2.3520860728372495
-2.351568315906289
-2.351113218333842
-2.3507209436919805
-2.3503909520260886
-2.350123300291735
-2.349917800377734
-2.3497744887934866
-2.349692801509076
-2.3496727583147834
-2.349714429881123
-2.349817253970492
-2.3499814492545164
-2.3502064515635706
-2.350492330252305
-2.350838912634212
-2.3512462561123586
-2.3517137755929793
-2.3522415173862985
-2.3528295601650604
-2.3534773173852144
-2.354185050223123
-2.3549521696697506
-2.355778751715996
-2.356664632290046
-2.357609881559212
-2.3586138939874854
-2.3596767331091617
-2.36079848023514
-2.361978519060815
-2.3632171617858653
-2.364513775218651
-2.365868444548437
-2.3672810088230243
-2.3687515440445686
-2.370279427022148
-2.371864730331373
-2.3735075339238803
-2.3752072081009197
-2.3769640673121573
-2.378777475071173
-2.380647510523784
-2.38257401192658
-2.384556817803951
-2.386596005886462
-2.3886909373435903
-2.3908419262840335
-2.39304833355395
-2.39531047217
-2.3976277014139655
-2.400000095367432
