-14.000000000000009
-13.98640010012209
-13.972800400863782
-13.959200902844753
-13.945601606695739
-13.932002513007564
-13.918403622498202
-13.904804935743948
-13.89120645333194
-13.877608175779605
-13.864010104215229
-13.850412238754878
-13.836814580459093
-13.823217129465347
-13.809619887128544
-13.796022853286152
-13.782426029348692
-13.768829415815091
-13.755233012143663
-13.741636820557588
-13.728040841804
-13.714445075030207
-13.70084952262731
-13.68725418427591
-13.673659060848633
-13.660064153028124
-13.646469460888436
-13.632874986340314
-13.619280729657874
-13.605686690307833
-13.59209287105469
-13.578499271176783
-13.564905892188039
-13.551312733303133
-13.537719798373356
-13.524127083965617
-13.51053459286782
-13.496942326870643
-13.48335028455233
-13.469758469397688
-13.456166879374448
-13.442575516129498
-13.428984380095281
-13.415393474551347
-13.40180279607299
-13.388212349180403
-13.374622131234451
-13.361032144678694
-13.347442391963536
-13.333852870454523
-13.32026358430593
-13.306674530886374
-13.29308571312242
-13.279497131255226
-13.265908787041305
-13.252320679036636
-13.238732811427703
-13.225145180804057
-13.211557790050882
-13.197970642061088
-13.184383733428112
-13.170797068363582
-13.157210645045213
-13.143624466451948
-13.130038532986218
-13.116452842377463
-13.102867400702923
-13.089282206947628
-13.07569726114256
-13.06211255988903
-13.048528112469368
-13.034943914698816
-13.021359965570786
-13.00777627120819
-12.994192829364076
-12.98060964179776
-12.967026706263276
-12.953444028910036
-12.939861608755011
-12.9262794458659
-12.912697538115722
-12.899115891114706
-12.885534503199418
-12.871953375911689
-12.85837251041919
-12.844791910792914
-12.83121157209005
-12.817631495976752
-12.804051686853315
-12.790472145596869
-12.776892869682348
-12.7633138599886
-12.749735120942187
-12.736156650906898
-12.722578451474527
-12.709000523862043
-12.695422872205581
-12.681845491574334
-12.668268383682838
-12.654691553004685
-12.64111500046059
-12.627538723555308
-12.613962723211847
-12.600387003931031
-12.586811564106666
-12.573236405383676
-12.559661529845384
-12.546086940069301
-12.532512630321998
-12.518938607260324
-12.505364868912112
-12.491791421955115
-12.478218260662642
-12.464645386820969
-12.451072805009431
-12.437500514473323
-12.423928514457721
-12.410356809564034
-12.396785401611874
-12.383214284878164
-12.369643466111237
-12.356072943371844
-12.34250272342994
-12.328932800570488
-12.315363176636195
-12.301793856289247
-12.288224838816722
-12.274656127879654
-12.26108771776574
-12.247519610921943
-12.233951815849181
-12.220384331711715
-12.206817152802678
-12.193250288716756
-12.179683733753127
-12.166117491623483
-12.152551566050615
-12.138985946784382
-12.125420649979267
-12.111855670576965
-12.098291012328945
-12.08472666954136
-12.07116265190688
-12.057598953738768
-12.044035574241244
-12.030472522067443
-12.01690979978669
-12.003347401719118
-11.989785331670213
-11.976223593457311
-11.962662181402141
-11.949101098095317
-11.935540352269085
-11.921979943181903
-11.908419865163241
-11.894860128053923
-11.88130072619105
-11.867741666069595
-11.854182943714774
-11.840624554086894
-11.827066521568101
-11.813508828020794
-11.799951479982992
-11.786394478751765
-11.772837823936102
-11.759281525501374
-11.745725565268266
-11.732169964366538
-11.718614715157422
-11.705059827656461
-11.69150529095511
-11.677951111680022
-11.664397291189514
-11.650843827125911
-11.637290728304581
-11.623737992384985
-11.610185620753658
-11.596633613092418
-11.583081979532157
-11.569530709159253
-11.555979808693431
-11.542429270494079
-11.528879119432819
-11.515329337253148
-11.501779930717364
-11.488230901278692
-11.474682248673808
-11.46113398315406
-11.447586086422003
-11.43403858005225
-11.420491456431073
-11.406944725865026
-11.39339837743742
-11.379852418010419
-11.366306849107655
-11.352761668470988
-11.33921688521674
-11.325672497106407
-11.31212850569627
-11.298584910809554
-11.285041722880907
-11.271498930995406
-11.257956542119437
-11.244414548646255
-11.230872975980885
-11.217331805756515
-11.20379104498804
-11.190250695308848
-11.176710756606948
-11.163171239451474
-11.149632125436378
-11.136093434864582
-11.122555167200233
-11.10901732251868
-11.095479898713231
-11.081942895862543
-11.068406319204875
-11.054870170138466
-11.041334454587627
-11.02779916689816
-11.014264312358058
-11.000729896276624
-10.987195918793878
-10.973662377878469
-10.960129273674363
-10.946596605736065
-10.933064392938261
-10.919532623935961
-10.906001298903892
-10.892470423246678
-10.878940002391191
-10.865410036546697
-10.851880514357111
-10.838351454840955
-10.82482285765763
-10.811294723048967
-10.79776704910221
-10.784239836065026
-10.77071308946491
-10.757186810915401
-10.743661006654206
-10.73013567111163
-10.716610809872382
-10.70308642854531
-10.68956252744921
-10.676039104761596
-10.66251616080783
-10.64899369535707
-10.635471727788618
-10.621950246813492
-10.608429252793943
-10.59490874554221
-10.581388748520693
-10.56786923849757
-10.554350237398246
-10.54083171831073
-10.527313721676327
-10.513796220582595
-10.500279221533676
-10.486762747849989
-10.47324677064673
-10.459731323247482
-10.446216382351833
-10.432701970148024
-10.41918805962552
-10.405674681618738
-10.392161839128464
-10.378649508805246
-10.365137724239126
-10.351626456442874
-10.338115739084275
-10.32460554879706
-10.311095908044631
-10.297586789720055
-10.284078224993264
-10.270570217000731
-10.257062742328674
-10.243555834922637
-10.230049465695457
-10.216543668673522
-10.20303842042812
-10.189533724141734
-10.176029611321447
-10.162526054779425
-10.149023077366504
-10.135520655608648
-10.12201882382179
-10.108517552821985
-10.095016866804968
-10.081516772897992
-10.06801724381968
-10.054518321646594
-10.041019979101605
-10.027522239342057
-10.014025078838426
-10.00052851628034
-9.987032570429083
-9.973537217749987
-9.960042481577926
-9.946548334543934
-9.933054819189255
-9.919561908150571
-9.906069608799344
-9.892577945880843
-9.879086890039245
-9.865596476427172
-9.852106681461562
-9.838617528808477
-9.825128991015978
-9.811641100708455
-9.79815386164624
-9.784667250207814
-9.7711813018756
-9.757695993032245
-9.744211347613529
-9.730727341979506
-9.717244011805924
-9.703761327616109
-9.690279304961631
-9.676797971125591
-9.663317304434855
-9.64983731739949
-9.636357992201386
-9.622879364865293
-9.60940140585412
-9.595924134854297
-9.582447571633125
-9.568971682706332
-9.555496512197383
-9.542022038406163
-9.528548274136845
-9.51507520158302
-9.501602840691126
-9.488131211491341
-9.474660284368312
-9.461190095975622
-9.44772061272138
-9.434251879287649
-9.42078387395541
-9.407316593187556
-9.393850069161802
-9.38038427221397
-9.366919239383783
-9.353454940994043
-9.339991414198042
-9.326528625303215
-9.313066614774145
-9.299605375292783
-9.286144889102275
-9.272685193645057
-9.259226259201276
-9.245768123331478
-9.232310756304623
-9.218854174882837
-9.205398408034355
-9.1919434340305
-9.178489266638016
-9.165035888143123
-9.151583336530466
-9.138131582034687
-9.124680662764762
-9.111230548946926
-9.09778125770522
-9.08433281850318
-9.07088520962397
-9.057438445212357
-9.043992507611568
-9.030547435377933
-9.01710319871277
-9.003659819155333
-8.9902173183463
-8.976775662351244
-8.963334898307188
-8.949895004522519
-8.936455995547165
-8.923017853796475
-8.909580601160235
-8.896144259633104
-8.88270879939422
-8.869274259813935
-8.85584060689621
-8.842407888494161
-8.828976082956881
-8.81554518787136
-8.802115237934908
-8.788686203322772
-8.775258123909525
-8.761830969871118
-8.748404781230557
-8.734979523944242
-8.721555241527202
-8.708131927671976
-8.694709564980386
-8.681288193854925
-8.667867784481196
-8.654448377417166
-8.641029942853276
-8.627612521505192
-8.614196079298067
-8.60078066048172
-8.58736625902745
-8.573952857666637
-8.560540497518062
-8.547129148797502
-8.533718852789468
-8.52030957971897
-8.506901348886053
-8.493494192660267
-8.480088089615347
-8.466683056185172
-8.453279075255175
-8.439876188707233
-8.426474366809584
-8.413073633644009
-8.399674013422258
-8.386275472064968
-8.372878060634553
-8.359481757828737
-8.346086580662082
-8.332692516598323
-8.319299577025822
-8.305907799840345
-8.292517146589955
-8.279127669074743
-8.265739337693358
-8.252352186769732
-8.238966199556195
-8.225581388744075
-8.212197779108624
-8.19881534107231
-8.185434127210945
-8.17205409907007
-8.158675309454503
-8.145297728882909
-8.131921382523945
-8.118546283700235
-8.10517241593726
-8.091799814621444
-8.078428450313128
-8.065058376645627
-8.05168955519204
-8.038322039830595
-8.024955801235976
-8.011590865280715
-7.998227246002733
-7.9848649272174885
-7.971503945180105
-7.958144270627902
-7.944785958326227
-7.9314289699103355
-7.9180733462200825
-7.904719100692577
-7.891366217400148
-7.878014725350367
-7.864664608695914
-7.851315904630929
-7.837968584113791
-7.824622679513397
-7.811278223402562
-7.7979351868691325
-7.7845936076621625
-7.771253470231765
-7.757914804593122
-7.744577595290041
-7.731241856695627
-7.717907631555638
-7.70457488173879
-7.691243664684013
-7.677913951772812
-7.664585781819084
-7.651259139710733
-7.637934042008914
-7.624610517363289
-7.611288537296995
-7.597968160345423
-7.5846493485757165
-7.571332160848862
-7.558016568902576
-7.54470260199785
-7.53139027766358
-7.518079581358595
-7.5047705534644225
-7.491463165896718
-7.4781574787027765
-7.464853454210987
-7.451551152821367
-7.438250546699859
-7.424951666191259
-7.411654529952676
-7.398359124039426
-7.385065490135714
-7.371773600628097
-7.358483517203496
-7.345195202525351
-7.331908703677048
-7.318624038297059
-7.305341192964008
-7.292060202569637
-7.278781053858964
-7.26550378994378
-7.252228383772566
-7.238954873647862
-7.2256832830093565
-7.2124136456887
-7.199145914694604
-7.185880138035122
-7.172616321766917
-7.159354514383481
-7.146094669108541
-7.132836820551084
-7.119580993345288
-7.106327212349109
-7.093075512863884
-7.079825848414162
-7.066578268662151
-7.053332781011286
-7.040089394423889
-7.026848186377677
-7.013609069364234
-7.000372110804781
-6.987137337138325
-6.973904785299304
-6.960674409453615
-6.947446261091459
-6.934220349133517
-6.92099668382482
-6.90777534513048
-6.89455624550485
-6.881339454706584
-6.8681250009434915
-6.85491289530567
-6.841703175744149
-6.828495812781586
-6.815290844718172
-6.802088283259746
-6.788888211104556
-6.775690540789947
-6.762495344653711
-6.749302652889099
-6.736112478161086
-6.722924860776418
-6.709739772125293
-6.696557252914881
-6.683377316520119
-6.670200048654454
-6.657025362083967
-6.643853332004071
-6.630683990845315
-6.617517353074753
-6.604353461638208
-6.591192288985514
-6.578033878522893
-6.564878245538102
-6.551725424037057
-6.538575492337132
-6.525428363668149
-6.512284128040191
-6.499142801989549
-6.486004431430361
-6.472868990101753
-6.459736524448642
-6.446607051959337
-6.433480609388866
-6.4203572785819665
-6.407236973417641
-6.394119787749164
-6.381005740498013
-6.367894851186562
-6.35478718435132
-6.341682700640762
-6.328581449827749
-6.315483471799533
-6.3023888523593605
-6.2892975063054894
-6.27620953179504
-6.263124950509128
-6.250043785189705
-6.2369661040210636
-6.223891869803365
-6.210821135837646
-6.197753945595558
-6.1846903430716225
-6.171630383133834
-6.158574029963081
-6.14552135471948
-6.132472383860155
-6.11942718972763
-6.106385737714997
-6.093348085170939
-6.080314279688272
-6.067284369455072
-6.05425841359812
-6.041236379174768
-6.028218341953075
-6.0152043326952835
-6.0021944285099735
-5.989188597916376
-5.976186902929847
-5.963189395905559
-5.950196129879229
-5.937207168896187
-5.9242224834833355
-5.911242154713325
-5.89826621836057
-5.885294708424711
-5.872327743003336
-5.859365243716189
-5.846407317051222
-5.833454021677483
-5.820505427351387
-5.807561508790846
-5.794622353210347
-5.781688002247429
-5.768758495251291
-5.755833957934372
-5.7429143151689175
-5.729999680918959
-5.71709012043514
-5.7041856765421715
-5.691286429831596
-5.678392373870045
-5.665503590789479
-5.652620126275339
-5.6397421148315985
-5.626869485458806
-5.614002360792265
-5.601140830679229
-5.588284877437597
-5.575434708573323
-5.562590188185858
-5.549751525970238
-5.536918724371021
-5.524091893988238
-5.511271037213058
-5.498456232543175
-5.485647588398585
-5.472845119292705
-5.460049031008028
-5.447259192383063
-5.434475825818975
-5.421698941888515
-5.408928609244976
-5.396164997915529
-5.383408037680322
-5.370657900969995
-5.357914612101506
-5.345178390735198
-5.332449111912227
-5.31972701283884
-5.307012113992014
-5.294304496065051
-5.281604342778117
-5.26891159305184
-5.256226433499329
-5.243548900327277
-5.230879174042798
-5.218217304084442
-5.205563378684394
-5.192917485883226
-5.180279720857616
-5.167650283594616
-5.1550291244418736
-5.1424164468878
-5.129812301620624
-5.117216886869157
-5.104630267102133
-5.092052546435863
-5.079483829332409
-5.066924228482842
-5.0543739633263565
-5.041832998503509
-5.029301557713152
-5.016779709352467
-5.004267672906262
-4.99176553123567
-4.979273407821819
-4.966791427132987
-4.954319723141461
-4.94185847898935
-4.929407856304424
-4.916967924032225
-4.904538832001296
-4.89212082533601
-4.879714009480587
-4.867318531618923
-4.854934540687465
-4.842562196619694
-4.830201708909355
-4.817853267421906
-4.805516964722969
-4.793192979326151
-4.780881587424984
-4.76858289863595
-4.756297160092958
-4.744024479878273
-4.731765073298752
-4.719519182055201
-4.707287030443145
-4.695068740373856
-4.682864525428854
-4.670674699558194
-4.658499405351306
-4.646338929411397
-4.634193412900185
-4.622063111230428
-4.609948305495176
-4.597849176202723
-4.585766138986355
-4.5736991929242885
-4.56164878364261
-4.5496150943708145
-4.537598459683098
-4.5255990616259965
-4.513617204434131
-4.501653217251285
-4.4897073279089454
-4.4777800080662855
-4.465871297696171
-4.453981701735279
-4.442111453139093
-4.430260944476815
-4.418430407869228
-4.406620206560945
-4.394830727845854
-4.383062256914806
-4.3713153325725145
-4.359590044910262
-4.347886969693309
-4.3362063998717515
-4.3245487232246935
-4.312914454389671
-4.3013038047029974
-4.289717304789532
-4.27815530808493
-4.266618432612529
-4.255106828269356
-4.243621153916976
-4.232161773132023
-4.2207291509499
-4.209323883610064
-4.197946253024612
-4.186596873683926
-4.175276177660958
-4.163984793842407
-4.152723180363337
-4.141491850620848
-4.1302913279086555
-4.119122164013545
-4.107985046451321
-4.096880335133801
-4.085808737190648
-4.0747707705094465
-4.06376715864897
-4.052798445709946
-4.041865233315043
-4.030968133078896
-4.020107787578791
-4.009284979500244
-3.9985001473992186
-3.9877540928916333
-3.9770474189906007
-3.966380943483605
-3.955755293140329
-3.9451711536771503
-3.9346292192016614
-3.9241302158676308
-3.913674921152587
-3.9032641175852683
-3.892898412174861
-3.882578570470036
-3.8723054891434563
-3.862079858316982
-3.8519024270354074
-3.841773948555354
-3.8316952069837273
-3.821667034467672
-3.8116902656186236
-3.8017655406063646
-3.791893664471642
-3.7820755757931916
-3.772311942674665
-3.762603664438494
-3.752951376230791
-3.7433559140736166
-3.733818113831957
-3.7243388072491137
-3.7149186100482003
-3.705558306395428
-3.6962588159485037
-3.6870207598667384
-3.6778449987592174
-3.6687321025936246
-3.6596828468409903
-3.6506979995998092
-3.6417783144766167
-3.632924307070299
-3.6241366627969342
-3.615416206148417
-3.606763432065897
-3.5981790833676546
-3.5896635865743365
-3.581217576890428
-3.5728416786378197
-3.5645363280642846
-3.5563023485826517
-3.5481397688133973
-3.540049408592
-3.532031566343291
-3.524086799190616
-3.5162153274133185
-3.5084175833047553
-3.5006939925361737
-3.4930447689964024
-3.4854705451388592
-3.477971097330496
-3.4705470515858132
-3.4631984740055617
-3.455925568722861
-3.4487287320325
-3.441607764691775
-3.4345630164744034
-3.4275944665541047
-3.4207025531753588
-3.4138867995487354
-3.40714764440065
-3.4004849321060227
-3.3938986537852833
-3.3873890249922227
-3.380955616297701
-3.3745986069864027
-3.368317772146545
-3.3621132450370412
-3.3559847819558484
-3.3499322322204264
-3.3439554144197086
-3.3380541102795083
-3.332228540179035
-3.326477921123105
-3.320802538554992
-3.3152018002892225
-3.3096757775058636
-3.3042242289125
-3.298846720766733
-3.2935430969999064
-3.2883129882719406
-3.283156550978489
-3.278072881294811
-3.273062212424911
-3.268123861289248
-3.263257850874162
-3.258463865600495
-3.253741420669705
-3.249090306437777
-3.244510097182104
-3.2400008076200284
-3.235561846114974
-3.2311930550657393
-3.226893835138247
-3.2226642034627213
-3.21850380908586
-3.214412158278151
-3.210389023398286
-3.206433957154392
-3.2025469839603313
-3.1987275023450863
-3.194975346633528
-3.1912899129308125
-3.1876712378597514
-3.1841188749498257
-3.180632595573539
-3.177211925310161
-3.173856497574238
-3.1705663638736175
-3.167340932056206
-3.1641800411721874
-3.161083099309469
-3.1580501746263305
-3.1550808251819165
-3.1521748318988405
-3.14933175064041
-3.14655121473025
-3.1438333097060718
-3.1411774618906785
-3.1385835189981948
-3.136050908718866
-3.1335797345009153
-3.1311695630932364
-3.1288201877731447
-3.12653119928728
-3.1243022327137364
-3.1221334086766057
-3.1200240069654885
-3.11797438891727
-3.1159834990398525
-3.114051644025728
-3.11217839977978
-3.1103635714726265
-3.108606785534917
-3.106907678140838
-3.1052664032923016
-3.103682253658122
-3.102155625857155
-3.1006854577008665
-3.0992720980267383
-3.0979151309384734
-3.0966141380068337
-3.0953694819974187
-3.0941800971941884
-3.0930464021190773
-3.091967702165283
-3.0909444257336833
-3.0899755043763233
-3.089061325740809
-3.088201480881708
-3.087395558392736
-3.086643958520676
-3.085945609535991
-3.085300959173056
-3.084709325048969
-3.084171163834823
-3.083685401307633
-3.0832524604066442
-3.082871938062918
-3.0825434288930955
-3.082267367133639
-3.082042675645197
-3.0818698280820613
-3.0817481537073945
-3.081677897195979
-3.0816586902322562
-3.0816902765860075
-3.081772495289307
-3.081904946288527
-3.082088094371577
-3.082320857843394
-3.082603733268155
-3.0829360609735006
-3.08331810703322
-3.083749500860088
-3.0842300127886446
-3.0847594871161883
-3.0853375287234273
-3.08596441239034
-3.086639704584073
-3.087363270410798
-3.088134677895762
-3.0889542120310147
-3.089821500456475
-3.090736337433067
-3.0916985721090677
-3.092707814154567
-3.0937643562336294
-3.0948677808093783
-3.096017952472387
-3.097214455220195
-3.098457590670818
-3.0997469734608436
-3.1010824552641196
-3.1024638537286164
-3.103890795436904
-3.105363588777526
-3.1068818306234904
-3.1084453857548318
-3.1100538525590107
-3.1117075471563758
-3.1134060887937416
-3.11514933423826
-3.1169371192581257
-3.118769071035445
-3.1206455116711407
-3.1225660508158146
-3.1245305544593225
-3.1265386337491683
-3.1285906173364912
-3.130686129355094
-3.132825031897684
-3.1350071760746
-3.137232190983266
-3.139500410558232
-3.141811219882358
-3.144165194490408
-3.1465612495525046
-3.1489999601150385
-3.151480955567032
-3.154004103668643
-3.1565692681329676
-3.1591760813883316
-3.1618248874466004
-3.1645150790446395
-3.1672472410853967
-3.170020292692405
-3.1728348197496334
-3.1756904573297495
-3.178586840853865
-3.181524559232155
-3.1845025344285074
-3.187521357308091
-3.1905804277008523
-3.1936803382607115
-3.196820013550001
-3.200000047683717
