-14.000000000000009
-13.988766247435036
-13.97754777172573
-13.966344614557308
-13.955156819028753
-13.943984425683558
-13.932827479164695
-13.921686021525602
-13.910560094493945
-13.899449739170368
-13.888355004415436
-13.87727592956784
-13.866212558982552
-13.85516493637389
-13.844133105250442
-13.83311710551308
-13.822116991873978
-13.811132799672723
-13.80016456846897
-13.789212357961281
-13.778276203263403
-13.767356151096207
-13.756452246930776
-13.745564536525809
-13.734693063020153
-13.723837874855446
-13.712999016164742
-13.702176532052835
-13.691370472956143
-13.680580873219025
-13.669807794664516
-13.659051278725288
-13.648311376914103
-13.637588118274472
-13.626881576095437
-13.616191770089191
-13.605518759931613
-13.594862609232049
-13.58422334274264
-13.573601026349875
-13.562995687777583
-13.552407399113044
-13.54183618610615
-13.531282123406895
-13.520745228660328
-13.510225581534545
-13.499723209751126
-13.489238168952307
-13.47877052028926
-13.468320295377712
-13.457887565890974
-13.447472355980619
-13.437074744967875
-13.426694753413654
-13.41633246094144
-13.405987895041557
-13.395661132000987
-13.38535219352719
-13.375061142359423
-13.364788051081442
-13.354532941823239
-13.344295896428779
-13.334076936209689
-13.323876146469695
-13.313693557755204
-13.303529202007294
-13.293383188857645
-13.283255543941452
-13.273146317877416
-13.263055535827334
-13.252983311079594
-13.242929668344551
-13.23289463084138
-13.222878320023751
-13.212880752346702
-13.202901990402319
-13.192942061320133
-13.183001069120364
-13.173079044881987
-13.163176046837501
-13.15329210126387
-13.143427318820402
-13.133581738158885
-13.123755372472488
-13.113948355175951
-13.104160704751488
-13.094392472342323
-13.084643688112019
-13.074914475590864
-13.0652048647335
-13.05551490386184
-13.045844634384645
-13.036194173246775
-13.026563535956521
-13.016952770002568
-13.007361979106816
-12.997791198818922
-12.988240494681634
-12.978709893698436
-12.96919951318245
-12.95970939109782
-12.950239583291937
-12.940790112638519
-12.93136111976363
-12.921952620430085
-12.912564651517268
-12.903197333952317
-12.893850712130007
-12.884524822786556
-12.875219726700934
-12.86593552977347
-12.85667226857699
-12.847430022982346
-12.838208793004993
-12.829008737362829
-12.819829857543981
-12.81067221293982
-12.801535927865665
-12.792421020770213
-12.783327574621394
-12.774255605147383
-12.765205272385302
-12.756176566082258
-12.747169593597683
-12.738184353490485
-12.729221010763565
-12.720279584830823
-12.7113601357635
-12.702462737632263
-12.693587389738365
-12.684734298001986
-12.675903480339267
-12.6670949595632
-12.658308846276677
-12.64954519775668
-12.640804073811653
-12.632085555178747
-12.623389614803838
-12.614716515506537
-12.606066210533692
-12.59743879733683
-12.588834315424252
-12.580252885878892
-12.571694528445091
-12.563159267052031
-12.554647339039011
-12.54615869351194
-12.537693448468728
-12.52925163988956
-12.520833387747137
-12.512438707539763
-12.504067636192927
-12.495720405973335
-12.487396975622675
-12.479097459469447
-12.470821885155868
-12.462570392584732
-12.45434299712406
-12.446139811277185
-12.437960808397628
-12.42980623699021
-12.421676091000544
-12.413570424153178
-12.405489371752454
-12.397432936398626
-12.389401252386076
-12.381394266460322
-12.37341228948809
-12.36545525013395
-12.35752324912908
-12.349616397082663
-12.341734710098581
-12.333878323441835
-12.326047172045588
-12.31824158100859
-12.310461488084739
-12.30270699475839
-12.29497818759782
-12.287275122001498
-12.279597894870403
-12.271946580495497
-12.264321204896687
-12.256721972239616
-12.249148926833767
-12.241602114899102
-12.234081627838501
-12.226587539111332
-12.219119952826965
-12.21167887465817
-12.204264512517687
-12.196876916205055
-12.189516112141279
-12.18218226159843
-12.174875386736348
-12.167595601532565
-12.160342887403578
-12.153117518325486
-12.145919479830793
-12.138748856228087
-12.131605768372317
-12.124490238300911
-12.117402404183716
-12.110342336174211
-12.103310013882822
-12.096305733907847
-12.089329467201727
-12.08238135587542
-12.07546140027075
-12.0685697733657
-12.06170651187894
-12.054871616417703
-12.048065372187708
-12.041287767403638
-12.034538922296013
-12.027818883782706
-12.021127748597278
-12.014465599808801
-12.007832491126813
-12.001228638782166
-11.99465404635515
-11.988108836840123
-11.981593072546023
-11.975106843582855
-11.968650274054909
-11.96222343901139
-11.955826289763413
-11.949459163287884
-11.943122045527666
-11.936815031512511
-11.930538171582434
-11.924291587630279
-11.918075400558743
-11.911889562520912
-11.90573439403622
-11.899609875428528
-11.893516085024674
-11.887453124620079
-11.88142111312686
-11.87542011490901
-11.869450123018856
-11.863511443398593
-11.857604073400958
-11.851728140994183
-11.845883645040761
-11.840070728321162
-11.834289531362666
-11.828540090805337
-11.822822394562417
-11.817136771757959
-11.811483237267455
-11.805861829376411
-11.800272545667172
-11.794715872436576
-11.789191361846386
-11.783699635171846
-11.778240274420329
-11.772813890654323
-11.767420076505475
-11.762059190463438
-11.756731539151607
-11.751436719428915
-11.746175407773407
-11.740947094522317
-11.735752380875283
-11.73059090882239
-11.725463042163799
-11.720369055951258
-11.71530858726401
-11.710282277825554
-11.705289618902501
-11.700331253199577
-11.695406744340358
-11.69051680109163
-11.685660872208933
-11.680839364455329
-11.676052635760561
-11.671300298839826
-11.666582892970501
-11.661899993783035
-11.657252288836784
-11.652639253755785
-11.648061264708353
-11.643518740939344
-11.639011266620532
-11.634539333375477
-11.63010256966694
-11.625701607936133
-11.621336034170168
-11.617006138219217
-11.61271231584526
-11.608454179900493
-11.604232231647925
-11.600046070871354
-11.59589635382798
-11.591782644139617
-11.587705224939898
-11.583664514239693
-11.579660108265802
-11.575692510496163
-11.571761296738439
-11.567867157873
-11.564009628487067
-11.560189010042336
-11.556405706364364
-11.55265927078586
-11.548950271046671
-11.545278251484861
-11.541643837998413
-11.538046714492161
-11.534486989295678
-11.530965173450635
-11.527480830256897
-11.524034497156059
-11.520625699967416
-11.517255101416486
-11.51392225404214
-11.510627736504311
-11.507371052284292
-11.504152695894604
-11.500972881877404
-11.497831121974906
-11.494728070059976
-11.491663343165653
-11.488637401295424
-11.485649864181637
-11.48270112373026
-11.479791445931586
-11.476920281852513
-11.474088370874092
-11.471295186690684
-11.468541365068278
-11.465826349189744
-11.463150517568343
-11.460514388129317
-11.457917120852903
-11.455359545427525
-11.452841185005878
-11.450362547329059
-11.447923173052565
-11.44552340771227
-11.443163734167204
-11.440843321353208
-11.438563048274972
-11.436322302224918
-11.434121728899926
-11.431960731562322
-11.429839698899256
-11.427759134335348
-11.425718166221994
-11.42371773371704
-11.42175705720478
-11.419836910181825
-11.417956689062924
-11.41611674386832
-11.414317510129194
-11.412558219360271
-11.41083962951795
-11.409161135779538
-11.40752343716854
-11.405925941744146
-11.404369215655437
-11.402852842813488
-11.4013769352967
-11.399941964082261
-11.398547288677188
-11.3971935618781
-11.395880283541244
-11.394607906806083
-11.393376039514768
-11.392184746561815
-11.39103462398483
-11.389924820725929
-11.388856203479547
-11.387828014883114
-11.386840932041558
-11.385894408920207
-11.38498860702373
-11.38412399169728
-11.383299739676458
-11.382516734626282
-11.381774189352521
-11.381072734322313
-11.380411776774325
-11.37979176163983
-11.379212766525267
-11.378674256564025
-11.378176830948602
-11.37771993007699
-11.377304038165567
-11.376928592438288
-11.376593930106024
-11.376300309869833
-11.376047006080347
-11.375834700269657
-11.375662781723682
-11.375531788320192
-11.375441063144075
-11.375391328831139
-11.375381811330447
-11.375412710930828
-11.375484506585336
-11.375596395081661
-11.375749107549677
-11.375941769441162
-11.376175290433151
-11.37644870293673
-11.376762307434376
-11.377116525927763
-11.377510693809697
-11.377945245856225
-11.378419533596368
-11.378934353571626
-11.379488755887584
-11.380082995305491
-11.380717577068195
-11.381391692708833
-11.382105879223408
-11.382859413515929
-11.383653095713079
-11.384485962998014
-11.385358318943082
-11.386270575837635
-11.387221919775884
-11.388212873651845
-11.389242836406789
-11.39031235058474
-11.391420800410359
-11.392568096517282
-11.393754941529638
-11.394980264238106
-11.396244784420812
-11.397547769796313
-11.39888976291946
-11.400270231551588
-11.401689027716502
-11.403146696003068
-11.404642475900493
-11.406176712096311
-11.407748987435573
-11.40935965695453
-11.411008171407975
-11.412694824869721
-11.41441904851645
-11.416181067489347
-11.417981006069482
-11.419818333398922
-11.42169341532586
-11.42360564377377
-11.425555474312903
-11.427542166273218
-11.429565970850813
-11.431627074517353
-11.433724831226247
-11.435859696655005
-11.438031052428903
-11.440239258201693
-11.442483718819567
-11.444764424676663
-11.44708192318235
-11.449435231049248
-11.451824944003153
-11.454250443654814
-11.45671202900645
-11.4592090793254
-11.461741770939774
-11.464310371295358
-11.466914157142805
-11.469553545398204
-11.472227926367594
-11.474937652804874
-11.477682087184428
-11.480461286661656
-11.483275764493525
-11.486124537472536
-11.48900818330539
-11.491925996498125
-11.49487836726011
-11.497864691329688
-11.500884908090718
-11.503939672380335
-11.507027843977555
-11.510150168502937
-11.513305646709187
-11.516495197302111
-11.51971769783945
-11.522973658723972
-11.526262605483053
-11.529584527519361
-11.532939638522388
-11.536327282677618
-11.539748088037893
-11.543200986563908
-11.546686607521083
-11.550204225892916
-11.553754121684847
-11.557336328041934
-11.560950238349294
-11.564596461013636
-11.568273934976032
-11.571983286046388
-11.575723861670678
-11.57949580092936
-11.583298812823346
-11.58713394328943
-11.590999306827126
-11.594895490749645
-11.5988222760932
-11.602780588741417
-11.606768831935515
-11.610787196751652
-11.614835916586582
-11.618915126600388
-11.623024776544243
-11.627163526958713
-11.631332309758141
-11.635531015805984
-11.639758729799047
-11.644017086278293
-11.648303831033234
-11.65261978962752
-11.656964698428988
-11.661339683488773
-11.665742854743835
-11.670174305973703
-11.674634712059992
-11.679123357041197
-11.683641471340538
-11.688186744245968
-11.692760448961836
-11.69736242109389
-11.701991817735102
-11.706650046568482
-11.711335153045336
-11.716047956252652
-11.720787940614944
-11.725556365157752
-11.730351471720015
-11.73517324662934
-11.740022101449267
-11.744897932325769
-11.749801511348254
-11.754730626956885
-11.75968657889981
-11.764669263565551
-11.769678643262285
-11.774713531435596
-11.779774614353746
-11.784861816026776
-11.789974624203404
-11.795114407883768
-11.800278917798577
-11.80546914259057
-11.81068467398111
-11.815925646796899
-11.821192859202512
-11.826484032763378
-11.83180060466933
-11.837142012690727
-11.842509283475962
-11.847900227457748
-11.853315896423478
-11.858756172409981
-11.86422056978969
-11.86971049127027
-11.875223688052275
-11.880761169811407
-11.886322460927012
-11.891907766996619
-11.897517817431353
-11.903150470173955
-11.90880703723509
-11.914487058925625
-11.920191346408568
-11.92591827191854
-11.931668296082334
-11.937441572250975
-11.943237605087498
-11.949057765867641
-11.954899812582216
-11.960764582945806
-11.966652200515323
-11.9725622557203
-11.978495791115407
-11.98445053199068
-11.99042786276805
-11.996427318758812
-12.0024497539086
-12.00849346795348
-12.01455901977343
-12.020646498554793
-12.026755445373636
-12.032887220743572
-12.039039655011909
-12.045213536844432
-12.051408963860528
-12.0576264864045
-12.063864467518409
-12.07012328426056
-12.076403455815957
-12.082704563620306
-12.089027388652429
-12.095370303508952
-12.101733843592015
-12.108118126432245
-12.114522659111262
-12.120948883867698
-12.127394548029509
-12.13386045626726
-12.14034678897829
-12.146854108496532
-12.153380652269137
-12.159926904474984
-12.166493416134937
-12.173079703413064
-12.17968655318539
-12.186312417776579
-12.192957849929705
-12.19962283948817
-12.206306999506621
-12.213011782178611
-12.219734764635533
-12.226477204930768
-12.23323887011209
-12.240020462360583
-12.246820234188743
-12.253638657791145
-12.26047629481206
-12.267332523473591
-12.274208636226241
-12.281102522366036
-12.288014959573756
-12.294945988143674
-12.301896101366095
-12.308864010099187
-12.315850033666507
-12.322854569469365
-12.329877303013252
-12.336919034032544
-12.343977974084785
-12.35105461007725
-12.358149498311212
-12.365262046451607
-12.372393543158214
-12.379541897842396
-12.38670789139127
-12.393891548391487
-12.401093346318081
-12.408312073432798
-12.415548044667272
-12.422801593337322
-12.430072481362222
-12.437361465227369
-12.444666838297662
-12.4519889875295
-12.459328559302431
-12.466684964655135
-12.474059452293718
-12.481449605993719
-12.488857225290724
-12.4962814012958
-12.503722879956884
-12.511180321018978
-12.518654481839313
-12.526145274701948
-12.533652266735881
-12.541177276531887
-12.548717513002153
-12.556273771654864
-12.563846535494697
-12.571436554597682
-12.5790419304709
-12.586663153178163
-12.594301102880983
-12.601954842206041
-12.609625139330094
-12.6173106875259
-12.625012236602087
-12.632729698159904
-12.640462660814642
-12.648212930978898
-12.655977715883667
-12.663757836068287
-12.67155377675944
-12.679366319191537
-12.687193523524742
-12.695035888121229
-12.702894325369474
-12.710767880964392
-12.718657398153638
-12.726561458927007
-12.734480931706745
-12.742415655226129
-12.750365243204262
-12.758331520982985
-12.766311701871125
-12.7743066350255
-12.782316735992572
-12.79034288521352
-12.79838308954578
-12.80643785493664
-12.81450809605999
-12.8225928966243
-12.830692960885395
-12.838807294873398
-12.846936312868088
-12.855080054936609
-12.863238092987649
-12.87141197723129
-12.879599842793143
-12.887801486958688
-12.896018072405258
-12.904250020889357
-12.912495506979827
-12.920755059306526
-12.929029310525259
-12.93731821648724
-12.945621577597276
-12.95393873960616
-12.962270120894132
-12.970615722116818
-12.978976103080226
-12.98735003365121
-12.995738376147333
-13.00414007308544
-13.012556267197748
-13.020987422976045
-13.029431626047002
-13.037889500365912
-13.046361648471471
-13.054848018124101
-13.063348466515116
-13.071862312372637
-13.080389991570636
-13.088931461948805
-13.097487368798378
-13.106056401521586
-13.114639529180298
-13.123235595610936
-13.131845830224993
-13.140470659189676
-13.149108216584082
-13.157759078573713
-13.166423854965409
-13.175102575627397
-13.183795031857807
-13.192500555894355
-13.201219591228977
-13.209952151584018
-13.218698811205709
-13.227458334358815
-13.236231533704798
-13.2450176421023
-13.253817508551698
-13.26263172017435
-13.27145838176656
-13.280298082696344
-13.289151478513759
-13.29801906218286
-13.306899164853588
-13.315792555383164
-13.324699312372578
-13.333619331966352
-13.342553238119367
-13.35149981067096
-13.360459562086813
-13.369432671330848
-13.378418991867237
-13.387419545713223
-13.396432327018074
-13.405458034913142
-13.414497255733908
-13.423550555311534
-13.432616166083962
-13.441694977374675
-13.450787027931154
-13.459892188332162
-13.469011177430268
-13.478142696921749
-13.487287324864589
-13.496445165510629
-13.505616178221496
-13.514801352745945
-13.523998682986893
-13.533208868922046
-13.54243251835403
-13.551670222925
-13.560920187621484
-13.570183317201757
-13.57945968032159
-13.588749142612576
-13.598052424596446
-13.607368233328494
-13.616697191778206
-13.626039366375267
-13.635395678787237
-13.644764316920835
-13.654146109402706
-13.663540804101176
-13.672949019328207
-13.682371394919624
-13.69180609456989
-13.701254037615367
-13.710715333928537
-13.720189845338385
-13.729678292756278
-13.739179294046247
-13.748693797469773
-13.758221557066328
-13.767763607401122
-13.777318177778458
-13.78688605236427
-13.79646704551331
-13.808159341046764
-13.82298029629035
-13.837814926062038
-13.852664077620917
-13.867527692141849
-13.882405710486164
-13.897298115805505
-13.912204765394998
-13.927125603578412
-13.94206065433439
-13.957010771344933
-13.971973993482615
-13.986951215970373
-14.001941468116804
-14.016946524148267
-14.031966330820941
-14.04699900013464
-14.062045393745851
-14.077105457825098
-14.092179137515144
-14.107267298895804
-14.122367131456746
-14.137481339051169
-14.152608950259514
-14.16775086625648
-14.18290512814453
-14.198072638056601
-14.213253312907325
-14.228446241823551
-14.2436541408452
-14.258874130390877
-14.274107113799799
-14.289353041215461
-14.304612788182057
-14.31988445587333
-14.335167993711867
-14.3504652042314
-14.365775113730695
-14.381098627599561
-14.396433790887894
-14.41178148399641
-14.427141711256645
-14.442513470622055
-14.457899525850788
-14.473296995131225
-14.48870678572027
-14.504128851609535
-14.519564077765551
-14.535010557593559
-14.550468244917376
-14.565938957100823
-14.58142171813625
-14.596917416233527
-14.612424142399812
-14.627942784803771
-14.643473299668326
-14.659014709668515
-14.674569792340034
-14.69013566410902
-14.705713216806696
-14.721302445627508
-14.73690424281335
-14.752516659011027
-14.768139669792486
-14.783775105380533
-14.799421988617615
-14.81508121520678
-14.83075087021039
-14.846431849674627
-14.862124113007114
-14.877828573452934
-14.893542330054554
-14.909268203564007
-14.925005200777226
-14.940753282002147
-14.956513361627852
-14.972283493259564
-14.988064591612051
-15.003855664394765
-15.019658580237788
-15.035473300898882
-15.051297880971862
-15.067133236231234
-15.082979328843997
-15.098837063442952
-15.114703576402222
-15.130581656808955
-15.146470325644488
-15.162369546135077
-15.178280235352373
-15.194200439508284
-15.210131096433315
-15.226071215838914
-15.242022649550726
-15.257985371836334
-15.273957439892238
-15.289939772066111
-15.305932324646117
-15.321936033695073
-15.337948002885975
-15.35397104194673
-15.370004171204718
-15.386047356393533
-15.402101509663723
-15.41816470478214
-15.434237854062275
-15.450319977085494
-15.46641388750139
-15.482516698111203
-15.498629323149405
-15.51475174250738
-15.530883916902896
-15.54702676738526
-15.563178354170823
-15.579338650442283
-15.595509520225573
-15.61168997835019
-15.627880957171355
-15.644080512329472
-15.660289565965133
-15.676508086708896
-15.692736043318908
-15.708973404732912
-15.725220140009466
-15.741476218375341
-15.757741609197002
-15.774017235658638
-15.79030116007444
-15.806593352249738
-15.822895689467462
-15.839207188138658
-15.855528772167713
-15.871858504578267
-15.888197309550051
-15.904545157729089
-15.920902019901867
-15.937267866983445
-15.953642670035558
-15.970026400245207
-15.98641902894069
-16.002821481254678
-16.01923086776078
-16.03565002119911
-16.052077959752868
-16.068514655407945
-16.08496198587827
-16.101414208261296
-16.117877008331188
-16.134348453227446
-16.15083042457425
-16.167319081767737
-16.18381630352837
-16.20032206285375
-16.216834427789443
-16.23335908679989
-16.249890298027292
-16.26642994003095
-16.28297798641574
-16.299534411733244
-16.316099188116848
-16.332672289694894
-16.34925369203238
-16.365843368552728
-16.382441294135315
-16.399047442023193
-16.41566178737279
-16.43228430483824
-16.448914968788596
-16.46555375529709
-16.482200638161252
-16.498855592881256
-16.515518594669867
-16.53219152574096
-16.548870547799797
-16.56555563621776
-16.58225058059422
-16.598953449736708
-16.615666126748483
-16.63238477313298
-16.64911127211286
-16.665845600023566
-16.682585825796306
-16.699337647635783
-16.716095320169757
-16.732860727294423
-16.74963384570218
-16.76641465218638
-16.783203123641208
-16.799999237060447
