-14.0
-13.986000060060043
-13.972000240480993
-13.958000541624996
-13.9440009638557
-13.930001507538245
-13.916002173039399
-13.902002960727144
-13.888003870971147
-13.874004904142001
-13.862007069260903
-13.84820856219232
-13.83441019989903
-13.81801027357797
-13.804011927008002
-13.790013705622691
-13.779218205224723
-13.762017639944855
-13.75162308667551
-13.737825748684239
-13.724028559177933
-13.706027027727895
-13.692029693433605
-13.682637882905187
-13.664035410098096
-13.655044847676985
-13.641248555665616
-13.627452415287888
-13.608048395552107
-13.59405196760361
-13.580055670748628
-13.572269375147508
-13.552063471918572
-13.544678774407084
-13.524071802330052
-13.517088792158967
-13.496080665258313
-13.482085297473958
-13.475704984744207
-13.45409496547645
-13.44010000210562
-13.426105174379925
-13.420528773958338
-13.398115927604286
-13.384121509388521
-13.370127228561493
-13.356133085507633
-13.351562087289974
-13.328145214558553
-13.31415148751302
-13.310184007062682
-13.296391637897983
-13.272171145466075
-13.258177979277216
-13.244184954437996
-13.241223799947766
-13.216199330531484
-13.213640871233208
-13.19984965559432
-13.186058607841321
-13.16022979855645
-13.14623777572855
-13.144686468560792
-13.118254165440591
-13.104262578962643
-13.1033158493145
-13.08952598396072
-13.062288699688109
-13.048297701608393
-13.048157415263532
-13.020316150701907
-13.020579233219614
-12.992335196791588
-12.978344944957344
-12.964354843809035
-12.965424956559014
-12.951636824999897
-12.93784887158041
-12.90839595618415
-12.91027349726947
-12.880417429481094
-12.88269883394436
-12.868911771120974
-12.838450797078142
-12.824462230356398
-12.810473819957977
-12.796485566222785
-12.782497469719138
-12.78619319633381
-12.772407407212402
-12.740534129146445
-12.744836378667877
-12.712559364586898
-12.698572222665335
-12.684585241691735
-12.670598422205767
-12.67591206230615
-12.662127761358661
-12.628638938174896
-12.614652770063975
-12.600666766239387
-12.586680927091397
-12.59320910290367
-12.55870974524691
-12.565642978966812
-12.551860206462631
-12.538077628166246
-12.524295246018529
-12.51051305692536
-12.474800212118717
-12.482949267464537
-12.469167669997198
-12.455386268729896
-12.418863912467359
-12.427824061627708
-12.414043257681982
-12.376913493276772
-12.386482251180942
-12.372702052136722
-12.33496463956457
-12.345142258274796
-12.306999614613574
-12.317583281219932
-12.3038040995776
-12.290025123212414
-12.276246353968103
-12.262467791963601
-12.24868943950973
-12.234911293512905
-12.221133355223321
-12.207355629186393
-12.19357811552803
-12.153204760750823
-12.166023721166113
-12.152246842469468
-12.11126453429028
-12.124693728333815
-12.11091748993437
-12.09714147015355
-12.083365666936064
-12.041367880192723
-12.055814714208926
-12.042039566769779
-12.028264637245831
-12.01448992578845
-12.000715437039329
-11.957498140659776
-11.973167128558025
-11.959393308142698
-11.94561971349088
-11.931846341515099
-11.918073193553017
-11.904300274295826
-11.859658907148225
-11.876755119371904
-11.862982885876749
-11.817730762427248
-11.835439106927673
-11.8216675630772
-11.807896246763868
-11.761829374076399
-11.780354325832798
-11.733879894942028
-11.752813339564955
-11.739043199639834
-11.725273300604506
-11.677983396141036
-11.697734206225848
-11.683965019229904
-11.670196076504498
-11.622090217181128
-11.642658908833548
-11.628890688934476
-11.615122711592443
-11.60135498011046
-11.58758749414445
-11.573820254571077
-11.524285287974294
-11.54628652088538
-11.532520025794573
-11.518753780645767
-11.4684014915506
-11.454431088883002
-11.440460905858474
-11.463691316262905
-11.449926334380839
-11.398551685118692
-11.422397140502925
-11.370613319886509
-11.394868968840814
-11.381105272618218
-11.367341840462998
-11.314739296846383
-11.339815753359629
-11.286803652245826
-11.272836174580588
-11.258868928083894
-11.244901913480911
-11.271005152367028
-11.257243831219958
-11.243482782868876
-11.189036192046428
-11.21596148958571
-11.202201245375452
-11.147139379016416
-11.174681589024658
-11.16092217079496
-11.10524471775601
-11.13340416213208
-11.077316151588393
-11.105887264866583
-11.09212923530705
-11.078371487977357
-11.021461950297116
-11.050856842668534
-11.037099943349448
-10.979573894787205
-11.009587001403784
-10.995830962214406
-10.937688092876908
-10.968319747750295
-10.909765490083291
-10.940809700579171
-10.92705511460084
-10.91330082130563
-10.899546819565554
-10.839963469367417
-10.872039717593143
-10.858286611342422
-10.844533804689636
-10.830781300063425
-10.817029099564024
-10.803277195076507
-10.789525598342594
-10.775774308287664
-10.762023327035543
-10.748272651305765
-10.734522283224782
-10.720772225277672
-10.70702247864206
-10.693273045871424
-10.679523925560929
-10.665775120227702
-10.652026632401546
-10.63827846426148
-10.624530612557319
-10.610783079471231
-10.597035863976483
-10.583288978061402
-10.569542413600768
-10.555796172802598
-10.542050254660607
-10.528304672571926
-10.514559414377691
-10.500814491270603
-10.487069889745513
-10.473325630843341
-10.407341439996326
-10.44583810308004
-10.43209485041316
-10.418351927251155
-10.40460935210914
-10.390867112770689
-10.377125220584933
-10.363383661973728
-10.34964245321563
-10.33590159576343
-10.267844781223532
-10.308420916689993
-10.29468109786264
-10.28094163961353
-10.267202529670126
-10.25346377954421
-10.239725375585442
-10.225987334281516
-10.212249657156352
-10.19851233189663
-10.1847753774158
-10.171038777735816
-10.1573025518218
-10.143566687346286
-10.129831185851009
-10.116096064032797
-10.102361308177807
-10.030771793080008
-10.074892917207979
-10.06115928887448
-10.047426028961945
-10.033693151538241
-10.019960659626864
-10.0062285394435
-9.992496813044582
-9.97876546664674
-9.965034512168263
-9.951303937189083
-9.937573752205807
-9.923843967761698
-9.910114571430173
-9.896385575232355
-9.882656965314812
-9.868928764018818
-9.855200957492459
-9.8414735488789
-9.827746552593934
-9.814019952417066
-9.800293768024522
-9.786567986940046
-9.772842621376384
-9.696245007885384
-9.745393112430017
-9.731668988276176
-9.717945272437186
-9.704221984794401
-9.690499112834855
-9.676776668925925
-9.663054640533126
-9.64933304765778
-9.63561187396273
-9.621891128949477
-9.608170826499286
-9.594450956437287
-9.580731523664808
-9.567012519423468
-9.553293963930203
-9.539575840786442
-9.525858161085138
-9.512140935970649
-9.498424147555921
-9.484707819139532
-9.470991940519658
-9.457276516742606
-9.443561539042628
-9.42984701866557
-9.416132966910407
-9.402419367293795
-9.38870624041808
-9.374993568300235
-9.361281374572481
-9.347569649009548
-9.333858387480657
-9.32014760920903
-9.306437297653957
-9.292727473652485
-9.279018120647867
-9.265309259545752
-9.25160087227
-9.237892981231953
-9.224185580891335
-9.21047866248044
-9.19677224707931
-9.183066318076014
-9.169360896621749
-9.155655966089073
-9.14195153669795
-9.128247623290045
-9.114544215607628
-9.100841319166793
-9.08713892520641
-9.073437055131102
-9.059735692261727
-9.046034858077059
-9.032334535883466
-9.018634736110297
-9.004935473876479
-8.991236738914022
-8.977538536922042
-8.963840859151604
-8.950143727347006
-8.936447124765795
-8.9227510635699
-8.909055555983299
-8.895360583676911
-8.881666171721015
-8.867972309843397
-8.854279003937664
-8.840586245273949
-8.826894046210999
-8.813202419171414
-8.799511347348107
-8.785820852963283
-8.772130917608019
-8.758441566763926
-8.744752790161098
-8.731064584076403
-8.717376969278943
-8.70368992892056
-8.690003485516469
-8.6763176222075
-8.662632361594495
-8.648947685193846
-8.63526361723066
-8.621580152506565
-8.607897282348576
-8.594215029576107
-8.580533377294012
-8.566852348410746
-8.55317192602164
-8.53949213312527
-8.525812951169096
-8.512134404803097
-8.49845648892778
-8.484779194913406
-8.47110254598829
-8.457426525217315
-8.44375115592255
-8.430076421161303
-8.41640233257855
-8.402728906874906
-8.38905613383184
-8.375384020232692
-8.361712557501253
-8.34804176929605
-8.334371638650698
-8.320702179121108
-8.307033404339213
-8.293365295641907
-8.279697880310284
-8.266031148162396
-8.252365106251162
-8.238699747765946
-8.225035081422426
-8.211371126218227
-8.197707861753
-8.18404531571181
-8.170383471110826
-8.156722348895855
-8.143061940636851
-8.12940224845238
-8.115743289913837
-8.10208504801297
-8.08842755085584
-8.074770777975692
-8.061114757602232
-8.04745947274469
-8.033804941208109
-8.02015116538413
-8.006498136930949
-7.992845877382337
-7.9791943697294245
-7.965543642646219
-7.9518936756101395
-7.93824449742564
-7.924596091108391
-7.9109484748636945
-7.897301651376692
-7.883655612413234
-7.870010379979132
-7.856365937079312
-7.842722312988104
-7.829079487139093
-7.815437480025683
-7.801796301442175
-7.788155943263369
-7.774516417412406
-7.76087771578127
-7.747239860877974
-7.733602835736958
-7.71996665761411
-7.706331343876187
-7.6926968775930655
-7.679063281565852
-7.66543054781115
-7.651798688704365
-7.638167696284143
-7.624537580804784
-7.610908363714774
-7.597280024404924
-7.583652593537746
-7.570026054238544
-7.556400429863027
-7.542775712592587
-7.529151906121132
-7.515529030162517
-7.501907067858926
-7.488286050430532
-7.4746659572712035
-7.461046819765592
-7.447428621116111
-7.43381138136321
-7.420195104603906
-7.406579783219934
-7.392965441366864
-7.379352062276602
-7.365739677928021
-7.3521282677391175
-7.338517863864143
-7.324908449607802
-7.311300045569113
-7.297692656294388
-7.284086274387852
-7.27048092465566
-7.256876590446232
-7.243273304548148
-7.229671046428252
-7.216069839599898
-7.202469695886596
-7.188870608101584
-7.175272590746352
-7.161675636681317
-7.148079771411501
-7.134484978432938
-7.1208912778363835
-7.107298680287006
-7.093707207660395
-7.080116828408265
-7.066527573952651
-7.052939440248035
-7.039352458965942
-7.025766598568159
-7.012181881278453
-6.998598318269729
-6.985015920812766
-6.971434711481876
-6.9578546587616055
-6.944275794903772
-6.930698116332002
-6.917121631883994
-6.903546381111412
-6.889972315931225
-6.876399471852288
-6.862827860809242
-6.849257506134683
-6.835688376385268
-6.822120504707414
-6.80855388805146
-6.794988535815861
-6.7814244887007895
-6.767861698363934
-6.75430020138705
-6.740740010434535
-6.727181135286122
-6.71362358775114
-6.700067358808443
-6.68651246037901
-6.672958902483512
-6.65940672705985
-6.645855885538681
-6.6323064156614855
-6.618758330896943
-6.605211641686177
-6.591666360729005
-6.578122479334447
-6.564580010330297
-6.551038964429561
-6.537499384908089
-6.523961223008763
-6.5104245177304305
-6.49688928343072
-6.483355531287849
-6.469823274985592
-6.456292506224899
-6.442763238836419
-6.4292354843058135
-6.415709257601064
-6.402184599100838
-6.388661459895829
-6.3751398850878935
-6.361619886679248
-6.3481014794440656
-6.334584655547536
-6.321069429932525
-6.307555814949821
-6.294043826623216
-6.280533506816863
-6.267024806546806
-6.2535177725336615
-6.240012417703808
-6.226508742610666
-6.213006786267681
-6.199506518555903
-6.186007968231265
-6.172511152494598
-6.159016114836664
-6.145522806270952
-6.132031275287729
-6.118541535853663
-6.1050535895874765
-6.091567477012318
-6.0780831685300525
-6.064600694279395
-6.051120072778626
-6.037641322743513
-6.024164474961234
-6.010689500175744
-5.9972164400918055
-5.983745297541598
-5.970276114717074
-5.95680886266629
-5.943343573069334
-5.929880265924324
-5.916418961449224
-5.902959692037707
-5.889502429159628
-5.876047216324514
-5.862594057751121
-5.84914299748467
-5.835694007368645
-5.822247120808902
-5.808802359473358
-5.7953597452754355
-5.781919312410269
-5.768481033238163
-5.755044953281014
-5.7416110783472725
-5.728179426738904
-5.714750054708931
-5.701322914169289
-5.687898056492492
-5.674475505514476
-5.661055297460758
-5.647637405779435
-5.634221878247893
-5.620808722504772
-5.607397958642911
-5.593989645694606
-5.580583736177418
-5.5671802841500675
-5.553779315639695
-5.540380851910185
-5.526984919522586
-5.513591517009613
-5.500200671388417
-5.486812404815225
-5.473426779439715
-5.460043748608737
-5.446663369406762
-5.433285681926008
-5.419910663432614
-5.406538424236127
-5.393168871914142
-5.379802117548661
-5.366438150895905
-5.353077014254959
-5.339718708772237
-5.32636325397539
-5.313010710782797
-5.299661063956045
-5.286314422570772
-5.272970694701243
-5.259629996096045
-5.246292318705151
-5.232957678248069
-5.219626168644838
-5.2062977222007
-5.192972433609739
-5.179650290228627
-5.16633140606755
-5.153015690054682
-5.139703263190605
-5.126394120080395
-5.113088279941937
-5.0997858413822525
-5.086486738604095
-5.073191071118589
-5.059898829422502
-5.04661010191687
-5.033324892464057
-5.020043234399346
-5.006765156764625
-4.993490682924343
-4.980219916867448
-4.966952795279369
-4.9536894232147715
-4.940429794989557
-4.927174004698483
-4.91392206024793
-4.900673999647221
-4.887429856603751
-4.874189659434979
-4.860953518371268
-4.8477213733243385
-4.834493335793196
-4.821269404767414
-4.8080496809930215
-4.79483417731217
-4.7816229373426085
-4.768416000416859
-4.755213400821152
-4.742015222972459
-4.728821510355197
-4.715632282652848
-4.702447577747205
-4.689267504240581
-4.676092081050675
-4.662921358593897
-4.6497553830537734
-4.636594195980393
-4.623437889631253
-4.6102865154396575
-4.597140099579085
-4.583998687938908
-4.570862398516448
-4.557731249731202
-4.544605324483686
-4.5314846532481665
-4.518369294563182
-4.505259350225969
-4.492154881433332
-4.479055922530689
-4.465962529311625
-4.4528748311638875
-4.43979285560015
-4.42671669706373
-4.4136463953649425
-4.400582020578427
-4.387523686277773
-4.374471422031081
-4.361425403935989
-4.348385568862493
-4.335352103999282
-4.322325048494241
-4.3093045111606365
-4.296290543796889
-4.283283230998824
-4.2702827011115145
-4.257288997617558
-4.244302314361052
-4.231322599714044
-4.218350059851892
-4.205384749017231
-4.192426794208136
-4.1794762628438935
-4.166533258093738
-4.153597927160573
-4.140670331661072
-4.1277506877900025
-4.114838959649896
-4.101935377380132
-4.089040015113876
-4.076152984419483
-4.0632744899971325
-4.0504045426085575
-4.037543352864205
-4.0246910064100785
-4.01184774818106
-3.9990135640126274
-3.9861887149392614
-3.9733733017637856
-3.9605674655227308
-3.947771442834775
-3.934985272556639
-3.922209199258072
-3.9094433410182217
-3.8966879395620393
-3.883943134165728
-3.871209103596532
-3.8584860261110006
-3.845774082641271
-3.833073552642906
-3.820384514055972
-3.807707257271929
-3.7950419450278976
-3.7823888683829483
-3.7697482145787995
-3.757120212723698
-3.744505093480729
-3.7319030929816726
-3.7193145495615703
-3.7067395965260985
-3.6941785875927393
-3.6816317482809264
-3.669099438162141
-3.656581912244002
-3.6440794706037494
-3.6315924180301216
-3.619121068715768
-3.606665798356427
-3.59422695663974
-3.581804850352974
-3.5693998405794516
-3.557012384227948
-3.544642833957794
-3.532291591965506
-3.519959069988696
-3.507645694815542
-3.4953519589845254
-3.483078335984375
-3.4708252551158774
-3.458593211070838
-3.4463828016324674
-3.4341945065798583
-3.422028924571128
-3.409886576574156
-3.3977680697405495
-3.385674067472342
-3.373605224199311
-3.3615621498414887
-3.349545534752739
-3.337556182235449
-3.3255947800288315
-3.313662151028005
-3.3017590396018885
-3.2898862951014007
-3.2780448298372518
-3.2662355610615816
-3.254459361874662
-3.2427172055203344
-3.231010190557015
-3.219339303999867
-3.207705688265784
-3.196110405895303
-3.1845546476819555
-3.1730396743056066
-3.161566693910714
-3.150137164473622
-3.138752222603048
-3.127413437594923
-3.1161221945936908
-3.1048800542189463
-3.093688488705636
-3.0825491209051252
-3.071463642467954
-3.060433696852792
-3.049461189566146
-3.038547678501758
-3.0276951794244207
-3.0169055016089565
-3.006180568662486
-2.9967294564295464
-2.9887335705506364
-2.9807427999795153
-2.972757921136281
-2.964780187594717
-2.9568101750901277
-2.9488492219553137
-2.940898265038256
-2.932958341545038
-2.92503081438581
-2.917116478599438
-2.9092167553778303
-2.9013326884970048
-2.893465695048919
-2.8856169256349653
-2.8777876448876287
-2.869979135104433
-2.8621926362843744
-2.8544297813285726
-2.846691491617703
-2.838979461015266
-2.831294827415034
-2.8236391863948733
-2.816013878704878
-2.808420238971627
-2.8008597110307227
-2.793333616809519
-2.785843679322396
-2.7783908792040055
-2.7709769638217745
-2.763603105800825
-2.756270917442071
-2.748981735883969
-2.7417368744363655
-2.7345377389986143
-2.727385593099504
-2.7202819869883332
-2.7132281108081386
-2.706225292056067
-2.6992746769336726
-2.692377730157789
-2.685535623459566
-2.6787494800976965
-2.672020506427894
-2.6653497461427897
-2.658738515628251
-2.6521877555760445
-2.6456985203503662
-2.639271676354033
-2.6329083937233233
-2.6266094974560747
-2.620375909871992
-2.6142083807174
-2.608107656240596
-2.602074704055664
-2.596110104898947
-2.590214547944683
-2.5843885274289513
-2.5786328398977125
-2.5729479348381448
-2.5673343647166345
-2.5617924837934334
-2.5563226714670564
-2.550925521190003
-2.5456012345531374
-2.5403501401536586
-2.535172362781098
-2.5300683435678293
-2.5250381874982235
-2.52008211925952
-2.515200140423884
-2.510392326337779
-2.5056589623340786
-2.500999830924468
-2.496415314995986
-2.491904927613548
-2.487468956417332
-2.4831072631907753
-2.478819851338124
-2.474606471578878
-2.4704670102926127
-2.466401557131118
-2.4624096969669496
-2.458491649835036
-2.4546467672490424
-2.450875184302268
-2.447176635169647
-2.4435508487687607
-2.439997933847969
-2.4365171962483854
-2.4331088028167143
-2.4297722389921965
-2.4265076612094925
-2.4233143558386825
-2.420192393869465
-2.4171414699265825
-2.4141612810835023
-2.411251893199824
-2.4084125838500925
-2.405643508394462
-2.402944114761017
-2.400314557704572
-2.3977541163513134
-2.395262848702413
-2.39284045936108
-2.3904866589813127
-2.3882015102383303
-2.385984300724246
-2.3838352090496695
-2.3817536738021268
-2.37973968474827
-2.3777931147466975
-2.3759134544248393
-2.3741006300006835
-2.372354382813732
-2.370674786500008
-2.3690611516101883
-2.3675136911322903
-2.3660318415764223
-2.3646156180678704
-2.3632649455423103
-2.361979299049404
-2.360758646817528
-2.3596027624075067
-2.358511681952293
-2.3574848870431695
-2.3565224759316497
-2.3556239303319626
-2.3547892890094637
-2.354018524408983
-2.353311094508324
-2.3526670044889886
-2.3520860549700515
-2.3515683025027942
-2.3511132083391604
-2.3507209362857013
-2.350390946573544
-2.3501232963047443
-2.349917797483006
-2.34977448670732
-2.3496928000171895
-2.3496727572565685
-2.3497144291368453
-2.3498172534516653
-2.3499814488962576
-2.3502064513186047
-2.35049233008655
-2.3508389125232627
-2.351246256038965
-2.3517137755450337
-2.3522415173553597
-2.3528295601453846
-2.353477317372874
-2.3541850502155115
-2.3549521696651308
-2.3557787517132343
-2.3566646322884273
-2.3576098815582887
-2.3586138939869596
-2.359676733108868
-2.3607984802349913
-2.361978519060739
-2.3632171617858244
-2.364513775218636
-2.365868444548431
-2.367281008822989
-2.368751544044552
-2.370279427022146
-2.3718647303313714
-2.373507533923877
-2.3752072081009192
-2.3769640673121515
-2.3787774750711423
-2.3806475105237737
-2.382574011926574
-2.384556817803944
-2.386596005886455
-2.3886909373435827
-2.3908419262840117
-2.39302576721874
-2.3953004524132995
-2.3976251989373947
-2.400000095367431
