-14.000000000000007
-13.988766247435018
-13.977547771725648
-13.96634461455724
-13.955156819028733
-13.943984425683519
-13.932827479164652
-13.92168602152555
-13.910560094493901
-13.899449739170231
-13.8883550044153
-13.877275929567693
-13.866212558982534
-13.855164936373873
-13.844133105250387
-13.833117105513047
-13.822116991873942
-13.811132799672695
-13.800164568468913
-13.78921235796118
-13.778276203263315
-13.767356151096067
-13.756452246930756
-13.745564536525777
-13.73469306302012
-13.723837874855397
-13.712999016164677
-13.702176532052759
-13.691370472956095
-13.680580873219013
-13.669807794664461
-13.659051278725205
-13.648311376914027
-13.637588118274447
-13.6268815760954
-13.616191770089113
-13.605518759931602
-13.594862609232026
-13.584223342742597
-13.573601026349802
-13.562995687777555
-13.552407399113024
-13.541836186106062
-13.531282123406822
-13.520745228660255
-13.510225581534534
-13.499723209751075
-13.489238168952289
-13.478770520289217
-13.468320295377668
-13.45788756589093
-13.44747235598053
-13.437074744967875
-13.426694753413651
-13.416332460941327
-13.405987895041555
-13.395661132000917
-13.385352193527108
-13.375061142359398
-13.36478805108142
-13.354532941823201
-13.34429589642874
-13.334076936209625
-13.323876146469678
-13.313693557755121
-13.303529202007184
-13.293383188857554
-13.283255543941396
-13.2731463178774
-13.263055535827311
-13.25298331107959
-13.242929668344521
-13.232894630841356
-13.222878320023671
-13.212880752346695
-13.202901990402308
-13.19294206132012
-13.183001069120271
-13.173079044881957
-13.163176046837428
-13.153292101263819
-13.143427318820354
-13.133581738158785
-13.123755372472479
-13.113948355175916
-13.104160704751465
-13.094392472342312
-13.084643688111978
-13.074914475590829
-13.0652048647334
-13.055514903861775
-13.045844634384636
-13.03619417324676
-13.026563535956415
-13.016952770002565
-13.007361979106815
-12.997791198818902
-12.988240494681634
-12.978709893698404
-12.969199513182382
-12.959709391097805
-12.950239583291832
-12.940790112638505
-12.931361119763572
-12.921952620430062
-12.91256465151726
-12.903197333952305
-12.893850712129996
-12.884524822786544
-12.875219726700898
-12.865935529773427
-12.856672268576963
-12.847430022982337
-12.838208793004933
-12.82900873736276
-12.819829857543908
-12.810672212939782
-12.80153592786555
-12.792421020770144
-12.783327574621376
-12.774255605147335
-12.765205272385254
-12.756176566082205
-12.747169593597667
-12.738184353490478
-12.729221010763446
-12.720279584830816
-12.711360135763487
-12.702462737632198
-12.693587389738317
-12.68473429800194
-12.675903480339247
-12.667094959563116
-12.6583088462766
-12.649545197756643
-12.64080407381165
-12.632085555178685
-12.623389614803818
-12.61471651550652
-12.606066210533632
-12.59743879733679
-12.588834315424238
-12.580252885878869
-12.571694528445036
-12.563159267052026
-12.554647339038919
-12.546158693511895
-12.537693448468728
-12.529251639889472
-12.52083338774706
-12.51243870753975
-12.504067636192872
-12.495720405973302
-12.487396975622639
-12.479097459469415
-12.470821885155857
-12.462570392584656
-12.454342997124035
-12.446139811277156
-12.437960808397598
-12.429806236990206
-12.421676091000512
-12.41357042415315
-12.405489371752433
-12.397432936398554
-12.389401252386037
-12.381394266460205
-12.37341228948807
-12.365455250133934
-12.357523249129057
-12.349616397082587
-12.341734710098553
-12.333878323441823
-12.326047172045572
-12.318241581008534
-12.310461488084714
-12.302706994758356
-12.294978187597799
-12.287275122001466
-12.279597894870385
-12.271946580495497
-12.264321204896657
-12.2567219722396
-12.249148926833762
-12.241602114899086
-12.234081627838478
-12.226587539111327
-12.219119952826926
-12.211678874658165
-12.204264512517556
-12.19687691620501
-12.189516112141241
-12.182182261598383
-12.174875386736307
-12.167595601532543
-12.160342887403495
-12.153117518325434
-12.145919479830738
-12.138748856228071
-12.131605768372276
-12.124490238300803
-12.117402404183663
-12.110342336174197
-12.103310013882815
-12.096305733907808
-12.089329467201713
-12.082381355875372
-12.075461400270653
-12.068569773365654
-12.061706511878914
-12.054871616417666
-12.048065372187699
-12.041287767403588
-12.03453892229594
-12.027818883782693
-12.021127748597236
-12.014465599808743
-12.007832491126738
-12.001228638782152
-11.994654046355135
-11.988108836840102
-11.981593072545968
-11.975106843582834
-11.968650274054879
-11.962223439011387
-11.955826289763392
-11.949459163287814
-11.943122045527604
-11.936815031512486
-11.93053817158243
-11.924291587630252
-11.918075400558738
-11.911889562520878
-11.905734394036164
-11.899609875428508
-11.893516085024622
-11.887453124620077
-11.881421113126844
-11.875420114908884
-11.86945012301885
-11.863511443398552
-11.857604073400957
-11.851728140994176
-11.84588364504076
-11.840070728321146
-11.834289531362636
-11.828540090805312
-11.822822394562362
-11.817136771757946
-11.811483237267423
-11.805861829376385
-11.800272545667116
-11.794715872436536
-11.78919136184638
-11.783699635171844
-11.778240274420279
-11.772813890654296
-11.767420076505463
-11.762059190463429
-11.756731539151605
-11.751436719428897
-11.746175407773391
-11.740947094522303
-11.735752380875281
-11.730590908822382
-11.725463042163758
-11.720369055951192
-11.715308587263978
-11.710282277825506
-11.705289618902496
-11.700331253199565
-11.695406744340321
-11.690516801091599
-11.68566087220893
-11.680839364455299
-11.676052635760556
-11.671300298839734
-11.66658289297043
-11.66189999378302
-11.657252288836736
-11.652639253755783
-11.648061264708259
-11.643518740939317
-11.639011266620487
-11.634539333375464
-11.63010256966693
-11.625701607936115
-11.621336034170136
-11.617006138219152
-11.612712315845258
-11.608454179900491
-11.60423223164791
-11.600046070871317
-11.595896353827964
-11.591782644139615
-11.587705224939876
-11.583664514239691
-11.579660108265783
-11.575692510496078
-11.571761296738405
-11.567867157872945
-11.564009628487053
-11.56018901004232
-11.55640570636434
-11.552659270785853
-11.548950271046634
-11.545278251484852
-11.541643837998407
-11.538046714492145
-11.534486989295626
-11.530965173450596
-11.527480830256886
-11.524034497155961
-11.520625699967402
-11.517255101416476
-11.513922254042107
-11.510627736504272
-11.507371052284277
-11.504152695894595
-11.500972881877397
-11.497831121974839
-11.49472807005995
-11.491663343165623
-11.488637401295419
-11.485649864181603
-11.482701123730212
-11.47979144593156
-11.4769202818525
-11.474088370874021
-11.471295186690615
-11.468541365068235
-11.465826349189731
-11.463150517568335
-11.460514388129273
-11.457917120852823
-11.455359545427493
-11.452841185005871
-11.450362547329044
-11.447923173052532
-11.445523407712221
-11.443163734167191
-11.440843321353125
-11.438563048274878
-11.436322302224907
-11.434121728899894
-11.431960731562297
-11.429839698899206
-11.427759134335295
-11.425718166221978
-11.423717733717027
-11.421757057204756
-11.419836910181811
-11.417956689062907
-11.416116743868299
-11.414317510129175
-11.412558219360266
-11.410839629517875
-11.40916113577943
-11.407523437168532
-11.40592594174411
-11.404369215655368
-11.402852842813433
-11.401376935296621
-11.399941964082181
-11.398547288677117
-11.397193561878044
-11.395880283541212
-11.394607906806021
-11.393376039514752
-11.392184746561762
-11.391034623984819
-11.389924820725877
-11.388856203479536
-11.387828014883056
-11.386840932041553
-11.385894408920164
-11.384988607023718
-11.384123991697269
-11.383299739676385
-11.38251673462625
-11.381774189352448
-11.381072734322293
-11.380411776774267
-11.3797917616398
-11.379212766525157
-11.378674256564016
-11.3781768309486
-11.377719930076971
-11.377304038165544
-11.376928592438288
-11.376593930105976
-11.376300309869825
-11.376047006080325
-11.375834700269571
-11.375662781723626
-11.375531788320169
-11.375441063144047
-11.375391328831116
-11.375381811330417
-11.375412710930796
-11.375484506585249
-11.37559639508162
-11.375749107549668
-11.375941769441098
-11.37617529043308
-11.376448702936703
-11.376762307434324
-11.377116525927653
-11.377510693809635
-11.377945245856193
-11.378419533596347
-11.378934353571616
-11.379488755887579
-11.380082995305449
-11.380717577068156
-11.381391692708823
-11.382105879223339
-11.382859413515886
-11.38365309571303
-11.384485962998012
-11.385358318943045
-11.38627057583763
-11.387221919775865
-11.388212873651794
-11.389242836406769
-11.39031235058472
-11.39142080041032
-11.39256809651728
-11.393754941529547
-11.394980264238066
-11.396244784420734
-11.397547769796285
-11.398889762919458
-11.400270231551564
-11.401689027716488
-11.40314669600305
-11.404642475900474
-11.406176712096281
-11.40774898743555
-11.409359656954523
-11.411008171407953
-11.412694824869615
-11.414419048516393
-11.416181067489346
-11.417981006069414
-11.419818333398904
-11.42169341532582
-11.423605643773666
-11.425555474312866
-11.427542166273165
-11.4295659708508
-11.431627074517344
-11.43372483122616
-11.435859696654916
-11.438031052428862
-11.440239258201679
-11.442483718819524
-11.444764424676606
-11.447081923182331
-11.449435231049229
-11.451824944003143
-11.45425044365478
-11.456712029006422
-11.459209079325388
-11.461741770939753
-11.46431037129532
-11.466914157142789
-11.469553545398137
-11.472227926367568
-11.474937652804831
-11.477682087184364
-11.480461286661622
-11.483275764493508
-11.486124537472497
-11.489008183305367
-11.491925996498122
-11.494878367260045
-11.497864691329637
-11.500884908090695
-11.503939672380323
-11.507027843977548
-11.51015016850288
-11.513305646709162
-11.516495197302108
-11.519717697839436
-11.522973658723949
-11.526262605482971
-11.529584527519338
-11.532939638522343
-11.536327282677567
-11.539748088037868
-11.543200986563862
-11.546686607521064
-11.550204225892893
-11.553754121684806
-11.557336328041849
-11.560950238349287
-11.564596461013602
-11.568273934975961
-11.57198328604638
-11.57572386167064
-11.57949580092931
-11.583298812823339
-11.587133943289393
-11.590999306827099
-11.594895490749634
-11.598822276093184
-11.602780588741386
-11.60676883193545
-11.610787196751629
-11.614835916586564
-11.618915126600355
-11.623024776544202
-11.627163526958674
-11.631332309758061
-11.6355310158059
-11.63975872979901
-11.644017086278238
-11.6483038310332
-11.65261978962748
-11.65696469842895
-11.661339683488745
-11.665742854743831
-11.670174305973651
-11.674634712059985
-11.679123357041183
-11.683641471340533
-11.688186744245945
-11.692760448961835
-11.697362421093887
-11.701991817735072
-11.706650046568464
-11.711335153045328
-11.71604795625263
-11.720787940614924
-11.725556365157745
-11.730351471719993
-11.735173246629289
-11.74002210144925
-11.744897932325756
-11.749801511348206
-11.75473062695688
-11.759686578899766
-11.764669263565494
-11.769678643262248
-11.77471353143558
-11.779774614353698
-11.784861816026757
-11.789974624203326
-11.795114407883746
-11.800278917798542
-11.805469142590566
-11.81068467398104
-11.815925646796897
-11.821192859202474
-11.826484032763334
-11.831800604669285
-11.83714201269067
-11.842509283475888
-11.847900227457735
-11.853315896423446
-11.85875617240997
-11.86422056978965
-11.869710491270254
-11.87522368805227
-11.880761169811372
-11.886322460926907
-11.891907766996589
-11.897517817431313
-11.903150470173914
-11.908807037235025
-11.9144870589255
-11.920191346408531
-11.925918271918523
-11.931668296082266
-11.937441572250918
-11.943237605087475
-11.94905776586763
-11.95489981258216
-11.960764582945718
-11.966652200515297
-11.972562255720263
-11.978495791115348
-11.98445053199067
-11.990427862768046
-11.996427318758798
-12.002449753908571
-12.008493467953418
-12.014559019773404
-12.020646498554731
-12.026755445373594
-12.032887220743508
-12.039039655011878
-12.0452135368444
-12.051408963860492
-12.057626486404494
-12.063864467518398
-12.070123284260522
-12.076403455815948
-12.082704563620272
-12.089027388652383
-12.095370303508943
-12.101733843592013
-12.108118126432188
-12.114522659111229
-12.120948883867651
-12.127394548029502
-12.133860456267191
-12.140346788978272
-12.146854108496514
-12.153380652269073
-12.1599269044749
-12.166493416134884
-12.173079703413054
-12.179686553185377
-12.186312417776547
-12.192957849929703
-12.19962283948812
-12.206306999506612
-12.213011782178546
-12.219734764635461
-12.226477204930749
-12.233238870112062
-12.240020462360578
-12.246820234188693
-12.253638657791102
-12.260476294812042
-12.267332523473465
-12.274208636226238
-12.281102522366
-12.288014959573692
-12.294945988143617
-12.301896101366047
-12.308864010099139
-12.315850033666438
-12.322854569469298
-12.329877303013166
-12.336919034032517
-12.343977974084778
-12.351054610077211
-12.358149498311121
-12.365262046451546
-12.372393543158099
-12.379541897842357
-12.386707891391188
-12.393891548391418
-12.401093346318026
-12.40831207343273
-12.415548044667194
-12.42280159333729
-12.430072481362174
-12.43736146522736
-12.444666838297586
-12.45198898752949
-12.459328559302426
-12.466684964655117
-12.474059452293691
-12.481449605993706
-12.488857225290632
-12.496281401295791
-12.503722879956788
-12.511180321018978
-12.518654481839295
-12.526145274701898
-12.533652266735857
-12.541177276531826
-12.548717513002126
-12.556273771654828
-12.563846535494609
-12.571436554597657
-12.57904193047089
-12.586663153178145
-12.594301102880952
-12.601954842205991
-12.609625139330035
-12.617310687525842
-12.625012236602078
-12.632729698159897
-12.640462660814638
-12.648212930978817
-12.655977715883587
-12.663757836068285
-12.67155377675943
-12.679366319191523
-12.687193523524725
-12.695035888121149
-12.702894325369448
-12.71076788096432
-12.718657398153576
-12.726561458926964
-12.73448093170672
-12.742415655226122
-12.750365243204223
-12.758331520982939
-12.766311701871116
-12.774306635025425
-12.782316735992488
-12.790342885213487
-12.79838308954571
-12.806437854936583
-12.814508096059942
-12.822592896624238
-12.830692960885333
-12.838807294873392
-12.846936312867973
-12.855080054936568
-12.863238092987595
-12.871411977231265
-12.87959984279313
-12.887801486958635
-12.896018072405136
-12.904250020889322
-12.91249550697967
-12.920755059306508
-12.929029310525198
-12.937318216487197
-12.945621577597276
-12.953938739606155
-12.962270120894111
-12.970615722116769
-12.978976103080187
-12.987350033651207
-12.995738376147317
-13.004140073085438
-13.012556267197729
-13.020987422976033
-13.02943162604699
-13.037889500365836
-13.046361648471377
-13.054848018124076
-13.063348466515004
-13.071862312372616
-13.080389991570588
-13.08893146194879
-13.097487368798335
-13.106056401521581
-13.114639529180248
-13.123235595610918
-13.131845830224917
-13.14047065918965
-13.149108216583995
-13.157759078573644
-13.16642385496529
-13.175102575627367
-13.18379503185779
-13.192500555894204
-13.201219591228915
-13.209952151583973
-13.21869881120569
-13.227458334358703
-13.236231533704695
-13.245017642102239
-13.253817508551645
-13.26263172017431
-13.271458381766525
-13.28029808269625
-13.289151478513677
-13.298019062182815
-13.306899164853508
-13.315792555383162
-13.324699312372559
-13.333619331966347
-13.342553238119367
-13.351499810670905
-13.360459562086783
-13.369432671330772
-13.378418991867177
-13.38741954571317
-13.396432327018044
-13.405458034913117
-13.414497255733862
-13.423550555311431
-13.432616166083855
-13.441694977374635
-13.450787027931064
-13.459892188332109
-13.469011177430167
-13.478142696921742
-13.487287324864548
-13.496445165510616
-13.505616178221489
-13.514801352745911
-13.52399868298684
-13.533208868922001
-13.542432518354003
-13.55167022292496
-13.560920187621473
-13.570183317201638
-13.579459680321463
-13.58874914261256
-13.598052424596442
-13.60736823332845
-13.61669719177819
-13.626039366375196
-13.635395678787106
-13.644764316920625
-13.654146109402655
-13.663540804101054
-13.672949019328179
-13.682371394919581
-13.691806094569857
-13.701254037615328
-13.710715333928475
-13.720189845338243
-13.729678292756109
-13.739179294046178
-13.748693797469688
-13.758221557066317
-13.767763607401042
-13.777318177778357
-13.78688605236423
-13.796467045513289
-13.808154857409036
-13.822973648522018
-13.837797305493899
-13.849963132301236
-13.85945075814063
-13.868943286782928
-13.878449092853284
-13.887967670037705
-13.897500212910147
-13.907046569995527
-13.916607870745477
-13.926182359174502
-13.935770859574797
-13.945373212514012
-13.95498995358441
-13.964622065845226
-13.974267413298818
-13.983927095130205
-13.993601257929628
-14.003289749292373
-14.012993381224053
-14.022710790561248
-14.032442967883435
-14.042189669897796
-14.05195201407507
-14.061728273568052
-14.071519213279476
-14.081324763690407
-14.091145425620134
-14.100982223094183
-14.110833002539502
-14.12069890164666
-14.130580122832557
-14.14047741677928
-14.150388771582397
-14.160315847897827
-14.170258548384423
-14.180216663893102
-14.190191111838836
-14.200180972763459
-14.210186239922255
-14.220207081818915
-14.230244199213162
-14.240298486167397
-14.250367821925753
-14.26045315625826
-14.270555475506102
-14.280674785552561
-14.290809390797278
-14.300960931882736
-14.311129387941108
-14.321314533037373
-14.331517353761917
-14.341736948362044
-14.351973325347643
-14.362226736680574
-14.372497856431748
-14.382787663195943
-14.393094017105636
-14.403417958284855
-14.413760474983437
-14.424121602685945
-14.434499735409156
-14.444896490482579
-14.455311938509901
-14.465745834581847
-14.476199270408243
-14.486671328296092
-14.497162080487842
-14.507671862530694
-14.518202278886692
-14.528751557683405
-14.539320395587145
-14.549908993442676
-14.560518330435299
-14.571148485350792
-14.581798040661472
-14.592468483905519
-14.603160045733365
-14.613872470925203
-14.62460697098982
-14.635362617221155
-14.646139547338322
-14.656938278382594
-14.667760306658435
-14.67860401756088
-14.689470121719891
-14.70035893485343
-14.711271437100457
-14.722207828868024
-14.733166762352097
-14.744149743013574
-14.755157130738048
-14.76618869796842
-14.777245781874607
-14.788327061464198
-14.799434014700404
-14.810566040213908
-14.82172505877622
-14.832909604633333
-14.844120424020755
-14.855357978524252
-14.866622867642056
-14.877916632445807
-14.889236846118756
-14.900585441722864
-14.911962938492081
-14.923370123907272
-14.934805641095222
-14.946271060304895
-14.95776704026838
-14.969293158617146
-14.980851367058271
-14.992440364122137
-15.004060998961176
-15.015713909607353
-15.027399747333549
-15.039120198880706
-15.050873055860851
-15.06266029753371
-15.07448261794826
-15.086340951179096
-15.098234124790398
-15.110163784916166
-15.122130762841822
-15.134134885258966
-15.146178168794245
-15.15825949982571
-15.170379921736576
-15.182540270065735
-15.194741300738592
-15.206984878255787
-15.219269099467274
-15.231596017164875
-15.243966527128478
-15.256381806779391
-15.26884088931579
-15.281345558811523
-15.29389680939521
-15.30649483895399
-15.319141742089766
-15.33183660641716
-15.344580764204629
-15.357375253351867
-15.370220984492654
-15.38311995699347
-15.396070735074062
-15.409075377402711
-15.422134983219745
-15.435251046912278
-15.448422773318192
-15.461652095279229
-15.474940118336846
-15.488287467989291
-15.501696242368086
-15.515165662117877
-15.528697361307904
-15.54229247380106
-15.555952959903326
-15.569678016596127
-15.583469330245357
-15.597328013999565
-15.611255149200002
-15.62525244080045
-15.639319045406735
-15.653456866019253
-15.667666903362411
-15.681949896712075
-15.69630776807781
-15.710739528484858
-15.725246829079087
-15.739830531819964
-15.754492352067675
-15.769231142706719
-15.784048450885905
-15.798944956560003
-15.813921272799922
-15.828978831981397
-15.844116240039229
-15.859334877471966
-15.87463512449206
-15.890017262107367
-15.905482505065173
-15.921029132974583
-15.936658205570627
-15.952369781246748
-15.968164798895948
-15.984041270028744
-16.00000000000003
