-12.000000000000005
-13.98580007006208
-13.97160028055422
-13.95740063190816
-13.943201124557005
-13.929001758944478
-13.914802535483311
-13.900603454628403
-13.886404516836006
-13.872205722625644
-13.860006060614
-13.846007340759348
-13.8320087449557
-13.815411989190617
-13.801213918914131
-13.787015995035821
-13.776015609807455
-13.758620587223218
-13.748019796414036
-13.734022079609382
-13.72002448992105
-13.701831546889684
-13.687634658912941
-13.678032487425186
-13.65924133319937
-13.650038461848917
-13.636041643069799
-13.622044954171912
-13.602456495802569
-13.58826066744916
-13.574064991831376
-13.566059505382608
-13.545674102325068
-13.538067570753679
-13.517283831436737
-13.510076167019815
-13.48889418419379
-13.474699594831643
-13.468090064062418
-13.44631088822152
-13.432116771979748
-13.417922814648296
-13.4121104827269
-13.389535377332846
-13.375341899210639
-13.361148580971145
-13.346955424811668
-13.351562087289949
-13.318569597455193
-13.304376928142739
-13.300157900042445
-13.286164452534972
-13.261799901357259
-13.24760788843639
-13.23341604038102
-13.230192071352045
-13.205032843287027
-13.202206732360308
-13.188214277328926
-13.174221965932311
-13.148268459420441
-13.134077784795624
-13.132245897855064
-13.105696946783066
-13.091506783330669
-13.09027113880991
-13.076279845577156
-13.048937325487735
-13.034747851246424
-13.034306851728049
-13.00636942657712
-13.006325598914406
-12.977991701657196
-12.963803102350218
-12.949614680196145
-12.95036489388347
-12.936375095577555
-12.92238544953187
-12.892862769523134
-12.894406616021735
-12.864487889818408
-12.866428397157177
-12.85243951951617
-12.821926928998355
-12.80774030667994
-12.793553866038247
-12.779367610699712
-12.765181540359453
-12.768509531025995
-12.754521750707392
-12.722624440233762
-12.744836378667877
-12.694253975548612
-12.680069025355246
-12.66588426412178
-12.651699692479756
-12.656611764853512
-12.662127761358658
-12.609147120019045
-12.59496331303232
-12.58077969775833
-12.566596277150053
-12.572695253218374
-12.538230019606834
-12.544724403683661
-12.530739229104938
-12.516754222095711
-12.502769383308692
-12.488784713067862
-12.453135959322813
-12.460815880966747
-12.469167669997194
-12.43284773065287
-12.396410568749314
-12.427824061627662
-12.41404325768198
-12.353868649361523
-12.362930367290781
-12.372702052136713
-12.311328569353645
-12.320982038944926
-12.28296954927149
-12.3175832812199
-12.303804099577572
-12.290025123212391
-12.251071692986644
-12.237090159495166
-12.248689439509715
-12.209127633258456
-12.195146641502188
-12.207355629186358
-12.16718520479021
-12.127009975995666
-12.166023721166098
-12.125244424946882
-12.084480047463225
-12.09728482950978
-12.083305310743498
-12.06932597925736
-12.083365666936007
-12.013601219811793
-12.055814714208916
-12.013410537190584
-11.999432150852206
-11.985453955347817
-11.971475951707275
-11.928553984277677
-11.94352052254005
-11.95939330814268
-11.915565868432665
-11.901588833623101
-11.918073193552967
-11.904300274295743
-11.829342575209479
-11.845682659918017
-11.862982885876743
-11.7868268834237
-11.803755113546051
-11.78977966531595
-11.775804418173495
-11.730142602946673
-11.780354325832745
-11.701801896293334
-11.752813339564906
-11.705931233629821
-11.725273300604506
-11.645123386015081
-11.664009788241085
-11.650036388496915
-11.636063198145767
-11.588448790475498
-11.608117446725274
-11.628890688934455
-11.615122711592432
-11.601354980110452
-11.58758749414439
-11.53825677909686
-11.489277857808437
-11.546286520885344
-11.496342955019317
-11.518753780645739
-11.432614345706448
-11.41844911005904
-11.404284136945364
-11.42649094368432
-11.449926334380836
-11.361790787932065
-11.422397140502897
-11.333463207001111
-11.356644474404762
-11.342675854709647
-11.367341840462988
-11.27681124253544
-11.339815753359625
-11.248486877951494
-11.234325104238504
-11.220163602987645
-11.206002376050717
-11.271005152367021
-11.257243831219911
-11.243482782868817
-11.149360230691745
-11.175070350209763
-11.161104745010933
-11.106881556933802
-11.13317425163993
-11.119209364245677
-11.064405429161829
-11.133404162132
-11.036089438286906
-11.105887264866578
-11.092129235307018
-11.078371487977277
-10.97946093340913
-11.05085684266853
-11.0370999433494
-10.936992628688836
-11.009587001403764
-10.995830962214363
-10.894526993948771
-10.968319747750249
-10.866218069660022
-10.94080970057916
-10.927055114600803
-10.86788350385183
-10.853923356405673
-10.795451074987938
-10.826003842400864
-10.85828661134239
-10.798085373463785
-10.784126533924049
-10.81702909956402
-10.756209649218679
-10.742251606351113
-10.775774308287659
-10.714336325622794
-10.748272651305694
-10.68642212390884
-10.672465430497509
-10.707022478642006
-10.69327304587141
-10.679523925560888
-10.665775120227698
-10.652026632401522
-10.638278464261468
-10.574776287925394
-10.560821810842356
-10.597035863976407
-10.58328897806137
-10.518960077095528
-10.505006735408495
-10.542050254660579
-10.52830467257192
-10.51455941437769
-10.500814491270553
-10.435244352081712
-10.473325630843284
-10.356874282005883
-10.445838103080018
-10.432094850413131
-10.365489286712705
-10.351539165898089
-10.337589344284817
-10.377125220584874
-10.309690606235606
-10.295741692299558
-10.335901595763382
-10.215467792449468
-10.308420916689947
-10.29468109786264
-10.226001726071026
-10.212054662024562
-10.253463779544179
-10.18416147390433
-10.170215352462773
-10.21224965715629
-10.198512331896584
-10.184775377415779
-10.114434049397445
-10.157302551821791
-10.143566687346233
-10.129831185851003
-10.116096064032787
-10.044714683323766
-9.975161617074336
-10.074892917207976
-10.002887004455431
-10.047426028961926
-9.975003549090363
-10.01996065962678
-10.00622853944345
-9.99249681304458
-9.978765466646738
-9.965034512168186
-9.951303937189037
-9.877422133978861
-9.923843967761695
-9.849544829796942
-9.835606702344762
-9.882656965314787
-9.868928764018793
-9.793794431953378
-9.779857717924028
-9.8277465525939
-9.814019952417066
-9.73804973217861
-9.786567986940042
-9.710179551811066
-9.636101823561212
-9.68231083241109
-9.731668988276109
-9.717945272437158
-9.704221984794364
-9.690499112834738
-9.612645526696081
-9.598713589832126
-9.584782034049047
-9.63561187396272
-9.621891128949452
-9.608170826499283
-9.529059632652913
-9.58073152366479
-9.567012519423436
-9.553293963930155
-9.53957584078642
-9.525858161085127
-9.512140935970617
-9.498424147555912
-9.41763356388193
-9.40370709746921
-9.457276516742573
-9.443561539042612
-9.429847018665559
-9.416132966910299
-9.402419367293783
-9.388706240418053
-9.37499356830023
-9.361281374572474
-9.347569649009493
-9.333858387480655
-9.250543059677494
-9.30643729765394
-9.292727473652462
-9.20877987519889
-9.194859675795193
-9.251600872269938
-9.167020577392485
-9.153101685417267
-9.210478662480439
-9.196772247079272
-9.183066318075953
-9.16936089662168
-9.15565596608906
-9.069597638154715
-9.128247623290045
-9.114544215607618
-9.02785170319046
-9.087138925206386
-9.000023371520777
-9.05973569226169
-9.046034858077032
-8.95828435827974
-9.018634736110283
-9.004935473876463
-8.991236738913974
-8.902638946278756
-8.963840859151556
-8.950143727347005
-8.936447124765783
-8.847001213250273
-8.909055555983269
-8.819185276625126
-8.80527805053197
-8.867972309843354
-8.854279003937645
-8.840586245273945
-8.826894046210956
-8.813202419171406
-8.721845214546027
-8.785820852963262
-8.772130917608012
-8.758441566763906
-8.66623354011126
-8.73106458407639
-8.717376969278943
-8.703689928920499
-8.690003485516439
-8.676317622207451
-8.662632361594481
-8.648947685193837
-8.635263617230649
-8.621580152506548
-8.607897282348514
-8.59421502957608
-8.580533377294007
-8.566852348410741
-8.553171926021623
-8.539492133125217
-8.443872257571801
-8.512134404803035
-8.416087080979448
-8.402195349706194
-8.471102545988245
-8.457426525217304
-8.360523636430973
-8.430076421161292
-8.416402332578514
-8.318857197311313
-8.389056133831785
-8.375384020232659
-8.361712557501251
-8.348041769296016
-8.24942509595625
-8.320702179121094
-8.307033404339144
-8.293365295641856
-8.193890411828612
-8.266031148162325
-8.252365106251116
-8.238699747765915
-8.225035081422362
-8.211371126218173
-8.11060722058853
-8.184045315711785
-8.170383471110805
-8.156722348895844
-8.143061940636827
-8.12940224845237
-8.115743289913796
-8.102085048012936
-8.08842755085583
-8.074770777975687
-8.061114757602217
-8.047459472744642
-8.033804941208107
-7.930241211573795
-8.006498136930947
-7.992845877382331
-7.979194369729394
-7.965543642646213
-7.951893675610124
-7.938244497425623
-7.924596091108377
-7.81930461595203
-7.897301651376689
-7.8836556124132295
-7.87001037997909
-7.8563659370792855
-7.84272231298806
-7.82907948713908
-7.815437480025635
-7.801796301442134
-7.694556748555196
-7.774516417412403
-7.760877715781253
-7.652987775857993
-7.73360283573695
-7.719966657614099
-7.7063313438761565
-7.692696877593054
-7.679063281565825
-7.665430547811145
-7.651798688704362
-7.638167696284143
-7.624537580804778
-7.610908363714743
-7.597280024404903
-7.5836525935377255
-7.570026054238488
-7.556400429863003
-7.542775712592577
-7.529151906121104
-7.515529030162504
-7.5019070678588875
-7.488286050430501
-7.474665957271166
-7.461046819765533
-7.4474286211161065
-7.433811381363188
-7.420195104603903
-7.406579783219919
-7.392965441366862
-7.379352062276552
-7.365739677928018
-7.352128267739106
-7.338517863864136
-7.223877537775312
-7.311300045569096
-7.29769265629438
-7.284086274387837
-7.270480924655639
-7.256876590446217
-7.243273304548143
-7.1271013761954505
-7.216069839599881
-7.202469695886585
-7.188870608101551
-7.17527259074631
-7.161675636681311
-7.148079771411459
-7.134484978432919
-7.1208912778363755
-7.107298680287004
-7.093707207660386
-7.080116828408249
-7.0665275739526345
-7.0529394402480285
-7.039352458965928
-7.02576659856813
-7.0121818812784324
-6.998598318269727
-6.985015920812755
-6.97143471148186
-6.957854658761597
-6.9442757949037714
-6.930698116331995
-6.917121631883961
-6.903546381111411
-6.8899723159312245
-6.876399471852284
-6.862827860809228
-6.849257506134664
-6.835688376385247
-6.822120504707397
-6.808553888051444
-6.794988535815803
-6.781424488700778
-6.767861698363917
-6.754300201387045
-6.740740010434516
-6.7271811352861155
-6.713623587751117
-6.700067358808412
-6.686512460379004
-6.672958902483484
-6.659406727059849
-6.533774305926537
-6.6323064156614615
-6.618758330896915
-6.605211641686169
-6.591666360728995
-6.57812247933444
-6.564580010330293
-6.551038964429544
-6.537499384908086
-6.523961223008747
-6.510424517730426
-6.496889283430703
-6.4833555312878195
-6.469823274985566
-6.45629250622489
-6.442763238836404
-6.429235484305807
-6.415709257601051
-6.402184599100804
-6.388661459895821
-6.3751398850878775
-6.361619886679247
-6.348101479444053
-6.334584655547533
-6.321069429932504
-6.3075558149498185
-6.294043826623198
-6.28053350681686
-6.148706571959154
-6.253517772533659
-6.240012417703807
-6.226508742610659
-6.213006786267671
-6.1995065185558715
-6.186007968231253
-6.172511152494593
-6.159016114836662
-6.14552280627094
-6.132031275287711
-6.118541535853652
-6.105053589587449
-6.091567477012282
-6.078083168530043
-6.06460069427939
-6.051120072778625
-6.037641322743489
-6.024164474961232
-6.010689500175734
-5.997216440091798
-5.983745297541595
-5.97027611471707
-5.956808862666269
-5.943343573069328
-5.929880265924323
-5.916418961449183
-5.90295969203769
-5.889502429159617
-5.876047216324511
-5.862594057751113
-5.8491429974846545
-5.835694007368627
-5.822247120808894
-5.808802359473356
-5.795359745275429
-5.781919312410254
-5.768481033238159
-5.755044953280997
-5.741611078347266
-5.728179426738899
-5.7147500547089125
-5.701322914169275
-5.6878980564924655
-5.674475505514459
-5.661055297460754
-5.647637405779432
-5.63422187824788
-5.6208087225047665
-5.6073979586428955
-5.593989645694593
-5.580583736177403
-5.567180284150063
-5.55377931563968
-5.540380851910183
-5.526984919522581
-5.51359151700961
-5.500200671388402
-5.486812404815224
-5.473426779439696
-5.460043748608723
-5.446663369406754
-5.433285681926001
-5.419910663432584
-5.406538424236118
-5.393168871914141
-5.37980211754866
-5.366438150895896
-5.35307701425494
-5.339718708772228
-5.32636325397538
-5.313010710782796
-5.29966106395602
-5.286314422570767
-5.272970694701226
-5.259629996096019
-5.246292318705145
-5.232957678248064
-5.219626168644797
-5.206297722200695
-5.192972433609713
-5.179650290228626
-5.166331406067526
-5.15301569005467
-5.139703263190597
-5.126394120080385
-5.113088279941931
-5.09978584138224
-5.086486738604078
-5.073191071118585
-5.059898829422481
-5.046610101916851
-5.033324892464012
-5.020043234399338
-5.006765156764625
-4.993490682924311
-4.980219916867443
-4.966952795279359
-4.953689423214771
-4.940429794989545
-4.927174004698479
-4.913922060247928
-4.9006739996472
-4.887429856603741
-4.874189659434976
-4.860953518371233
-4.847721373324337
-4.834493335793189
-4.821269404767412
-4.808049680993003
-4.79483417731215
-4.7816229373426005
-4.768416000416833
-4.75521340082114
-4.742015222972431
-4.728821510355185
-4.71563228265284
-4.702447577747194
-4.68926750424057
-4.676092081050663
-4.662921358593892
-4.649755383053754
-4.636594195980391
-4.623437889631252
-4.610286515439656
-4.5971400995790725
-4.583998687938901
-4.570862398516442
-4.557731249731191
-4.544605324483675
-4.3861968094679975
-4.376180495606526
-4.366172836239042
-4.356173912126243
-4.346183637034133
-4.336202061285573
-4.32622934076902
-4.316265406419385
-4.306310376960705
-4.296364153330448
-4.286426800980977
-4.27649838333362
-4.266578848623372
-4.256668419797455
-4.24676678702996
-4.236874193136406
-4.226990538094142
-4.217115911743529
-4.2072501793797805
-4.197393372520781
-4.18754551729827
-4.1777065211161535
-4.1678765679799135
-4.158055297085356
-4.148242907349572
-4.138439245440672
-4.128644348602704
-4.118858021833906
-4.109080236250814
-4.099310953143935
-4.089550009703219
-4.079797520125775
-4.070053040222528
-4.060316690649601
-4.050588228661513
-4.040867512278765
-4.031154511278202
-4.021448829021916
-4.011750405972792
-4.002058962157294
-3.992374492568685
-3.9826964183488047
-3.9730247272748387
-3.963359030318542
-3.953699033166538
-3.944044546728321
-3.934395002030293
-3.9222091992580532
-3.90944334101821
-3.896687939562022
-3.883943134165717
-3.8712091035965246
-3.858486026110997
-3.845774082641264
-3.833073552642902
-3.820384514055971
-3.8077072572719155
-3.795041945027886
-3.782388868382945
-3.7697482145787817
-3.7571202127236907
-3.7445050934807287
-3.731903092981657
-3.7193145495615694
-3.7067395965260928
-3.6941785875927238
-3.6816317482809215
-3.669099438162135
-3.6565819122439986
-3.6440794706037294
-3.6315924180301185
-3.619121068715766
-3.6066657983564268
-3.594226956639736
-3.581804850352973
-3.5693998405794436
-3.5570123842279404
-3.5446428339577856
-3.5322915919654965
-3.519959069988666
-3.507645694815541
-3.495351958984518
-3.483078335984366
-3.4708252551158596
-3.458593211070817
-3.446382801632465
-3.4341945065798574
-3.4220289245711184
-3.4098865765741553
-3.397768069740537
-3.385674067472314
-3.3736052241992995
-3.361562149841475
-3.349545534752731
-3.3375561822354394
-3.3255947800288133
-3.3136621510279842
-3.301759039601875
-3.28988629510139
-3.278044829837244
-3.266235561061563
-3.254459361874649
-3.2427172055203193
-3.2310101905570106
-3.219339303999855
-3.2077056882657673
-3.196110405895272
-3.1845546476819284
-3.1730396743055898
-3.1615666939107037
-3.150137164473619
-3.138752222603047
-3.127413437594908
-3.116122194593676
-3.104880054218933
-3.0936884887056224
-3.0825491209051243
-3.0714636424679456
-3.0604336968527788
-3.049461189566143
-3.0287458782690186
-3.020738439480539
-3.0127326767191827
-3.004729331141724
-2.995522447142154
-2.984932960573333
-2.974414236446357
-2.9639682647602905
-2.95359727886818
-2.9433030983232893
-2.9330879933235945
-2.9229539613539712
-2.91290307308101
-2.902937483466781
-2.893059027403078
-2.8832697879304185
-2.8735716348582
-2.8639665365109828
-2.8544562396086715
-2.8450424286629543
-2.835726714466909
-2.8265106023130095
-2.817395689971235
-2.808382975357114
-2.7994738645092503
-2.7906692053319504
-2.7819700268363463
-2.773377120840565
-2.764890950318899
-2.7565120576489894
-2.748240728121057
-2.7400773434912966
-2.7320216295909394
-2.7240737566612045
-2.7162333030831034
-2.7085000680075524
-2.7008736471910435
-2.693353303289225
-2.6859384664222126
-2.6786283535512134
-2.6714222877874265
-2.664319222332236
-2.657318299816388
-2.6504183600748483
-2.6436185060384525
-2.6369177282774285
-2.630314721661106
-2.6238084706559532
-2.617397812799843
-2.61108177015913
-2.6048590426304283
-2.598728619675888
-2.5926892164221527
-2.5867398902459096
-2.580879531792
-2.575107206420841
-2.5694216496208084
-2.5638219437557055
-2.558307272410332
-2.5528764993191135
-2.547528839538073
-2.5422632128812763
-2.5370789200459978
-2.531975104397527
-2.5269511021741993
-2.5220058848337805
-2.5171388175214107
-2.512349355682451
-2.5076366073004572
-2.5030000740671934
-2.49843891305939
-2.493952683289645
-2.4895407786049213
-2.4852027880250875
-2.4809378889766522
-2.476745687474703
-2.4726258602047015
-2.4685776459355973
-2.4646009306578716
-2.460694878716372
-2.456859288251563
-2.453093728770119
-2.4493979652625977
-2.4457713047740888
-2.4422135166992174
-2.438724422950069
-2.4353033737611756
-2.431950394134232
-2.428664755825311
-2.425446368672963
-2.422294910127764
-2.4192100677130983
-2.416191779827336
-2.4132393553729914
-2.4103528926883846
-2.407531798138109
-2.4047761843511104
-2.4020853818406223
-2.3994593658539607
-2.3968978778506904
-2.3944006657201973
-2.391967722615669
-2.389598398645645
-2.3872928552084045
-2.385050522191612
-2.3828715700242964
-2.380755360119128
-2.378701907107576
-2.376710991668622
-2.3747823988675827
-2.3729161554949307
-2.3711116331867985
-2.3693690377645935
-2.3676878053046084
-2.3660679401786067
-2.364509442871
-2.3630117306535117
-2.3615748176187
-2.360198513381784
-2.358882867147003
-2.3576272616482368
-2.3564319366472235
-2.3552963255143555
-2.3542204580814143
-2.353204363404189
-2.3522474562269937
-2.3513497753560224
-2.350511147469536
-2.3497316179371417
-2.349010633746857
-2.3483484025701746
-2.347744370104662
-2.3471985858912645
-2.346711100653907
-2.3462813236558846
-2.3459093123227857
-2.3455949051638845
-2.3453381641526616
-2.3451385215703913
-2.3449962224669547
-2.3449106973503495
-2.344882010833452
-2.3449100064432207
-2.3449947560060656
-2.345135660911941
-2.345332790538135
-2.345586219042155
-2.3458953633376822
-2.346260498660668
-2.3466810399340847
-2.3471570626988068
-2.3476884159182885
-2.3482751806256577
-2.3489167504775135
-2.3496132047511638
-2.350364625811564
-2.351170415897218
-2.352030873183218
-2.352945397945735
-2.3539140729513983
-2.3549367496907263
-2.3560135146284313
-2.357143753906452
-2.3583275527708594
-2.3595649983457734
-2.3608554774384496
-2.362199312202224
-2.3635958823584873
-2.3650452774658213
-2.3665473494643123
-2.3681021872760986
-2.3697091705770266
-2.371368387496342
-2.373079927142447
-2.374843168492399
-2.3766584375600828
-2.378525110369962
-2.380443276325753
-2.3824127866175826
-2.384433492393764
-2.3865054830937162
-2.388628133163952
-2.390801769810657
-2.393003200803071
-2.395290432632705
-2.3976226964518634
-2.4000000953674294
