-14.000000000000009
-13.990010013176398
-13.980040104765743
-13.970090353314319
-13.960160840154913
-13.950251643002845
-13.940362846296495
-13.930494531643049
-13.920646779287008
-13.910819671375227
-13.901013298428621
-13.891227742203231
-13.881463087588143
-13.871719423382705
-13.86199683599883
-13.852295407227835
-13.842615241419935
-13.832956416583253
-13.823319017179596
-13.813703151540553
-13.804108906095232
-13.794536373178945
-13.784985645064664
-13.775456818657903
-13.765949990078642
-13.756465259550094
-13.747002718399406
-13.737562469697476
-13.72814461560017
-13.718749241486696
-13.709376470836593
-13.700026398179832
-13.690699135924708
-13.681394763705082
-13.67211342045634
-13.662855179372942
-13.653620162401383
-13.644408501200488
-13.635220267105845
-13.626055610618131
-13.616914608007162
-13.607797407045508
-13.598704087545409
-13.589634799928502
-13.580589624400943
-13.57156871960161
-13.56257216471495
-13.55360010787236
-13.544652670449551
-13.53572996330732
-13.526832130938798
-13.517959265091093
-13.509111533891856
-13.500289025856738
-13.491491913059344
-13.482720283133187
-13.473974319573385
-13.465254099276018
-13.456559786623853
-13.447891541343065
-13.439249455520349
-13.43063371796186
-13.422044423388737
-13.4134817674968
-13.404945850272128
-13.396436804595144
-13.38795484333149
-13.379500082475456
-13.371072671716549
-13.362672717029184
-13.354300474628975
-13.34595603122074
-13.337639531278205
-13.329351203815676
-13.321091170289218
-13.312859596649725
-13.304656603953426
-13.296482458842767
-13.288337260682226
-13.280221214403642
-13.272134420120713
-13.264077160400566
-13.256049563613026
-13.248051759270544
-13.2400840379593
-13.23214650914396
-13.224239393797596
-13.216362796950305
-13.208517042930838
-13.200702258838554
-13.192918622892975
-13.185166318333211
-13.177445610797609
-13.169756689055907
-13.162099690104432
-13.154474905879283
-13.146882514479607
-13.139322747786728
-13.131795751979734
-13.124301831254225
-13.116841192591858
-13.109414020994148
-13.102020535879038
-13.0946610471809
-13.087335716540156
-13.080044772353673
-13.072788512807044
-13.065567178582903
-13.058380961065284
-13.051230101195609
-13.044114927211007
-13.037035671242073
-13.029992575638552
-13.02298582724792
-13.016015843270685
-13.009082795020266
-13.002186947997906
-12.995328663561773
-12.988508151568112
-12.981725707974753
-12.97498159013713
-12.968276194514843
-12.96160972102342
-12.954982524212506
-12.948394805066172
-12.941847032287209
-12.935339439678526
-12.928872320332761
-12.922446027504677
-12.91606077928202
-12.909717129732451
-12.903415294912621
-12.897155590311394
-12.890938393820287
-12.88476406832211
-12.878632951000505
-12.872545383811374
-12.866501638090423
-12.860502312104572
-12.854547688964328
-12.848638131952836
-12.842774009567322
-12.8369557272273
-12.831183719022423
-12.825458233139479
-12.819779940570047
-12.814149109190097
-12.808566174386444
-12.803031601887621
-12.797545800097659
-12.792109183191371
-12.786722130561525
-12.781385293862186
-12.776099067366207
-12.770863892110206
-12.765680215413676
-12.76054855894335
-12.755469426493585
-12.750443295756899
-12.745470531969191
-12.740551899271864
-12.735687818144596
-12.730878830557186
-12.726125452304409
-12.721428206810382
-12.716787659737836
-12.712204267625793
-12.707678861222245
-12.703211873877368
-12.698803838276248
-12.694455460034119
-12.690167289895943
-12.68593994212653
-12.681773888069998
-12.677670007113583
-12.673628902923946
-12.66965117084315
-12.66573747205424
-12.661888477461478
-12.658104809344309
-12.654387274894257
-12.650736357571542
-12.647153085642822
-12.643638021931888
-12.640191837423838
-12.636815394385817
-12.63350938512657
-12.630274510898158
-12.62711156440703
-12.624021413164826
-12.621004873645676
-12.618062689708067
-12.615195614372768
-12.612404602618609
-12.60969042983085
-12.607053772781677
-12.604495837197348
-12.602017256847503
-12.599619046337693
-12.59730203390297
-12.595067124416287
-12.59291523371177
-12.590847206294116
-12.588863975636956
-12.586966743433246
-12.585156301781598
-12.583433620329599
-12.581799593701055
-12.580255382635576
-12.578801932181216
-12.5774399897952
-12.57617101328541
-12.574995740221746
-12.573915417438911
-12.572930944765067
-12.572043318553037
-12.571253786018467
-12.570563116140649
-12.569972818938309
-12.569483802570689
-12.56909700508835
-12.56881375024106
-12.56863505354605
-12.568562030296702
-12.56859580106754
-12.568737199394793
-12.568987936307236
-12.569348855232805
-12.569821092334864
-12.570405786150909
-12.571103974219394
-12.571917002378786
-12.572845707830995
-12.573891635223223
-12.575055723317012
-12.57633900299465
-12.577742858939676
-12.579268243128714
-12.580916209085016
-12.582687956609208
-12.584584658603905
-12.586607505431038
-12.58875752388991
-12.591035613249097
-12.593443117938815
-12.595980992751482
-12.59865029320359
-12.601451836694423
-12.604386979990938
-12.607456748310916
-12.610662019412601
-12.61400349951942
-12.617482962265665
-12.621100174597457
-12.624857275171218
-12.628754097243208
-12.632792377234606
-12.636972264326685
-12.641294676666144
-12.645761283575474
-12.650371629012534
-12.655127476070971
-12.66002877479158
-12.66507685077326
-12.670271581589203
-12.675614086899108
-12.681105336940618
-12.68674514456494
-12.692534695031874
-12.698473721975288
-12.704563634248856
-12.710803661851337
-12.717195573820796
-12.723738383488195
-12.730433024089594
-12.737280407470154
-12.744279409421914
-12.751431661683181
-12.758736084293705
-12.766193813796146
-12.773804133685188
-12.781567198052581
-12.789484040860325
-12.797553222235905
-12.805775859662635
-12.814150983621099
-12.822679197893102
-12.831359449078587
-12.840192102002705
-12.849177364806533
-12.858314112197611
-12.867602795231976
-12.877042209934244
-12.886633090469683
-12.896373660131058
-12.90626453115478
-12.916305361732189
-12.926494725639813
-12.936833370636887
-12.947319203213237
-12.957953283024551
-12.968733582206726
-12.979660112381747
-12.990732875200452
-13.00194974644468
-13.013311705939985
-13.024816444329955
-13.036464545521312
-13.04825427020642
-13.060184966065952
-13.072256976546766
-13.084467993170545
-13.096818414939115
-13.109306439532537
-13.121932067658356
-13.134693459399791
-13.147590986531622
-13.160622218631424
-13.17378742289175
-13.18708583452638
-13.200515499550356
-13.214076892077511
-13.227767386319934
-13.241587850841555
-13.255535756545713
-13.26961087143813
-13.283812971382922
-13.298139496021072
-13.312591323642554
-13.327165763190004
-13.341863294051619
-13.356681869698257
-13.371620680562748
-13.386679995741648
-13.401857207599265
-13.417152707653452
-13.432564468153616
-13.448092480206656
-13.463734536312064
-13.479490789268478
-13.495360463741415
-13.511341662781781
-13.527434413515904
-13.543636818842305
-13.559948922589387
-13.57636851404696
-13.592895791801928
-13.609530024015793
-13.626269003270568
-13.643113764037594
-13.660061157872367
-13.677112239187771
-13.694264808079836
-13.711518488730167
-13.728872919835913
-13.746325909285435
-13.763878562475849
-13.781527750092616
-13.79927459878488
-13.817116927972513
-13.835054943793569
-13.853086472991967
-13.871211846022721
-13.889430468827303
-13.907740490894101
-13.926142174350755
-13.944633675338984
-13.96321527856337
-13.981884836334068
-14.000642739305508
-14.01948846081544
-14.038419864692147
-14.057438219723618
-14.076540469831336
-14.09572790479385
-14.114998402374855
-14.134351796532997
-14.153787936248238
-14.173304712435993
-14.192903460545033
-14.212581162812072
-14.232339174772333
-14.252175400635789
-14.272089435313607
-14.29208179580453
-14.312150397315019
-14.332295734672472
-14.352516031834947
-14.372811804725066
-14.393181282928094
-14.413624127026038
-14.434140904118395
-14.454729553875074
-14.475390643794073
-14.496122122575663
-14.516925459962291
-14.537797729087714
-14.558740417088682
-14.579751483020276
-14.60083095800739
-14.621978886595617
-14.643193220680057
-14.664475536952164
-14.685822872832983
-14.707236820512891
-14.7287153769981
-14.750258252881059
-14.771866185555508
-14.793537144791083
-14.815271851142704
-14.83706858014549
-14.858928070179791
-14.88084859990125
-14.902830043185759
-14.924873035800076
-14.946975696541823
-14.969138678525296
-14.991360106001162
-15.013641547824625
-15.035980172606122
-15.058377022673449
-15.080832003564302
-15.103343406518421
-15.125912070971719
-15.14853601030398
-15.171216919269572
-15.193952003955754
-15.21674199241381
-15.23958769838704
-15.26248631722705
-15.28543956747043
-15.308445472897757
-15.331504942447964
-15.354616275962234
-15.37777947137357
-15.400995606857448
-15.42426191670582
-15.447580144719648
-15.470948350897178
-15.494367446552827
-15.51783549895145
-15.541354261175991
-15.564920999685414
-15.588536804145958
-15.612201739852587
-15.635914110796655
-15.659674924334094
-15.683482233630393
-15.707337812402718
-15.731238963259699
-15.755186557646729
-15.7791814047488
-15.803220843010486
-15.827306663088066
-15.851436923121241
-15.875612688099233
-15.899832261953199
-15.924095787693068
-15.948404371614503
-15.972755383704257
-15.997150576405973
-16.02158808775171
-16.046068953341518
-16.07059131495712
-16.09515599565741
-16.119763201636115
-16.144411234229597
-16.169101229157793
-16.19383148699454
-16.218603154618705
-16.243414309328436
-16.268265853760926
-16.293157982398245
-16.318088790547517
-16.343060108583753
-16.368069361173855
-16.393118385620898
-16.41820526065833
-16.44333045434712
-16.46849444275409
-16.493695310148738
-16.518934897874516
-16.544210660397955
-16.56952444550265
-16.59487434920422
-16.620261575584525
-16.64568422547358
-16.6711432069337
-16.696638823616816
-16.722169364348634
-16.747736083441527
-16.773337268317224
-16.798974182662846
-16.824644917418485
-16.850350399142354
-16.876090928917492
-16.90186464386455
-16.92767337179011
-16.95351464199041
-16.979390321237222
-17.00529849973421
-17.031239723668733
-17.057213602053757
-17.083222005944396
-17.109261138549755
-17.135332330493053
-17.161435546594507
-17.187572658477226
-17.213739350627883
-17.2399374979846
-17.26616706531528
-17.292427692679837
-17.3187207339572
-17.34504291684078
-17.371395595909814
-17.397778415760165
-17.424191374060175
-17.450636324706437
-17.477108998251538
-17.503611252733148
-17.530143084195252
-17.556705870500416
-17.583295840586253
-17.609914853197427
-17.636562580138936
-17.663238698310106
-17.689945073217164
-17.7166779289707
-17.743438668933056
-17.770227294115934
-17.7970437820398
-17.823889561587837
-17.85076083752698
-17.877659497130765
-17.904585227939695
-17.931539468639752
-17.958518873600134
-17.98552488181805
-18.012557198701746
-18.039615808786266
-18.066702603163918
-18.09381335890569
-18.120949969723704
-18.148112418786997
-18.175302177290224
-18.202515448313225
-18.22975412437896
-18.257017920998873
-18.284306558525813
-18.311621933695623
-18.338960246074517
-18.366322987466898
-18.393710146752987
-18.42112172530647
-18.448559214650583
-18.47601883064641
-18.503502454486135
-18.5310098261958
-18.558542456493008
-18.586096931967155
-18.613674763403644
-18.641275696192572
-18.668899734504876
-18.696548763129545
-18.724218623753707
-18.751911203976366
-18.779626505608768
-18.807364282257502
-18.83512607251372
-18.862908435428306
-18.890712909587155
-18.918539261759545
-18.946389382407865
-18.97425947865251
-19.00215109844449
-19.030064245825123
-19.057998911952126
-19.085956659997027
-19.113933687602124
-19.141931894441576
-19.169951056060246
-19.197990951980554
-19.226053484837582
-19.254134849029835
-19.282236624330114
-19.31035880527554
-19.33850329264091
-19.366665969543334
-19.394848738682388
-19.423051592626333
-19.45127432533371
-19.479518532609344
-19.507780714782264
-19.536062467537274
-19.564363590067085
-19.592685985793022
-19.62102584692701
-19.64938478283904
-19.67776278884281
-19.7061598655393
-19.734577624260297
-19.76301226556909
-19.79146568368753
-19.819937690636408
-19.848428101746425
-19.87693881401901
-19.90546602461608
-19.93401135965048
-19.962574820979405
-19.991158303983234
-20.019757739788044
-20.048375025726397
-20.07701016137217
-20.1056629695678
-20.13433509491801
-20.163022985446887
-20.191728285578993
-20.220450826910557
-20.24919060494232
-20.27794952132952
-20.306723520442656
-20.335514505489606
-20.364322470008936
-20.39314907552274
-20.421990511470643
-20.450848679168647
-20.479723417250923
-20.508614567341283
-20.537524032634693
-20.5664479999064
-20.595388142944667
-20.62434445690901
-20.653318843112697
-20.68230726702979
-20.711311631400747
-20.74033192947807
-20.769368012477862
-20.798421566645157
-20.8274889938859
-20.856571980239895
-20.885670381501615
-20.91478419608782
-20.943915321195593
-20.973059739859117
-21.002219350794437
-21.031394150385477
-21.060585836706174
-21.08979059874129
-21.11901033358546
-21.148244905616124
-21.177494181717105
-21.20676006072097
-21.236038729039695
-21.265331895528494
-21.294639557154213
-21.32396170631078
-21.35330005843802
-21.38265079764605
-21.412015823816912
-21.441395009745158
-21.47079007719898
-21.50019738777804
-21.52961866304292
-21.559053781720564
-21.58850273717327
-21.61796742897604
-21.647443869325908
-21.676933958951036
-21.706437689518083
-21.73595673956894
-21.765487456417155
-21.795031574056498
-21.82458903174223
-21.854159769100285
-21.883745526905027
-21.91334264487783
-21.942952760597876
-21.972576022012962
-22.00221226668221
-22.031863342102646
-22.061525279528208
-22.091200127000874
-22.12088772698708
-22.15058983153578
-22.18030276730312
-22.21002828614254
-22.23976633225012
-22.26951675653407
-22.299281597870866
-22.329056803131706
-22.358844408543078
-22.38864426714028
-22.418456325081113
-22.448282346136207
-22.478118643321167
-22.50796698021921
-22.53782721781283
-22.56770138363999
-22.597585526205407
-22.627481499993443
-22.657389170269052
-22.68730865347479
-22.71724163911575
-22.747184428688474
-22.77713879565176
-22.80710469012381
-22.837082062511875
-22.867072691670014
-22.897072872994457
-22.927084308383726
-22.957107103652614
-22.98714303957277
-23.017188255370616
-23.047244535868863
-23.07731198235788
-23.107390473082887
-23.137481795833693
-23.167582235545577
-23.19769357984409
-23.227815782709758
-23.25795063572366
-23.288094419380176
-23.318248857158682
-23.348414040604574
-23.37858985639203
-23.408778166702284
-23.438975048619007
-23.46918249619313
-23.49940039967822
-23.529628652084078
-23.559869244509077
-23.590118256385054
-23.62037755166099
-23.650647026750807
-23.680928668856975
-23.711218500857438
-23.74151850801247
-23.77182858827129
-23.80214870027272
-23.832480652190082
-23.862820705089366
-23.893170667006395
-23.923530441669996
-23.953900101034126
-23.984281455585766
-24.014670651774466
-24.045069503304592
-24.075478078538072
-24.105898138605717
-24.13632593628265
-24.166763286712495
-24.19721015138168
-24.22766649198541
-24.258134127539055
-24.288609306451523
-24.31909379880145
-24.34958766524789
-24.38009272617165
-24.410605130508987
-24.441126701568223
-24.471657496749298
-24.502197432267977
-24.53274833354261
-24.56330644153798
-24.59387358156277
-24.624449717899306
-24.655034771619086
-24.685630701718463
-24.71623357258502
-24.74684534170031
-24.77746593135277
-24.808097214033104
-24.83873530052227
-24.869382145381103
-24.900037673470436
-24.93070181161966
-24.961376512274814
-24.992057887948985
-25.022747812406422
-25.053446214914143
-25.08415313801721
-25.114870381327822
-25.14559417175329
-25.176326346807755
-25.207066874171538
-25.23781759379428
-25.268574729894898
-25.299340122341324
-25.330113705625198
-25.36089551635083
-25.391687396117085
-25.422485499393694
-25.453291670059354
-25.484105942219074
-25.51493012817741
-25.54576044643085
-25.576598741886414
-25.60744498431654
-25.63829914364731
-25.669163067502616
-25.70003297138877
-25.730910673914725
-25.761796203817934
-25.792689502616387
-25.823592448223387
-25.85450116966113
-25.885417600666866
-25.91634168474801
-25.94727527386315
-25.978214578631952
-26.00916145104585
-26.040115862866045
-26.071077760993685
-26.102049075480352
-26.133025914001472
-26.164010205592138
-26.19500189801657
-26.22600096387301
-26.257009259873662
-26.28802299145409
-26.319044015220147
-26.35007228209116
-26.381109717709187
-26.412152458341474
-26.443202384776818
-26.474259449630065
-26.505323669443907
-26.536396883297947
-26.567475292323284
-26.59856075718025
-26.629653252184948
-26.660752751783555
-26.69186111870033
-26.722974551865576
-26.754094895170226
-26.785222161248715
-26.816358213623676
-26.847499212805506
-26.878647023871615
-26.90980165779032
-26.940963072295567
-26.972133133440334
-27.00330803651163
-27.034489647578436
-27.06567794265822
-27.096874789385666
-27.128076381397573
-27.15928457087155
-27.19049936536457
-27.221720725870952
-27.252950536391953
-27.284184944648235
-27.315425864135975
-27.346673257148826
-27.37792708705924
-27.409189266323935
-27.44045594364364
-27.471729003793268
-27.503008411431967
-27.534296077713243
-27.565588140067483
-27.596886509017324
-27.62819114984539
-27.659502040647656
-27.690821055215963
-27.72214438090132
-27.753473891529833
-27.78480955444774
-27.816151370768704
-27.847501215227723
-27.878855251940394
-27.910215356783002
-27.941581529737377
-27.972955636649473
-28.00433386228476
-28.035718083088735
-28.067108278449403
-28.098504427851445
-28.129908409081807
-28.161316405619264
-28.192730286437396
-28.224150049206873
-28.25557757225412
-28.28700902093083
-28.318446274562756
-28.3498893298876
-28.381338158886425
-28.4127946416156
-28.444254959469127
-28.475720992511743
-28.507192721417233
-28.538670119855304
-28.57015509037893
-28.601643785172815
-28.63313810638343
-28.664638028168728
-28.69614543906122
-28.72765649939638
-28.75917311054536
-28.790695247564003
-28.822222886111863
-28.853757927015135
-28.885296531288713
-28.916840588050846
-28.948390073807467
-28.97994498134272
-29.011507189425295
-29.043072875818247
-29.07464392481558
-29.10622031867577
-29.137803942429993
-29.169390973227532
-29.200983296138755
-29.232580889421573
-29.264183744470312
-29.295793746933505
-29.32740706491595
-29.359025584748164
-29.390649297281115
-29.422280085190007
-29.453914124378098
-29.485553301573685
-29.51719760002564
-29.548847003056594
-29.58050339819128
-29.61216296073659
-29.6438275752262
-29.675497231440367
-29.707171909934956
-29.73885350181026
-29.77053817349931
-29.802227821720823
-29.833922427659488
-29.865623880239653
-29.897328353859066
-29.929037737500998
-29.960752015404182
-29.992471169723707
-30.02419709655982
-30.05592596142169
-30.08765966025477
-30.119398175553453
-30.15114149195784
-30.18289149978165
-30.214644372645516
-30.2464020009276
-30.278164367976867
-30.309933369271548
-30.341705173530297
-30.373481673194018
-30.405262852098677
-30.43704869815765
-30.468841101412973
-30.500636234986516
-30.532435990366935
-30.564240353021056
-30.59604930847701
-30.627864748709772
-30.659682846642774
-30.691505493453285
-30.723332676696973
-30.755166288635873
-30.787002500461416
-30.818843204766015
-30.85068838900229
-30.88253803849108
-30.914394046113298
-30.94625258456867
-30.978115546816685
-31.009982919152446
-31.041856594820707
-31.073732746475386
-31.10561326704661
-31.137498143874854
-31.169387363111486
-31.201282818737038
-31.233180682452947
-31.26508284895044
-31.29698930471255
-31.328900036370463
-31.360816938637093
-31.3927361835324
-31.424659665416637
-31.456587371212482
-31.488521195687873
-31.520457311045433
-31.552397612092154
-31.584342085976743
-31.61629072002618
-31.648245408908064
-31.68020232548318
-31.712163364510253
-31.744128513489482
-31.77609776007216
-31.808072999199627
-31.840050403856555
-31.872031869115713
-31.904017382776985
-31.936008840005638
-31.968002413989097
-31.999999999999947
