-15.999999999999984
-15.984007627628262
-15.96803054108502
-15.952068786361478
-15.936122409653969
-15.920191457292058
-15.90427597588518
-15.888376012166123
-15.872491613029746
-15.856622825500347
-15.840769697150913
-15.824932275317124
-15.809110607739068
-15.793304742316012
-15.777514727111036
-15.761740610101638
-15.745982440591856
-15.730240266570926
-15.714514136410735
-15.698804100568514
-15.683110207422498
-15.667432506638086
-15.651771047963756
-15.636125881271633
-15.620497056472137
-15.604884624079439
-15.589288634525134
-15.5737091382897
-15.55814618688868
-15.542599829840762
-15.527070120533216
-15.511557109936177
-15.496060850399378
-15.480581391201316
-15.465118788703373
-15.4496730907076
-15.434244351852106
-15.418832627732424
-15.403437967419782
-15.388060427322175
-15.372700057225089
-15.357356915310902
-15.342031051064742
-15.326722523967186
-15.311431381845173
-15.296157685745857
-15.280901485788874
-15.26566283873856
-15.250441802096658
-15.23523842737254
-15.220052775327495
-15.204884896037022
-15.189734852583314
-15.174602693948822
-15.159488484121182
-15.144392274030784
-15.129314127414103
-15.114254094071192
-15.09921223472001
-15.084188612197275
-15.069183277274197
-15.054196296334004
-15.039227719427583
-15.0242776141312
-15.009346034363046
-14.994433033311504
-14.97953868568152
-14.964663044268454
-14.949806169478101
-14.934968111780586
-14.920148949664043
-14.905348735653021
-14.89056752169297
-14.875805388908947
-14.861062388350337
-14.8463385834844
-14.831634028632003
-14.816948800765545
-14.802282955481097
-14.787636556721532
-14.77300965762273
-14.758402340484006
-14.743814662275806
-14.729246673997524
-14.714698463888164
-14.700170086177057
-14.68566160216406
-14.671173068087016
-14.656704571753357
-14.642256170445334
-14.627827926221233
-14.613419899007495
-14.599032177077927
-14.584664812200574
-14.570317867284611
-14.55599142560445
-14.541685546902547
-14.527400301296305
-14.513135744511896
-14.498891968258512
-14.484669031490094
-14.470467003066775
-14.456285938054195
-14.442125937504267
-14.427987053337935
-14.413869346064404
-14.39977291102669
-14.38569781214139
-14.371644112119515
-14.357611879205983
-14.343601206663458
-14.329612154646345
-14.31564480295994
-14.301699198534193
-14.28777545464867
-14.273873620283007
-14.259993765635274
-14.246135991285088
-14.232300353657918
-14.218486934751608
-14.204695789193762
-14.190927034001678
-14.177180713680656
-14.163456920722764
-14.149755703626305
-14.136077182495391
-14.122421414966368
-14.10878847655355
-14.095178449404793
-14.081591379437274
-14.06802741060256
-14.054486596457233
-14.040968999554275
-14.027474719573323
-14.0140038274662
-14.000556408053699
-13.987132542881179
-13.973732267951856
-13.960355757671321
-13.947003038251545
-13.933674208859783
-13.920369335207416
-13.907088526293188
-13.893831841612416
-13.880599342730674
-13.867391194914305
-13.854207422562723
-13.841048137835514
-13.82791340512211
-13.814803336454021
-13.801717989160302
-13.788657434543598
-13.775621838608565
-13.762611230112835
-13.749625722955212
-13.736665379825874
-13.723730322505913
-13.710820612692682
-13.697936360899357
-13.685077601518529
-13.672244520093075
-13.659437164882252
-13.646655615109369
-13.633899993539393
-13.621170356941851
-13.608466830143751
-13.595789435412563
-13.583138391037968
-13.570513712247406
-13.55791551477416
-13.545343902325719
-13.532798941451036
-13.520280762418299
-13.507789380498881
-13.495325029874298
-13.482887726719293
-13.470477591227247
-13.458094716661874
-13.445739201975694
-13.433411147701873
-13.421110647295686
-13.408837779588037
-13.396592710046695
-13.384375527185878
-13.372186305403469
-13.3600251630364
-13.34789219323743
-13.335787515714554
-13.323711190824804
-13.311663393394893
-13.299644215295618
-13.287653728905278
-13.275692084085446
-13.2637593562075
-13.251855670680781
-13.239981073797336
-13.228135790786848
-13.21631987393285
-13.204533429623194
-13.192776590346154
-13.181049435105823
-13.169352105646489
-13.157684705769839
-13.146047290475279
-13.13444008909644
-13.122863161584243
-13.111316645787578
-13.09980061065473
-13.088315228012934
-13.076860576035312
-13.065436732567337
-13.054043924504606
-13.042682224055474
-13.031351757386512
-13.020052634448168
-13.00878497585591
-12.997548896879902
-12.986344499636036
-12.975171987967308
-12.964031443849859
-12.952922996191868
-12.941846767385588
-12.930802879155337
-12.919791480907366
-12.908812691520598
-12.897866548986215
-12.88695334879997
-12.876073143975002
-12.865226079424405
-12.854412253322119
-12.843631827113947
-12.832884940224192
-12.822171650859284
-12.81149223597485
-12.800846755104693
-12.790235346758475
-12.77965815257191
-12.769115326812338
-12.758606989611746
-12.748133223758819
-12.737694297715397
-12.727290308566273
-12.71692140485466
-12.706587682875018
-12.696289320434014
-12.686026479616224
-12.675799290814163
-12.665607812297347
-12.655452368496881
-12.64533303887092
-12.635249952964415
-12.625203195781737
-12.61519316574164
-12.605219682565668
-12.595283225645549
-12.585383637441662
-12.575521394628066
-12.565696337709985
-12.555908787622704
-12.54615905945156
-12.53644698347034
-12.526773089340772
-12.517137166197896
-12.507539699180542
-12.49798055843374
-12.488460089619059
-12.478978580770375
-12.46953588952726
-12.460132551105088
-12.450768362892713
-12.44144382671636
-12.432158775527723
-12.42291380575774
-12.413708641588537
-12.40454367592127
-12.395419270642254
-12.386335284715843
-12.377292185115778
-12.368289814863868
-12.359328764951137
-12.350408779837524
-12.341530246462415
-12.33269358447693
-12.323898624514902
-12.315145829467673
-12.306435067719047
-12.2977669153685
-12.289141201700346
-12.2805582556888
-12.272018496204755
-12.263521782890379
-12.255068594569256
-12.246658781773752
-12.238292957383166
-12.229970942938342
-12.221693067160789
-12.213459782214667
-12.205270934944375
-12.197127025199244
-12.18902789138538
-12.180974182068937
-12.172965702599795
-12.165002812967352
-12.1570859590324
-12.149214974665636
-12.14139040595733
-12.133612082517645
-12.125880624089069
-12.118195936732613
-12.110558260795159
-12.102968140771862
-12.0954253849876
-12.087930588579859
-12.08048353416084
-12.073084885650156
-12.065734469280244
-12.05843288308342
-12.051179914325186
-12.043976098055854
-12.036821781992309
-12.02971675125011
-12.022661677545774
-12.015656433054087
-12.008701548477607
-12.001796893128498
-11.99494293408151
-11.988140080840811
-11.981388063669957
-11.97468763105741
-11.968038548043744
-11.961441508098655
-11.954896222006083
-11.948403191194714
-11.941962972982484
-11.935575121891645
-11.929240436532352
-11.922958738176673
-11.916730629256874
-11.91055589499863
-11.904435006850356
-11.898368510944938
-11.892355964637618
-11.886398213367997
-11.880494970852663
-11.874646951607986
-11.868853825636425
-11.863116105721026
-11.857434354996025
-11.851808113542404
-11.84623825436416
-11.840724350666946
-11.835267242760445
-11.829866561729096
-11.824522812494711
-11.819236494610056
-11.814007222099509
-11.808835719102884
-11.803721703234075
-11.798665919325499
-11.79366803020473
-11.788728703667251
-11.78384773459449
-11.779025436396157
-11.774262304578759
-11.76955801572054
-11.764913259938055
-11.760327782567828
-11.755802117384956
-11.751336077982721
-11.746929919722664
-11.742584250335437
-11.73829852450633
-11.734073615580783
-11.729909022616187
-11.725805465554217
-11.721762608233213
-11.71778075311925
-11.713860392294691
-11.710000970385675
-11.706203368057372
-11.702467028956145
-11.69879261791531
-11.69517973015413
-11.691628858366999
-11.688140191091172
-11.684713369332153
-11.68134899641737
-11.678046691271929
-11.67480696071488
-11.671629406654517
-11.66851438933393
-11.665462232284572
-11.662472371610578
-11.659545465674492
-11.656681045103733
-11.653879641214182
-11.65114073636288
-11.648464993175308
-11.645851801916592
-11.643301367773867
-11.640814154542884
-11.638389461343872
-11.636027992654489
-11.633728965438591
-11.631493209988628
-11.629319875049863
-11.627209249804688
-11.625161676907094
-11.623176572568527
-11.62125433125726
-11.619394327457732
-11.61759726784552
-11.615862272103985
-11.614189546082265
-11.612579483824797
-11.611031339065404
-11.609545548560316
-11.608121388299796
-11.606759534638455
-11.605459056411464
-11.604220177087662
-11.603043169593041
-11.601927233429826
-11.600872782491598
-11.59987914406807
-11.598946757374536
-11.598074937185757
-11.597263538987367
-11.596513080107439
-11.595822464845655
-11.595192277532435
-11.594621685725418
-11.594111104770343
-11.59365989081934
-11.593267823830114
-11.59293523616968
-11.59266131015265
-11.592446236652789
-11.59228946895813
-11.592191208535716
-11.592150779003804
-11.592168342415132
-11.592243177557958
-11.592375360310738
-11.592564857608659
-11.59281099487348
-11.593113964041192
-11.593473016871254
-11.593888439433167
-11.594359342704145
-11.594885804372927
-11.595467842154477
-11.596104647504749
-11.596796492382994
-11.597542605618013
-11.598343164276539
-11.599197416408801
-11.600105168817228
-11.601066772104938
-11.602081094966172
-11.603148538251011
-11.604268312612039
-11.605440537976024
-11.606664420670313
-11.60793996136104
-11.609267213960935
-11.610645314820204
-11.612074470883856
-11.613553909090886
-11.615083792845526
-11.61666331624911
-11.618292363218334
-11.619971222457577
-11.621698776631064
-11.623475400153648
-11.625300219875864
-11.627173440678614
-11.629094293488762
-11.631062541290737
-11.633078629658769
-11.635141276377485
-11.637251041625674
-11.63940675914718
-11.641609153544177
-11.643856959718732
-11.64615050120496
-11.64848913960898
-11.650872691657035
-11.653301206159716
-11.655773860164444
-11.658291107848981
-11.66085173837767
-11.663456210054775
-11.666103631074968
-11.6687941337584
-11.671527583782275
-11.674303221889833
-11.677121491233802
-11.679981198624795
-11.682882806566049
-11.68582551365638
-11.688809310003595
-11.691833765876773
-11.69489974832523
-11.698005270571981
-11.701150760814727
-11.704335867369863
-11.707561350348406
-11.710825501974389
-11.71412838337368
-11.717470077963831
-11.72085057731915
-11.724269717526168
-11.727726047972093
-11.731220341478378
-11.73475236783731
-11.738321116551937
-11.741928054101319
-11.745570842765789
-11.7492501785632
-11.752965688575916
-11.756718351586999
-11.760506188100461
-11.764329194904096
-11.768187911678302
-11.772081520742123
-11.776011129770323
-11.779974356518537
-11.783972341095279
-11.788004816697905
-11.792070862389776
-11.796171756687176
-11.800305466272228
-11.804472709529232
-11.808672881308496
-11.812907120487438
-11.817173600698116
-11.821472228257107
-11.825803301550858
-11.830166633312267
-11.834562904855316
-11.838989842354302
-11.84344863825398
-11.847939109440373
-11.852461146259936
-11.857013481559742
-11.861596715922886
-11.866210701628981
-11.870854853850261
-11.875530448542381
-11.880235180662492
-11.884969965452026
-11.889734320396045
-11.89452830672602
-11.899352653124218
-11.904205028382119
-11.909086790014033
-11.913997309268602
-11.91893755121023
-11.923905269863457
-11.928901447945666
-11.933925910569684
-11.93897811413201
-11.944059389280136
-11.949167442665757
-11.954303228909662
-11.959466208524317
-11.964656532900463
-11.969874875009964
-11.975119056138016
-11.980390320017106
-11.985688157762185
-11.991013331465645
-11.996364171804059
-12.001741079342095
-12.00714416958433
-12.01257289983085
-12.018028582930352
-12.023508941384632
-12.029014771779302
-12.034546150960175
-12.040102619652622
-12.045685184559465
-12.051291536633613
-12.056923009004548
-12.06257909610715
-12.06826061748251
-12.07396583825548
-12.079695270524136
-12.085448974663617
-12.091226454526392
-12.097029023765032
-12.102854486827697
-12.108703600311948
-12.1145764242471
-12.120473465365553
-12.126393073576956
-12.132335585571552
-12.138301484100278
-12.144290318968679
-12.150302843429818
-12.156337406555338
-12.162394501937897
-12.168474230237045
-12.17457606563196
-12.180701415836976
-12.186848003873063
-12.193016612309405
-12.199207394929909
-12.205420876132681
-12.21165528328164
-12.217911070463549
-12.224188761038851
-12.230487841644106
-12.236809079994469
-12.24315091412214
-12.249513860155334
-12.25589789363507
-12.262302603791646
-12.268729415291249
-12.275175881795526
-12.281643253609932
-12.288131271189682
-12.294640604449892
-12.301169503376334
-12.307718412956572
-12.314287874066478
-12.320877236403373
-12.3274877905037
-12.334117402204223
-12.340766822382081
-12.34743608527835
-12.354125659548956
-12.360834240988488
-12.367562119901535
-12.374309698701758
-12.381076634938305
-12.387863704107472
-12.394669117601978
-12.401493339622208
-12.408336909622609
-12.415199209037187
-12.422081531940249
-12.428981767457529
-12.435900671504477
-12.44283826694859
-12.449795008928081
-12.456769677217318
-12.463762558613784
-12.47077399565374
-12.477803727130375
-12.484852484028387
-12.491918570011292
-12.499002344798463
-12.506104445941931
-12.513224258763271
-12.520363042964563
-12.5275183604092
-12.534691991747833
-12.541883032284172
-12.549092203192009
-12.556318154974047
-12.563561631582099
-12.570822547884278
-12.578100450090842
-12.585397140032242
-12.592709833620294
-12.600039303814455
-12.607386021876227
-12.614750725170172
-12.622131523244
-12.629528884757853
-12.636943674405037
-12.6443749606762
-12.65182348832727
-12.659287945084907
-12.666769069006817
-12.674266776611221
-12.681780637515281
-12.689312442087758
-12.696859408148084
-12.704422333543906
-12.712001694684368
-12.719598262805405
-12.727210107335308
-12.734837704959412
-12.742481955892245
-12.750141914521828
-12.75781840225363
-12.765509993267058
-12.773217549989907
-12.780940916666708
-12.788679688062661
-12.796435676455431
-12.804206106709955
-12.81199180945367
-12.819793187100405
-12.827611115762872
-12.835443613258333
-12.843291162626171
-12.85115466841131
-12.85903322538409
-12.86692751202291
-12.874836545626888
-12.882760713853026
-12.890700075773928
-12.898654180560266
-12.906624577229664
-12.914609387990572
-12.922608411287946
-12.930622811147849
-12.938652981679233
-12.946697120867823
-12.95475573466472
-12.962829455958921
-12.970918223931054
-12.979021840394065
-12.987139659313124
-12.995272069072092
-13.00341909208417
-13.011581266215636
-13.019757365289527
-13.027948231354017
-13.03615281395402
-13.044372260307986
-13.05260700579281
-13.0608551598291
-13.069117325269874
-13.077394107736298
-13.085685435485782
-13.093991170235231
-13.10231064422475
-13.110644258171384
-13.118991995057032
-13.127354479424758
-13.13573040444813
-13.144120722248461
-13.152524278950432
-13.160942319624725
-13.169375233250717
-13.177821184632279
-13.186280725345165
-13.194754471002874
-13.203242434524787
-13.211744409706577
-13.220259746628425
-13.228788850534478
-13.237331767388234
-13.245889045873907
-13.254459459292297
-13.26304379183991
-13.27164130909729
-13.280252850061872
-13.288878972474322
-13.297517815661415
-13.306169942880576
-13.314836019807855
-13.323516503571216
-13.332209780613818
-13.340916586689389
-13.349636986429747
-13.358370903212897
-13.367118936550623
-13.375879880040634
-13.384654209665694
-13.393442159770974
-13.402243551783748
-13.411059392563057
-13.419887706777594
-13.428729171492485
-13.437584383291144
-13.446453872926652
-13.455335929110541
-13.464231413064576
-13.473140346609208
-13.48206263110454
-13.490998963623873
-13.499948059310386
-13.508910459674322
-13.517886327531725
-13.526875594347816
-13.535879232877782
-13.544895270828766
-13.553924385444441
-13.562967199740843
-13.572024268353251
-13.581093858115342
-13.590176845070753
-13.599273282720645
-13.60838307108675
-13.61750690840426
-13.626643518795683
-13.635793489461589
-13.644956949558734
-13.65413479282435
-13.663325190460883
-13.672529016218297
-13.681745987163076
-13.690976744002144
-13.700221890864073
-13.709479658630384
-13.71875093854052
-13.728035826037642
-13.737334231491932
-13.746646847437713
-13.755972308294314
-13.765311565354386
-13.77466441488097
-13.784031887402074
-13.793412219680715
-13.802806285755922
-13.812213960208592
-13.821635987286312
-13.831074173925535
-13.840533931645554
-13.852679871215102
-13.867532394103009
-13.882408221708921
-13.897299712245765
-13.91220587031382
-13.927126407937315
-13.94206125981515
-13.957011238089464
-13.971974359724747
-13.986951507324207
-14.001941702445128
-14.01694671428911
-14.031966486244428
-14.04699912796422
-14.062045499431628
-14.077105545595504
-14.092179210689489
-14.107267360106752
-14.122367182812349
-14.137481382249081
-14.152608986678468
-14.167750897022247
-14.182905154181297
-14.198072660126124
-14.213253331640555
-14.22844625774506
-14.243654154391999
-14.258874141928397
-14.27410712363461
-14.289353049605365
-14.304612795344173
-14.319884461990837
-14.335167998939971
-14.350465208701266
-14.365775117553671
-14.381098630870426
-14.396433793686827
-14.411781486392137
-14.427141713307378
-14.442513472377824
-14.457899527353831
-14.473296996418126
-14.488706786822
-14.50412885255263
-14.519564078572783
-14.535010558284377
-14.550468245508437
-14.565938957606484
-14.581421718568741
-14.59691741660321
-14.612424142715764
-14.62794278507367
-14.643473299898828
-14.659014709865303
-14.674569792507901
-14.690135664252244
-14.705713216928755
-14.721302445731514
-14.736904242901911
-14.75251665908644
-14.768139669856595
-14.783775105434898
-14.79942198866389
-14.81508121524603
-14.830750870243714
-14.846431849702956
-14.862124113031026
-14.877828573473165
-14.893542330071659
-14.909268203578456
-14.925005200789375
-14.940753282012425
-14.956513361636521
-14.97228349326685
-14.98806459161813
-15.003855664399916
-15.019658580242133
-15.035473300902538
-15.051297880974868
-15.067133236233792
-15.082979328846196
-15.09883706344474
-15.114703576403697
-15.130581656810284
-15.146470325645485
-15.162369546135924
-15.178280235352998
-15.194200439508876
-15.210131096433825
-15.226071215839251
-15.242022649551084
-15.257985371836599
-15.273957439892524
-15.289939772066283
-15.305932324646259
-15.321936033695195
-15.337948002886076
-15.35397104194682
-15.370004171204751
-15.386047356393647
-15.4021015096638
-15.418164704782152
-15.434237854062323
-15.450319977085526
-15.466413887501481
-15.482516698111207
-15.49862932314948
-15.514751742507471
-15.530883916902916
-15.547026767385265
-15.56317835417089
-15.579338650442354
-15.595509520225628
-15.611689978350265
-15.6278809571714
-15.644080512329532
-15.660289565965238
-15.676508086708921
-15.692736043318908
-15.708973404732971
-15.725220140009535
-15.74147621837539
-15.757741609197035
-15.774017235658642
-15.790301160074486
-15.806593352249761
-15.822895689467487
-15.83920718813874
-15.855528772167736
-15.87185850457836
-15.888197309550081
-15.90454515772912
-15.920902019901911
-15.937267866983486
-15.953642670035594
-15.970026400245294
-15.986419028940773
-16.00282148125472
-16.01923086776079
-16.035650021199142
-16.0520779597529
-16.06851465540795
-16.084961985878284
-16.101414208261343
-16.117877008331252
-16.134348453227506
-16.150830424574302
-16.167319081767786
-16.18381630352838
-16.20032206285381
-16.216834427789454
-16.233359086799915
-16.249890298027356
-16.26642994003097
-16.282977986415798
-16.299534411733312
-16.316099188116862
-16.332672289694923
-16.349253692032402
-16.365843368552767
-16.38244129413534
-16.399047442023218
-16.415661787372905
-16.432284304838305
-16.448914968788607
-16.465553755297215
-16.482200638161256
-16.498855592881288
-16.515518594669953
-16.53219152574104
-16.54887054779983
-16.5655556362178
-16.58225058059425
-16.59895344973671
-16.61566612674851
-16.632384773133015
-16.6491112721129
-16.66584560002367
-16.68258582579633
-16.699337647635836
-16.716095320169774
-16.73286072729452
-16.749633845702224
-16.76641465218645
-16.78320312364124
-16.799999237060536
