-14.0
-13.988106823102765
-13.976227314520662
-13.96436150744226
-13.952509436035124
-13.940671132507468
-13.928846632584095
-13.917035969235373
-13.905239175641933
-13.893456284759857
-13.881687334115885
-13.869932356420573
-13.8581913855823
-13.846464456651772
-13.834751603440344
-13.823052858147935
-13.81136826296117
-13.799697846726879
-13.788041640333146
-13.776399689212035
-13.764772023003124
-13.753158678774714
-13.741559689606717
-13.72997509255629
-13.71840492294958
-13.706849217398169
-13.69530800968177
-13.683781336373915
-13.67226923540854
-13.660771735349861
-13.64928888361715
-13.637820712622574
-13.626367261240185
-13.614928554434185
-13.603504647506941
-13.592095556725239
-13.580701327575396
-13.569322010010424
-13.557957620571234
-13.546608216170817
-13.535273811872726
-13.523954470176164
-13.512650205034586
-13.501361075826026
-13.490087096816062
-13.478828331272755
-13.4675847937667
-13.456356535949464
-13.44514360044395
-13.433946010849953
-13.42276382598221
-13.411597059349848
-13.400445775002305
-13.389309987698581
-13.378189759536616
-13.367085108620003
-13.355996096951836
-13.34492273759903
-13.333865084152617
-13.322823188542383
-13.311797063813462
-13.300786776471034
-13.28979234535824
-13.278813828956975
-13.267851255404171
-13.256904648818729
-13.245974088341658
-13.23505959661554
-13.224161213405143
-13.213278953730796
-13.202412907880245
-13.1915630868118
-13.18072952082299
-13.169912290377649
-13.15911141419811
-13.148326934511898
-13.137558870933786
-13.12680731181562
-13.116072272700569
-13.10535379929546
-13.094651903442442
-13.08396668754575
-13.073298161408385
-13.062646343239482
-13.052011331039973
-13.041393137103325
-13.030791808738297
-13.020207356765157
-13.009639881111985
-12.999089400942621
-12.988555958140193
-12.978039571180794
-12.967540332520045
-12.957058267189108
-12.946593387863846
-12.936145790258655
-12.925715490602125
-12.91530254237163
-12.904906959156976
-12.894528840689967
-12.88416820326271
-12.873825087520071
-12.863499520829269
-12.853191600919516
-12.84290133913994
-12.832628756257707
-12.822373962110786
-12.81213696811873
-12.801917816237413
-12.791716535905344
-12.781533218804501
-12.771367892463838
-12.761220600205831
-12.751091354217602
-12.740980268669373
-12.73088735428
-12.720812635822828
-12.710756217594179
-12.700718115596535
-12.69069837738085
-12.680697021595053
-12.670714168485066
-12.660749807366397
-12.650804022754144
-12.640876803837278
-12.630968275523301
-12.621078452494041
-12.611207379440941
-12.60135511159731
-12.591521644252033
-12.58170713327154
-12.571911581214524
-12.562135019775406
-12.552377526011668
-12.542639123237768
-12.532919877386846
-12.523219844665576
-12.51353899242071
-12.50387751972953
-12.494235393111287
-12.484612691559764
-12.475009433747822
-12.465425690801268
-12.455861521583676
-12.446316898188476
-12.436792017223476
-12.427286842061235
-12.417801452988103
-12.408335879722337
-12.398890199560649
-12.389464434970042
-12.380058597901035
-12.370672874030642
-12.361307233260378
-12.351961753342952
-12.342636458604911
-12.333331432905865
-12.324046705413497
-12.314782359192082
-12.305538350709673
-12.296314885850897
-12.287111962711679
-12.277929618987418
-12.268767923191493
-12.259626915793774
-12.250506671379044
-12.241407154412748
-12.232328586904831
-12.223270943357779
-12.214234267376636
-12.205218650506701
-12.196224112538761
-12.18725074673633
-12.178298500290131
-12.169367600912617
-12.160458025964086
-12.151569843574375
-12.142703108268131
-12.133857871723308
-12.125034201559169
-12.11623215182691
-12.10745172105143
-12.098693091977267
-12.089956281303506
-12.081241314174829
-12.072548281233281
-12.063877242134234
-12.055228231612084
-12.046601277354135
-12.037996544760597
-12.029414060656485
-12.020853850932264
-12.012316008381408
-12.003800582309326
-11.995307644926394
-11.986837175533683
-11.978389385159698
-11.969964278402996
-11.961561899649721
-11.953182325211051
-11.944825618164636
-11.936491830795264
-11.928181046574506
-11.919893241784592
-11.911628651447245
-11.903387242154189
-11.895169120206292
-11.88697428533196
-11.87880287982363
-11.870654913096391
-11.862530399078167
-11.854429575930816
-11.84635240406262
-11.838298968097133
-11.830269344821323
-11.822263579980238
-11.814281753684522
-11.806323866812248
-11.798390147391688
-11.790480569605908
-11.782595222653281
-11.774734161285743
-11.766897488132111
-11.759085240227614
-11.751297510748982
-11.743534258761716
-11.73579576641077
-11.72808200191384
-11.720393045940819
-11.712728960150297
-11.705089823497971
-11.697475727577634
-11.689886638032553
-11.682322835952036
-11.674784268022059
-11.667271022609752
-11.659783220761817
-11.652320888635707
-11.644884122950184
-11.637472916665919
-11.63008750606316
-11.622727934659562
-11.615394223262621
-11.608086449532797
-11.600804733275414
-11.593549161821263
-11.586319792002922
-11.579116594836252
-11.571939875018934
-11.564789624060605
-11.557665881646061
-11.550568688444317
-11.543498372866553
-11.536454660866553
-11.529438008322488
-11.522448146106958
-11.51548550197582
-11.508549835756018
-11.501641367730967
-11.494760400225125
-11.487906660648624
-11.48108059665337
-11.474281933504717
-11.467511102499033
-11.460767856613126
-11.454052488944123
-11.447365239361531
-11.440705824137508
-11.434074755620022
-11.427471721217959
-11.420897188236333
-11.414350879496796
-11.40783331637254
-11.40134414427819
-11.39488365954615
-11.388452213849085
-11.38204946570086
-11.375675909663652
-11.36933127023355
-11.363016055234342
-11.35672995513619
-11.350473216480278
-11.344246240211001
-11.338048679236888
-11.33188101516601
-11.325743015697268
-11.319635142462895
-11.313557128993885
-11.307509220751792
-11.301491811660242
-11.295504590449502
-11.289548036656077
-11.283621843385317
-11.277726599244076
-11.271861958029772
-11.266028236165809
-11.260225786399982
-11.25445429777197
-11.248714313652
-11.24300545701718
-11.237328384751953
-11.231682748285392
-11.226068816664467
-11.220487032514306
-11.214937015302876
-11.209419360967848
-11.20393370365396
-11.19848066708411
-11.19305994592018
-11.187671792736408
-11.182316674263134
-11.176994219060163
-11.171705018329153
-11.166448724807562
-11.161225961342053
-11.156036424006105
-11.150880654547757
-11.145758328018033
-11.14066988418572
-11.135615633309206
-11.130595241985757
-11.12560937412349
-11.120657678795508
-11.115740762264863
-11.11085830771341
-11.106010672629875
-11.101198315651798
-11.096420787321428
-11.091678863294346
-11.086972099295826
-11.082301209172313
-11.077665791346233
-11.073066307167885
-11.068503191000419
-11.06397598308017
-11.059485396234104
-11.055031219493612
-11.050613929811602
-11.046233270957092
-11.041889719547964
-11.037583622776959
-11.033314644447271
-11.02908348853178
-11.024889848384452
-11.02073436487489
-11.016616673569223
-11.012537283024361
-11.00849658142442
-11.004494261849187
-11.000531052994251
-10.996606514665228
-10.992721450033413
-10.988875517932772
-10.985069155826078
-10.981302796818213
-10.977576137241897
-10.973889847836041
-10.970243646083924
-10.966638262786189
-10.963073371086683
-10.959549678086281
-10.956066882039817
-10.952625453227057
-10.949225776408463
-10.945867696224537
-10.942551844998858
-10.939277936957586
-10.936046655933351
-10.932857763404895
-10.92971169959064
-10.926608997067232
-10.923549285954778
-10.920533421010767
-10.91756097069141
-10.914632723518498
-10.91174848367658
-10.908908631048346
-10.906113709475063
-10.903363352408977
-10.900658454678398
-10.897998635508033
-10.895384638786217
-10.892816244258364
-10.891022099945035
-10.89305784371976
-10.895122271773873
-10.897216098017328
-10.899338646839414
-10.901490453822852
-10.903670934948055
-10.90588041435347
-10.90811920274791
-10.910386473216672
-10.912683030153554
-10.915008150920519
-10.917362435746377
-10.91974521053722
-10.922157223060736
-10.9245976578315
-10.92706672775505
-10.929564989881474
-10.932091565634863
-10.93464721684028
-10.937231092147114
-10.93984410276995
-10.942485281026546
-10.945154920274721
-10.947853541905657
-10.95058039739939
-10.953335968448563
-10.956119641592487
-10.958932210360288
-10.961772734530907
-10.964641470901038
-10.967539027697097
-10.97046452529539
-10.973418540770131
-10.976400401184836
-10.979410918091974
-10.98244912974258
-10.985515349191425
-10.988610102193238
-10.991732513207358
-10.994883153925468
-10.998061460283884
-11.001267996257178
-11.004502193292597
-11.007763933278625
-11.011054038897765
-11.014371405400096
-11.017716788578658
-11.021089514732411
-11.024490135257555
-11.027918179238657
-11.03137347684054
-11.034856706956313
-11.038367052664617
-11.04190493975643
-11.045469966025838
-11.049062536666153
-11.052682156987819
-11.056329135029438
-11.060002951299804
-11.063703874245387
-11.067432068533735
-11.071187038577824
-11.074969194888041
-11.078778004860931
-11.082613905190161
-11.086476244686398
-11.090365308588055
-11.09428132865773
-11.098223695351612
-11.10219291883037
-11.106188452466403
-11.110210646814084
-11.114258988101346
-11.118333493976367
-11.1224348294855
-11.12656197645385
-11.130715605402576
-11.134895179782001
-11.139100994201671
-11.143332511159702
-11.147589924505267
-11.151873642151216
-11.156182890601837
-11.160518171309993
-11.164878964020996
-11.169265611750143
-11.173677561086635
-11.178114906189322
-11.18257826541791
-11.18706664087698
-11.191580687136499
-11.196119792468002
-11.20068432594288
-11.205273784077521
-11.20988814471463
-11.214528146705613
-11.219192672515925
-11.223882500697702
-11.228596758313502
-11.233336341038552
-11.238100223439725
-11.242888972648773
-11.247702146818078
-11.252539811460284
-11.257402211209557
-11.262288771190201
-11.267200139469521
-11.272135335193477
-11.277095026442224
-11.28207856009822
-11.287086250850678
-11.292118183354038
-11.29717382557863
-11.302253819163392
-11.307357177675145
-11.312484562663416
-11.31763539259007
-11.322809852549716
-11.328007687818863
-11.333230058306603
-11.338475039400615
-11.34374334911763
-11.349034776474134
-11.354350334053986
-11.359688492744732
-11.365049426232234
-11.37043344225299
-11.375840821119228
-11.381271467712024
-11.38672406247481
-11.392199667708203
-11.397698258451923
-11.403218867458559
-11.408763241883232
-11.414329203759001
-11.41991756065247
-11.425528094710243
-11.431162055153633
-11.436817612383068
-11.442494799488355
-11.448194401595357
-11.45391586148621
-11.45966027880923
-11.465425448664828
-11.47121271268186
-11.47702200568907
-11.482852433187757
-11.488705557879593
-11.494579419532615
-11.500474819112426
-11.506391350758461
-11.512330341072142
-11.518290093912091
-11.524270525497123
-11.53027223676832
-11.536295123398945
-11.54233994354958
-11.548404547096428
-11.554490312048067
-11.56059722436674
-11.56672517983789
-11.572873132860126
-11.57904179763858
-11.585231048787156
-11.591440483112676
-11.597671531175505
-11.60392202181217
-11.610192846652128
-11.616483785467137
-11.6227949782671
-11.629127180173052
-11.63547820682626
-11.64184953709995
-11.64824072325283
-11.654652683129209
-11.661083403116484
-11.66753393015082
-11.674004104381616
-11.680493549766195
-11.687003714775111
-11.693532422355577
-11.700080584113529
-11.70664792285279
-11.713234622492005
-11.71984138457856
-11.726466136292306
-11.733110242724178
-11.73977334152485
-11.74645620633552
-11.753157178804434
-11.75987691568404
-11.766615445631457
-11.773372380490638
-11.780149130459018
-11.786943540512004
-11.793756393712078
-11.800587808761334
-11.807437559958062
-11.81430657049493
-11.821192652988914
-11.828097225623083
-11.835019931960955
-11.841961564887965
-11.84892040370526
-11.855897189219482
-11.862891890149768
-11.869904145607812
-11.87693535252007
-11.883983416908267
-11.891049074460481
-11.89813241706298
-11.905234180573675
-11.912352570640355
-11.919488084429402
-11.926641257972873
-11.93381177133301
-11.941000350853232
-11.948205330452955
-11.955427441830624
-11.96266665734189
-11.969922593966258
-11.977196711862584
-11.984486850416358
-11.991793744990558
-11.99911755720702
-12.006459040138942
-12.013816277963729
-12.021189860320733
-12.028580348533094
-12.035987367468854
-12.043411635441196
-12.050851571526008
-12.058307881498356
-12.065780460408034
-12.073269002078623
-12.080774976251446
-12.088296095096789
-12.095833397812942
-12.103386786999511
-12.110957067489442
-12.118542367767375
-12.126143261159354
-12.133760303832092
-12.141393034276838
-12.149042513913518
-12.156706765585147
-12.16438665361232
-12.172082112979815
-12.179793733017062
-12.187520208668866
-12.195262025438604
-12.203019335296032
-12.210791971460765
-12.218580815828027
-12.226383969512698
-12.234202004923137
-12.242035475592989
-12.24988394875901
-12.257748474208013
-12.265627084768498
-12.273520655172796
-12.281429103511538
-12.289352996448388
-12.297291098696544
-12.305243890193198
-12.313211460182254
-12.32119370645877
-12.329191495671688
-12.337202941875443
-12.345228579744607
-12.353269021695954
-12.361323837450351
-12.369394031312744
-12.377477338433197
-12.385575605947837
-12.393687808794729
-12.401814821119501
-12.409955312103165
-12.418110046356137
-12.426278837224428
-12.434461361995151
-12.442659481112338
-12.450870285618118
-12.459094691526538
-12.467333199466802
-12.47558656752905
-12.48385278815813
-12.49213245834232
-12.500426500826288
-12.508733867888914
-12.517055449514872
-12.525389939499266
-12.533738093186559
-12.542099728945137
-12.550474533942444
-12.558864359964517
-12.567266290824186
-12.575681270422264
-12.584109792218417
-12.592552640683873
-12.601007772387781
-12.609475793549139
-12.617957648541372
-12.626452270538998
-12.634960621585943
-12.643481289970929
-12.652015137923684
-12.660561914712247
-12.669121332177548
-12.677695249359056
-12.68628077511128
-12.694878836548366
-12.703489898435176
-12.712114824244601
-12.720751515811315
-12.729400591094485
-12.738062986946986
-12.746737689215855
-12.755425529912438
-12.764125402524881
-12.77283786130735
-12.781562790789108
-12.790299872614913
-12.799050623823971
-12.807813244020709
-12.816587487631574
-12.825374467676141
-12.834174746717553
-12.84298633471548
-12.851809866089685
-12.86064594056982
-12.869494587236376
-12.878355566862872
-12.887228153132298
-12.896112911987684
-12.905009689831783
-12.913919147704744
-12.922840011133815
-12.931773227081118
-12.940717682749645
-12.949674462965726
-12.958644172770603
-12.96762474299513
-12.976616896149936
-12.985621192045814
-12.994637659482779
-13.003666116488962
-13.012705783167764
-13.021757264816372
-13.030820362822645
-13.039895816348373
-13.04898227227628
-13.058080771003965
-13.06719012554799
-13.076311465177014
-13.085445384672738
-13.094589853833083
-13.103745549860212
-13.112913036081459
-13.122092411549586
-13.131283438463386
-13.140485347500501
-13.149698747586212
-13.158923490692397
-13.168160251521439
-13.177407742145132
-13.18666689050357
-13.195936766598718
-13.205218252571582
-13.214512052420911
-13.223816110125021
-13.233131114465314
-13.242457667626322
-13.251796402757272
-13.261145408308026
-13.270505578563043
-13.27987704317893
-13.289259575713826
-13.298653888470096
-13.308058700250308
-13.31747465995338
-13.326901716556195
-13.336339840891302
-13.345790107826595
-13.355250386048093
-13.364721454537607
-13.374203851063044
-13.383698268456989
-13.39320271984411
-13.402718196367926
-13.412244792598075
-13.421782260581757
-13.431331395429696
-13.4408908451212
-13.450461313548104
-13.460042692252541
-13.469635037826611
-13.479239394164912
-13.488853637268647
-13.498478542258058
-13.508114663107543
-13.51776271298241
-13.52742068942832
-13.537089592679378
-13.546769539198767
-13.556460283370646
-13.566162617482028
-13.575875194952175
-13.585598752004698
-13.59533315921007
-13.605079428282831
-13.614835800377918
-13.624602969661941
-13.634380780426023
-13.644169787991402
-13.653970741931102
-13.663781614135452
-13.673603413126134
-13.683436297906425
-13.693280001108079
-13.703135335870872
-13.713000888234653
-13.722877617241403
-13.73427998054376
-13.749027104163499
-13.7637882114153
-13.778564145802859
-13.793353938100083
-13.806061655700109
-13.815670843859468
-13.825292453632187
-13.834927566067364
-13.844576286544008
-13.854238447828182
-13.863914828027907
-13.873604049660724
-13.88330707596826
-13.89302362839844
-13.902754807158335
-13.912498847365935
-13.9222565084838
-13.932027649885248
-13.94181278251554
-13.951612885822092
-13.961425781330473
-13.971252577534479
-13.981093431253068
-13.99094813544332
-14.00081752657436
-14.010700218066205
-14.02059719936141
-14.030508185008197
-14.040434301490674
-14.05037383031534
-14.060327484395147
-14.070295209843978
-14.080277489060235
-14.090275341595424
-14.100286570347995
-14.11031232012507
-14.120352799487687
-14.13040870622233
-14.140478051934165
-14.150562446837652
-14.16066181625322
-14.170775897699624
-14.180905623444215
-14.191050046322664
-14.20120913672281
-14.211383074368182
-14.221572507943277
-14.231778351477566
-14.241998429975226
-14.25223370606005
-14.262485135485376
-14.27275270143787
-14.283034716032041
-14.293332767040516
-14.303646850785086
-14.31397668725992
-14.32432327358483
-14.334685673734722
-14.345063875073944
-14.35545813380744
-14.365869071008941
-14.376297679426491
-14.386741765861531
-14.397202377680921
-14.407680468304502
-14.418176052584407
-14.428687526251162
-14.439216451138178
-14.44976291232234
-14.46032661291976
-14.470908649137392
-14.48150806759593
-14.492124920598373
-14.50275954337969
-14.513413487316436
-14.524084991191165
-14.5347747035723
-14.545482827215785
-14.556210306370444
-14.566957207234617
-14.57772209346634
-14.588506419845386
-14.599310419494863
-14.610133793793505
-14.62097775492921
-14.631841341125124
-14.642724679311977
-14.653628269727971
-14.664553578647942
-14.675498993226363
-14.686465186637509
-14.697452475507252
-14.708461810324255
-14.71949338407293
-14.730545835174626
-14.74162064376567
-14.752718172074166
-14.763838163080075
-14.774981956303982
-14.786148205823595
-14.797338388952848
-14.808551893468875
-14.819790622473967
-14.831053113655788
-14.842340094689678
-14.853652032289121
-14.8649895095136
-14.876354070893326
-14.887743287403937
-14.899159082289694
-14.910601982991974
-14.922072769385661
-14.933570094590838
-14.94509552306562
-14.956649723040183
-14.968232279844434
-14.979845145204472
-14.991487032396249
-15.003158794991254
-15.014861088093392
-15.026594568878348
-15.038360941538766
-15.050158015850354
-15.061987782251075
-15.073850957723884
-15.085748493149602
-15.097679241335022
-15.10964486719942
-15.121646226455223
-15.133683176169411
-15.145757755121588
-15.15786888102771
-15.170017625705501
-15.182204858228456
-15.19443136433839
-15.206699042315826
-15.219006027289685
-15.231354404769416
-15.243745109167266
-15.256179355549571
-15.268656217265972
-15.281177516609729
-15.29374428823059
-15.306356773415553
-15.319017106482075
-15.33172441793938
-15.344480082594506
-15.35728518155405
-15.370140667438664
-15.383048582722381
-15.396007534505225
-15.409019623830904
-15.422085991892956
-15.435208174761314
-15.448385418281873
-15.461619695064977
-15.474912150011447
-15.488263447073914
-15.501675721497092
-15.515148229851338
-15.528682641014484
-15.542280122150556
-15.555942665272593
-15.56966949767989
-15.583462334519501
-15.597322315943412
-15.61125054862943
-15.625248761228457
-15.63931613225706
-15.653454584876036
-15.667665138305958
-15.6819485486418
-15.696306753032083
-15.710738776049478
-15.725246280869104
-15.739830139997213
-15.754492077961698
-15.76923095552422
-15.784048326516757
-15.798944876475758
-15.813921223071006
-15.828978802386553
-15.844116223293508
-15.859334868557163
-15.874635120091895
-15.890017260132051
-15.905482504281897
-15.921029132712889
-15.936658205503877
-15.952369781236674
-15.968164798894682
-15.984041270028346
-16.00000000000001
