-14.000000000000007
-13.988007005589077
-13.976028044305602
-13.964063149221895
-13.952112354643964
-13.940175692932481
-13.928253199744075
-13.9163449089144
-13.904450853964944
-13.892571068503262
-13.880705590838188
-13.868854454273196
-13.857017693878717
-13.845195346065715
-13.833387446145757
-13.821594027385082
-13.809815133284202
-13.79805079434212
-13.786301044480597
-13.774565929134283
-13.762845482267409
-13.751139740869295
-13.739448742101205
-13.727772524600526
-13.716111126664467
-13.70446458806827
-13.692832945174759
-13.681216238339616
-13.66961450808734
-13.658027786749726
-13.646456125016266
-13.634899558326069
-13.623358131934337
-13.61183187313481
-13.600320840086445
-13.588825056721866
-13.577344571923554
-13.565879438908437
-13.55442967965229
-13.54299535683347
-13.531576494113676
-13.520173152387459
-13.508785356912801
-13.497413169389548
-13.48605661420983
-13.474715756587962
-13.463390619941165
-13.452081262524532
-13.440787731632344
-13.429510062832339
-13.418248314834644
-13.407002514948164
-13.395772731428762
-13.384558989227061
-13.373361357583581
-13.362179861621517
-13.351014574649659
-13.339865516239728
-13.328732749169117
-13.317616333839524
-13.306516296354923
-13.295432709709445
-13.284365600481733
-13.273315045531614
-13.262281074302601
-13.251263727159984
-13.240263092967343
-13.229279203511432
-13.218312110887773
-13.207361843393208
-13.196428505933783
-13.185512117660124
-13.174612721444918
-13.163730410429386
-13.152865218015803
-13.142017199479016
-13.1311863854355
-13.120372885211406
-13.109576719686073
-13.09879795996548
-13.088036626917555
-13.077292833258017
-13.066566611537285
-13.05585799423286
-13.04516709640575
-13.034493940549325
-13.023838601713392
-13.013201098920023
-13.002581561377243
-12.99198001673092
-12.981396519354453
-12.970831120215568
-12.960283920986047
-12.949754974024346
-12.939244308251256
-12.928752035300292
-12.91827820100983
-12.907822879352047
-12.897386100708033
-12.886967979848526
-12.876568572811495
-12.866187931067545
-12.85582611206774
-12.845483233307728
-12.835159327825162
-12.82485445484405
-12.814568725544941
-12.804302201304047
-12.794054935916572
-12.78382699108147
-12.773618482811303
-12.763429472982647
-12.753260028348533
-12.74311018569845
-12.732980099802107
-12.722869799706793
-12.71277935189078
-12.70270888640724
-12.692658443708703
-12.682628112448663
-12.67261795255366
-12.662628099874123
-12.652658594793259
-12.642709541055302
-12.632780971895716
-12.622873055198815
-12.612985835864324
-12.603119390736655
-12.593273818361912
-12.583449151357994
-12.573645599826518
-12.563863189595546
-12.554102001762713
-12.54436213991487
-12.53464370675964
-12.524946787043573
-12.515271466292589
-12.505617792702775
-12.495985980135313
-12.486376079470077
-12.476788180418998
-12.467222373561938
-12.457678770292866
-12.44815748580671
-12.438658543554443
-12.429182188312426
-12.419728446746152
-12.410297436464177
-12.400889279163039
-12.391504073903482
-12.382141920754918
-12.372802885196
-12.363487200125757
-12.3541949343903
-12.34492619347542
-12.335681083997137
-12.326459739169184
-12.317262291093948
-12.308088851848288
-12.298939471512792
-12.289814413091626
-12.280713743660192
-12.2716376035362
-12.262586112583923
-12.253559392123895
-12.244557587554414
-12.235580772505411
-12.22662922656582
-12.217703013290587
-12.208802249527416
-12.199927130223001
-12.191077776329003
-12.182254336114461
-12.173456880267906
-12.16468569400888
-12.15594090497495
-12.147222643980113
-12.138531070172863
-12.129866345024237
-12.121228605345385
-12.112618071311962
-12.104034802186487
-12.095479134130967
-12.08695115879023
-12.078451024843025
-12.06997896712289
-12.061535139976115
-12.053119699912727
-12.04473283456726
-12.0363747910869
-12.028045764046908
-12.019745921851628
-12.011475435401566
-12.003234566462313
-11.995023492739106
-11.986842336339445
-11.978691486813748
-11.97057104364095
-11.962481287981731
-11.954422414676424
-11.946394652415233
-11.938398233860473
-11.930433362675169
-11.92250025625386
-11.914599305394866
-11.906730670629983
-11.898894606024037
-11.891091336053627
-11.883321192287513
-11.875584413487237
-11.867881167199405
-11.860211929256252
-11.852576851530458
-11.84497629825766
-11.837410519216865
-11.82987978310881
-11.822384467776478
-11.814924748884227
-11.807501144478685
-11.800113884314797
-11.792763251087212
-11.785449661754166
-11.781040098080396
-11.784243968611626
-11.787462688785874
-11.790694020369157
-11.793936655133095
-11.797188189587487
-11.800446472011258
-11.80370926398995
-11.806974122047837
-11.810238865145829
-11.813500649010342
-11.816757322396214
-11.820005977588023
-11.823243721709995
-11.826467954118055
-11.829675540077575
-11.832863353140862
-11.836028362527248
-11.83916739885033
-11.84227726774592
-11.84535451649562
-11.84839553496731
-11.851397079881217
-11.854355473021911
-11.857267098309178
-11.860128073932621
-11.8629350297249
-11.865684245445875
-11.86837186505539
-11.870993897383842
-11.873547328495157
-11.876027380575243
-11.878431478677214
-11.880755003389686
-11.882995153790331
-11.885147827321553
-11.887209685111694
-11.889178177614278
-11.891049122053369
-11.892820319730998
-11.894488304363659
-11.89605089593345
-11.897505011146867
-11.898848742255367
-11.900080347984742
-11.901197442193492
-11.902198946952627
-11.903082995323668
-11.903849282878197
-11.90449615767566
-11.905024152867856
-11.905432164505848
-11.905720729559464
-11.905890663426526
-11.905941762560374
-11.905875978665595
-11.905693720400633
-11.905397225970004
-11.904987783326046
-11.904467537788646
-11.903839442722356
-11.903105213469766
-11.902268331708312
-11.901331280965165
-11.90029770373162
-11.899170475136565
-11.89795345468044
-11.896650638738821
-11.895265376224698
-11.893802076900974
-11.892264332562702
-11.89065697206905
-11.888983490278033
-11.88724880022486
-11.885457378725288
-11.883613186865693
-11.881721349918996
-11.879785623698575
-11.87781137944518
-11.875802409661649
-11.873763615677536
-11.871699892111796
-11.869615029776975
-11.86751437034959
-11.865401670514007
-11.863282032797118
-11.861159416526503
-11.859038334141975
-11.856923700800369
-11.854819123066374
-11.852729533467269
-11.850658703237546
-11.848611302183155
-11.846591014649299
-11.844602605330458
-11.842649430018685
-11.840736057693848
-11.838866606080433
-11.837044521276665
-11.835274350016261
-11.833559210076018
-11.83190372638998
-11.830310922253226
-11.828784866333898
-11.82732958210179
-11.825947943164161
-11.824644338900034
-11.823421527557029
-11.822283643983237
-11.821233553598478
-11.820274766469602
-11.819411110789316
-11.818645073634023
-11.81798051696119
-11.81742000212396
-11.816967131512012
-11.816624278426202
-11.81639485014123
-11.81628189655915
-11.816287665731846
-11.816415443429403
-11.816667314781263
-11.817046422042399
-11.81755458341205
-11.818194676662785
-11.818969224826299
-11.819879766505286
-11.82092930860455
-11.822118919993486
-11.82345142455925
-11.824927946594634
-11.82655053265288
-11.828321138746833
-11.830240558932948
-11.83231110978106
-11.834533106780134
-11.836908656408252
-11.83943808106211
-11.842123032919172
-11.844963597925389
-11.847961012756985
-11.851116186652188
-11.85442891765595
-11.857900329704027
-11.86152998187666
-11.865318792435838
-11.869266019410931
-11.873372136238764
-11.877637322369587
-11.882060505049774
-11.886642316465693
-11.891381283640257
-11.896277863078579
-11.901330578438508
-11.906539128458675
-11.911903145268482
-11.917420892989277
-11.923092440895555
-11.928915726066126
-11.934890694755367
-11.941015315209004
-11.947288774616958
-11.953710380733602
-11.960277926665185
-11.966990960484608
-11.973847231689575
-11.980846224794549
-11.987985608284859
-11.995264315140588
-12.002681410180577
-12.010234420670411
-12.017922736302742
-12.025743843053863
-12.033697253828787
-12.041780286296547
-12.049992448599463
-12.058331177087375
-12.066795370524474
-12.075383939251012
-12.084094247367489
-12.092926024495622
-12.101876312249036
-12.110944869198423
-12.12012921194392
-12.129427926095314
-12.138840361744954
-12.148363927171458
-12.157998142669843
-12.167740555034632
-12.177590727298385
-12.187546236710025
-12.197606214299217
-12.207769581025213
-12.218034446072313
-12.228399882709196
-12.23886404304971
-12.249426570252002
-12.260084817128371
-12.270838426019022
-12.281686558296705
-12.292626977204275
-12.303659532038859
-12.314781890458443
-12.325994356092153
-12.337294394123818
-12.34868136418561
-12.360155162851257
-12.371713127999756
-12.383355696346031
-12.39508066721622
-12.406888094445556
-12.418775957317385
-12.430743673720446
-12.442791292009487
-12.454916233400176
-12.467119114627277
-12.479398032073194
-12.491752816500089
-12.504181588207928
-12.516685064648717
-12.529260724488973
-12.54190879804704
-12.554628868631466
-12.567419121776034
-12.580279863522103
-12.593209131724974
-12.606207795650871
-12.619273383812756
-12.632406279562298
-12.645606325618434
-12.65887125608534
-12.672202030999928
-12.685596777511549
-12.699055918305959
-12.712577793019644
-12.726162123194262
-12.73980944126395
-12.753517512865733
-12.76728683322587
-12.781116382790236
-12.795005868077052
-12.808954283847866
-12.822961456811804
-12.837027368966814
-12.851150474959166
-12.865331306079826
-12.87956833761514
-12.893862114567368
-12.908210900162812
-12.922615401860927
-12.937075040080712
-12.951588299009147
-12.966156472223359
-12.980777138367223
-12.995451608855891
-13.010178201755487
-13.02495700642502
-13.039788114338933
-13.054669853774543
-13.069603604601527
-13.08458693279282
-13.099621233327213
-13.11470506686331
-13.12983864899644
-13.14502054279374
-13.160251425104176
-13.175531156474669
-13.19085839491467
-13.206233773264254
-13.22165596449804
-13.237125605580147
-13.252641091139715
-13.268203362451423
-13.283811678710213
-13.29946525484764
-13.315165034321232
-13.330908731250233
-13.34669790485332
-13.362530987853741
-13.378408155025298
-13.394328788328977
-13.41029448731437
-13.426302118028271
-13.442352527760152
-13.458445351146102
-13.474582231828487
-13.490759443850465
-13.506978630533405
-13.523239461218271
-13.53954153036586
-13.555885484384584
-13.572269229435022
-13.58869342106762
-13.605157446489905
-13.621661595914047
-13.638207004057497
-13.65479025720508
-13.671412491369653
-13.688074026873952
-13.704775318139186
-13.721513825674194
-13.738290729081063
-13.755105616656541
-13.77195806603394
-13.788849282067398
-13.805776732889358
-13.822740860233084
-13.839742017669044
-13.856779998071078
-13.873855630090757
-13.890965798159534
-13.908112338229536
-13.925294637449861
-13.942513318023526
-13.959766501054043
-13.977054816278706
-13.99437782560148
-14.011735365923421
-14.029129328063494
-14.04655570770424
-14.064016391243003
-14.081511246838145
-14.099041073703532
-14.116602766120781
-14.134198246277817
-14.151826888557446
-14.169488057869312
-14.187183692402883
-14.204910698453489
-14.222669849325117
-14.240461055286
-14.258284777743983
-14.276141432380667
-14.294028452611888
-14.311947290340486
-14.329897484990203
-14.347879612087512
-14.36589200134051
-14.38393523484326
-14.40200866134117
-14.420112763879297
-14.43824905565053
-14.45641367435616
-14.47460813350638
-14.492832939633326
-14.51108744132476
-14.529372189950456
-14.547685603541145
-14.566028239704618
-14.584399599246781
-14.602801255431693
-14.621230629164689
-14.639688094060762
-14.658174175292478
-14.676688919701187
-14.695233027344836
-14.713803417401822
-14.732402201115248
-14.751028708040089
-14.769682258479401
-14.788364975639798
-14.807073790325445
-14.825809372648605
-14.844571807683378
-14.863363248513098
-14.882179293940245
-14.90102209077416
-14.919891751738577
-14.938787745552661
-14.957710563589487
-14.976658819941113
-14.995633011563159
-15.014632439124819
-15.033659289354844
-15.052710503161439
-15.071786706286296
-15.090888048197911
-15.110015131595746
-15.129168286073906
-15.148344883578984
-15.167546712280497
-15.186773211072664
-15.206023807111237
-15.225300307455873
-15.244600086307228
-15.263923453537922
-15.283271024967208
-15.302644641262674
-15.322039993813307
-15.341458923634361
-15.360902065404622
-15.380368697680483
-15.399859249674831
-15.419372519559245
-15.438908941549647
-15.458467913210894
-15.478049677841629
-15.497656536591895
-15.517283828224587
-15.536933847522233
-15.556606862464587
-15.576303414586922
-15.59602046049949
-15.61576031993376
-15.635522251458632
-15.655305505555626
-15.675112410209701
-15.694939932701374
-15.714788585351352
-15.734658668892703
-15.75455253529923
-15.774465429059832
-15.794399695897662
-15.814355659983823
-15.83433268496606
-15.85433113904001
-15.874349990509272
-15.894389612037418
-15.914449235014962
-15.934529547401208
-15.954632592644545
-15.974753773939394
-15.994895135149187
-16.015057380164823
-16.035240749468205
-16.055442550698167
-16.075664856394802
-16.09590700173478
-16.116168311675114
-16.136450874249153
-16.15675199845963
-16.1770719073569
-16.197411313177465
-16.217770620846103
-16.238150261918012
-16.258547220203997
-16.278963933566743
-16.299399612430072
-16.319854567164086
-16.340327921104254
-16.360819988588897
-16.381330067670447
-16.40185859180885
-16.422408025399598
-16.442973396305312
-16.46355716320052
-16.48415977976314
-16.504780908387556
-16.525419728847755
-16.546076533823747
-16.566751244706047
-16.58744378335074
-16.608154427038873
-16.628882385868692
-16.64962654915733
-16.670389619789493
-16.691170134360075
-16.711969762609122
-16.73278353268999
-16.753615925612994
-16.774465463421635
-16.795332403074195
-16.816216007400378
-16.837116536860805
-16.858033919046854
-16.878966646492614
-16.899919271627645
-16.92088533594883
-16.941869406876776
-16.962869974722796
-16.98388696953727
-17.00492062661546
-17.025970264602982
-17.04703612210548
-17.06811666125082
-17.089216517448033
-17.11033062235674
-17.131460675619945
-17.152605126299633
-17.173766872529434
-17.194944650477538
-17.216137826555713
-17.237346620554074
-17.258570967484648
-17.27981080272182
-17.301066332905712
-17.322336949987644
-17.343621347883925
-17.36492249152184
-17.386240589980954
-17.407572013323193
-17.428916953201057
-17.45027840313383
-17.47165477566074
-17.493046260050026
-17.514452292452685
-17.535873065029495
-17.557308517632205
-17.57875883207377
-17.600223463427998
-17.62170103760349
-17.643194610034133
-17.664702566646262
-17.686226648340398
-17.70776162869545
-17.729312387706766
-17.75087729991311
-17.772454727825412
-17.79404957687078
-17.81565660598467
-17.837277562223846
-17.85891079727134
-17.880561245776747
-17.902222049522226
-17.923898154634795
-17.945587911010033
-17.96729126434339
-17.989008363259128
-18.010738746809928
-18.03248256613002
-18.05423814949986
-18.076008678331792
-18.097794301517492
-18.119591333133357
-18.141399907820865
-18.163223230331315
-18.185059807949372
-18.2069092161995
-18.22877159162652
-18.25064688350617
-18.272535041376646
-18.294436191733944
-18.316349929476882
-18.33827472985613
-18.360213847952263
-18.38216741200215
-18.40413171716989
-18.42610687861689
-18.44809617284219
-18.470097890477533
-18.492112144814797
-18.51413856406368
-18.536177263677175
-18.558228196454397
-18.580289634576772
-18.6023667269097
-18.624452391145407
-18.646551785386198
-18.668663180373574
-18.69078836958036
-18.71292193476277
-18.735069056633826
-18.757227997489576
-18.77939701074879
-18.80158129582993
-18.82377542377908
-18.845981192566686
-18.86819684765568
-18.890425764212154
-18.912666321833683
-18.93491821271036
-18.95718152670169
-18.97945622090367
-19.001742378372942
-19.024039703715296
-19.046348281832564
-19.068666341128775
-19.090997296779683
-19.113341232010114
-19.13569440128734
-19.158056877517822
-19.18043209282349
-19.20281838417224
-19.225215482815802
-19.247623463033023
-19.27004228457614
-19.292471907392542
-19.3149123985039
-19.33736350321346
-19.359823535437588
-19.38229593602701
-19.404778995694
-19.427274453668584
-19.449776815623615
-19.472291399332125
-19.49481648503899
-19.51735202588002
-19.539897894351274
-19.562454097713978
-19.585020548937358
-19.60759551143448
-19.63018433550045
-19.65277970284042
-19.675386971818437
-19.69800440031638
-19.72063190418672
-19.743269486159488
-19.765917031312238
-19.788574499154592
-19.81124013193822
-19.83391931825579
-19.856606516071583
-19.879303496399995
-19.902008492590625
-19.924725057337266
-19.94745137599752
-19.97018730446988
-19.99293292316921
-20.015688157535298
-20.03845293529606
-20.061227331350594
-20.084011208140726
-20.10680273829903
-20.129605503900937
-20.152419613478653
-20.175241173041076
-20.198070283582872
-20.220910503319452
-20.243760038173797
-20.26661884935867
-20.28948684718742
-20.312364028101804
-20.335250328258137
-20.358145837231326
-20.38105034362073
-20.4039620958742
-20.42688468125235
-20.44981628891391
-20.472758725473486
-20.495706379513337
-20.518664775442097
-20.54163201131041
-20.56460626468353
-20.58759304170218
-20.610586723810165
-20.633589125299828
-20.65659841718763
-20.679620117591483
-20.7026467473959
-20.725683830097033
-20.748729533091197
-20.771783802137165
-20.794846627581695
-20.817917917566007
-20.84099770890502
-20.86408409059787
-20.88718072903476
-20.910287680928388
-20.933401075135386
-20.956520962932426
-20.979650997961258
-21.002789368069386
-21.025935931069224
-21.049090735617167
-21.072253734025743
-21.095424880105437
-21.11860421698635
-21.1417916129265
-21.164985241650385
-21.18818877781336
-21.211402262115175
-21.234621830760908
-21.257847519754186
-21.281083028321323
-21.304326443175587
-21.327577782179755
-21.350836976815536
-21.374104014006853
-21.3973788531752
-21.42065962090457
-21.443951917402494
-21.467248186365552
-21.490554031781347
-21.513867577778555
-21.537190675538007
-21.56051763952237
-21.583854081602535
-21.607198121740907
-21.630547840661727
-21.653908868340633
-21.67727551507315
-21.70064963685241
-21.724029347098195
-21.747418367101552
-21.770814828852448
-21.79421864939664
-21.817629843844582
-21.841048377896502
-21.864474235369233
-21.887907376466575
-21.911347776594628
-21.934793541371157
-21.95824840629581
-21.981712381317053
-22.00518161750159
-22.028656121772826
-22.052139642964935
-22.075630274309
-22.09912797298773
-22.122632736999
-22.14614453615668
-22.16966334113371
-22.193189148103283
-22.216721916730453
-22.240259736086404
-22.263806365697423
-22.28735990156438
-22.310922215358556
-22.334487589889275
-22.358061688401726
-22.3816426043994
-22.405230314854347
-22.4288247896515
-22.45242601145521
-22.476033954305123
-22.499646707857774
-22.52326994351296
-22.54689604049416
-22.57053067216341
-22.59417192706813
-22.617819780209473
-22.641474213622413
-22.66513520051187
-22.68880271997425
-22.71247485736798
-22.73615729299512
-22.75984429956013
-22.783537757109034
-22.807235749365457
-22.83094205616304
-22.854654758075295
-22.87837382855545
-22.902099254497006
-22.925831013589622
-22.949569084007024
-22.973313451771787
-22.99706409179769
-23.020819082681633
-23.044582210170425
-23.068353461710743
-23.092129001159915
-23.115908814826565
-23.139696689014453
-23.16349070326486
-23.187290838150957
-23.21109707268041
-23.234909389047967
-23.25872776749159
-23.282552192994924
-23.306382641556183
-23.330217192554766
-23.354059636971677
-23.377908052429817
-23.40176432630728
-23.425622721308674
-23.44948893774941
-23.473361051053008
-23.49723713779462
-23.521122898976056
-23.545012596826883
-23.568908119957285
-23.59280754456139
-23.616716572982313
-23.640627560111486
-23.66454620884528
-23.68847059532096
-23.712400701911278
-23.736336511377633
-23.760278006138634
-23.78422516932612
-23.808176076476645
-23.83213452487292
-23.856100497788542
-23.880070163531034
-23.904043505319407
-23.92802432092715
-23.952010686358502
-23.97600258490627
-24.000000000000096
