-12.000000000000005
-13.987906622779768
-13.97582651176899
-13.963759698057185
-13.95170621363717
-13.939666088789124
-13.92763935663122
-13.915626048302103
-13.903626194922968
-13.891639826920862
-13.879666980440028
-13.867707684579365
-13.855761972347528
-13.843829875773721
-13.83191142695012
-13.82000665551055
-13.808115601886481
-13.796238291904931
-13.784374754594756
-13.77252503435814
-13.760689155942059
-13.748867154033553
-13.737059063374277
-13.725264915804223
-13.713484743814412
-13.701718581540801
-13.689966463585115
-13.678228420665569
-13.666504490480639
-13.654794698363228
-13.643099088273122
-13.631417692107048
-13.619750545806863
-13.608097670705984
-13.596459121360978
-13.584834910063313
-13.573225081480913
-13.561629681319141
-13.55004872824057
-13.538482267502943
-13.526930321694701
-13.515392941272587
-13.503870145349522
-13.492361990124627
-13.480868484112968
-13.469389687142847
-13.457925618349961
-13.446476318440482
-13.435041830870201
-13.423622177308184
-13.412217410183036
-13.40082754715521
-13.389452646749753
-13.378092718652649
-13.366747824363017
-13.355417980489573
-13.344103244047716
-13.332803628686367
-13.321519179605394
-13.310249947344566
-13.298995950143727
-13.287757247123062
-13.276533847974214
-13.265325816510892
-13.254133176707276
-13.242955947545115
-13.23179420674101
-13.220647973211381
-13.20951728901032
-13.198402161467788
-13.187302675660268
-13.17621885081679
-13.165150697406048
-13.154098306140133
-13.143061689722174
-13.132040888051206
-13.12103592428732
-13.110046866348348
-13.099073739485181
-13.08811658480813
-13.077175418884664
-13.066250321568848
-13.0553413177201
-13.044448419029965
-13.033571714483262
-13.022711227674233
-13.011866981609439
-13.001039002424818
-12.990227375631015
-12.979432126751222
-12.968653282301718
-12.957890873103466
-12.947144987088972
-12.936415626342853
-12.925702831777437
-12.915006669022647
-12.904327167302583
-12.893664369480938
-12.883018291554434
-12.872389023021187
-12.86177658218529
-12.851181014375339
-12.840602329312789
-12.83004063363187
-12.819495931079757
-12.808968245178425
-12.798457662244738
-12.787964216952483
-12.77748793223231
-12.767028843055506
-12.756587037093208
-12.746162528229743
-12.7357553797684
-12.725365581146871
-12.714993252500705
-12.704638389407728
-12.694301031909236
-12.683981268961055
-12.673679111653799
-12.663394620535481
-12.653127801324375
-12.64287877053514
-12.63264752233355
-12.622434119960065
-12.612238567183866
-12.602060981229268
-12.591901373984895
-12.581759788167453
-12.571636277432003
-12.561530827243034
-12.55144360108955
-12.541374595418953
-12.531323830171186
-12.521291386272217
-12.511277292328664
-12.501281611825092
-12.491304379572687
-12.481345574804957
-12.471405396899314
-12.461483799472317
-12.451580859404725
-12.441696595869258
-12.431831106166621
-12.4219843835619
-12.412156456871365
-12.402347496599878
-12.392557451645075
-12.382786424812384
-12.373034421064746
-12.363301537407473
-12.353587774543785
-12.343893164559173
-12.334217873855183
-12.32456185650639
-12.314925215790852
-12.30530795331933
-12.29571017438781
-12.286131888230022
-12.27657317495636
-12.26703400656971
-12.257514576677158
-12.248014870826866
-12.238534921300717
-12.229074831697611
-12.219634596564033
-12.210214324595029
-12.200813957940337
-12.1914337376163
-12.182073587598204
-12.172733619709314
-12.16341387684878
-12.154114376780258
-12.144835230948154
-12.135576369581644
-12.12633805745544
-12.117120214650454
-12.107922946016986
-12.098746286215379
-12.089590313972979
-12.08045506586305
-12.071340587523478
-12.062246925377835
-12.053174209097545
-12.044122496548953
-12.035091791674642
-12.02608218291921
-12.017093704951488
-12.008126457146675
-11.999180431714493
-11.99025577534072
-11.98135254113787
-11.972470738837986
-11.963610492420264
-11.954771817073361
-11.945954797462015
-11.937159412073704
-11.928385887307975
-11.919634203831881
-11.910904421405453
-11.902196630713787
-11.893510850855517
-11.884847195586909
-11.87620571245464
-11.867586398179226
-11.858989450017667
-11.850414889157472
-11.841862792309273
-11.83333317510087
-11.824826180872646
-11.816341814447387
-11.807880109955713
-11.799441252284755
-11.79102527901227
-11.782632251874988
-11.774262234366079
-11.765915295025113
-11.75759149188472
-11.74929088232167
-11.741013623654302
-11.73275976280947
-11.724529351058647
-11.716322478408847
-11.708139198720138
-11.699979636359268
-11.691843838810573
-11.683731775404139
-11.675643731682234
-11.667579682875417
-11.659539743419412
-11.65152392439862
-11.643532367282257
-11.63556513834152
-11.627622249007635
-11.61970393371351
-11.611810190118822
-11.603941106464688
-11.596096761923244
-11.58827727710659
-11.580482700186629
-11.572713062202553
-11.564968588359896
-11.557249317462768
-11.54955535363123
-11.54188672888272
-11.534243565450046
-11.526625960959434
-11.519034014682301
-11.511467701518113
-11.50392732426209
-11.496412886851047
-11.488924479824986
-11.481462108172256
-11.474026154586394
-11.466616347004994
-11.459233134952406
-11.451876278016703
-11.444546242797047
-11.437242753381115
-11.429966122457449
-11.422716623665085
-11.41549397484312
-11.408298707541775
-11.401130512452113
-11.393989854586101
-11.386876518346337
-11.379790813113686
-11.372732989897555
-11.365702812446157
-11.358700793512586
-11.35172667411537
-11.344780894889496
-11.337863202120946
-11.330974213061197
-11.324113530051198
-11.31728151337031
-11.310478487625707
-11.303704260213953
-11.296959236829155
-11.29024318826281
-11.283556704253268
-11.2768994072661
-11.270271676130863
-11.263673902240082
-11.257105835959267
-11.250567905770573
-11.24405988363594
-11.237582371722983
-11.231135094687982
-11.224718353711657
-11.21833252759807
-11.211977423381656
-11.205653472187231
-11.19936046467886
-11.193099007500475
-11.186868859476194
-11.18067027761488
-11.17450372564533
-11.168368977969825
-11.162266491227975
-11.15619607291799
-11.150158343501019
-11.144153049471209
-11.13818053389497
-11.132241194034139
-11.126334852530132
-11.120461989790082
-11.114622420129042
-11.108816751933619
-11.103044846387805
-11.097306896923895
-11.091603468130296
-11.085934285053046
-11.080299992100743
-11.07470029844497
-11.069135874350067
-11.063606507465993
-11.058112794643584
-11.05265451252755
-11.04723217263619
-11.04184613462905
-11.03649615705686
-11.031182920854176
-11.025906290599002
-11.020666786882515
-11.015464305066795
-11.010299276365588
-11.00517217217494
-11.000082699975382
-10.995031617050456
-10.990018722326885
-10.98504472809171
-10.98010935232981
-10.975213131119316
-10.970356645975345
-10.96553949891134
-10.960762496063223
-10.956025498529257
-10.951329193781527
-10.94667339501369
-10.942058579706616
-10.93748539036108
-10.932953434567315
-10.928463613722698
-10.924015710977503
-10.919610522290311
-10.915247781871122
-10.910928053257491
-10.906652019660294
-10.902419327068477
-10.8982308922091
-10.89408639265739
-10.889986825062122
-10.885931847031046
-10.881922125137438
-10.877958256638577
-10.874040051982812
-10.870168260099785
-10.866342769493137
-10.862564482661725
-10.858833174193517
-10.855149666416184
-10.853615353748527
-10.855008729593306
-10.856431764788603
-10.857883648700227
-10.859365141063948
-10.860875613498122
-10.862415547815667
-10.863984519957716
-10.865582523602336
-10.867210236812289
-10.868866668180129
-10.870552788102682
-10.872267711561994
-10.874012157195402
-10.875785552624402
-10.877587990348275
-10.879420024096051
-10.881280701767807
-10.883171010625237
-10.885090043442379
-10.887038477795212
-10.889015691272437
-10.890293976117885
-10.88781824592082
-10.885388825521405
-10.883006494343574
-10.881625473428599
-10.883650288845264
-10.885702989950317
-10.887784012849735
-10.889893578451202
-10.89203091383509
-10.894196736780735
-10.89639042910682
-10.898612553787883
-10.900862374804737
-10.90314075035778
-10.905446785039755
-10.907780730330746
-10.910143074977524
-10.912533015294724
-10.914951319939764
-10.917397042242106
-10.919871225637735
-10.922372792826426
-10.924902077875819
-10.927459590103265
-10.930044600620635
-10.932657620205626
-10.935297921877536
-10.93796645145951
-10.940662155808187
-10.943385333801608
-10.946136571793595
-10.948915006286246
-10.951721269633245
-10.954554560377447
-10.957415825045137
-10.9603040165744
-10.963219486281174
-10.966162730993634
-10.969132895447824
-10.972130567491135
-10.975155155871029
-10.978207261517944
-10.981286262776834
-10.984392090244846
-10.987525530021916
-10.990685498244439
-10.993872768238893
-10.997086628506443
-11.000327693403753
-11.003595424071634
-11.006889690367187
-11.010211143196495
-11.013558995528669
-11.016933663219476
-11.020334760617265
-11.023762708514703
-11.027216961902537
-11.030697851535903
-11.03420486573398
-11.037738267136902
-11.04129823276199
-11.044884266008538
-11.04849681156734
-11.052135238603698
-11.055800124656118
-11.059490710165871
-11.063207318714202
-11.066950180840738
-11.070718711581542
-11.074513424067508
-11.07833369032137
-11.082180000100331
-11.086051737771978
-11.08994898740371
-11.093872304554058
-11.09782080964334
-11.101795142629836
-11.105794680135288
-11.109819852991668
-11.113870036507524
-11.117945471851625
-11.122046474332059
-11.126172390630135
-11.130323715610233
-11.134499821675568
-11.138701200394829
-11.142927210393744
-11.147177957993815
-11.151454066080207
-11.155754570823987
-11.16008012726604
-11.164430029577641
-11.168804815606228
-11.173203855223175
-11.177627163050076
-11.182075492993391
-11.186547723145667
-11.191044692053936
-11.19556538061552
-11.200110881626742
-11.204680029890973
-11.209273427468633
-11.213890653622558
-11.218531763846801
-11.223197038581798
-11.227885855690827
-11.232598955625491
-11.237335255906697
-11.242095467221093
-11.246878935189763
-11.251685980387471
-11.256516726202188
-11.261370590571445
-11.266248287764594
-11.27114874679458
-11.276072692577628
-11.281019512928035
-11.285989413664758
-11.2909821608392
-11.295998878385998
-11.301037723491547
-11.306099309757267
-11.311183501313014
-11.316291319081989
-11.321421125913261
-11.326573240247095
-11.331747974867925
-11.33694544712245
-11.342165728195374
-11.347407510257344
-11.35267179278484
-11.357958467871136
-11.36326671322449
-11.368598288346194
-11.373950850382391
-11.37932538838903
-11.384721674947137
-11.390140905654928
-11.395581162941662
-11.401042666409893
-11.406526150201376
-11.412030808409268
-11.417558177626772
-11.423105825208303
-11.428675145703055
-11.434265972249401
-11.439877545894918
-11.445511296216026
-11.451165329980173
-11.456840594152034
-11.462536540351087
-11.468254545958995
-11.473992789056558
-11.479751417473633
-11.485530800915782
-11.491330927990257
-11.497152699276892
-11.502993854211157
-11.508855784639827
-11.514738365161207
-11.520641719156473
-11.526564576821732
-11.532507728900496
-11.538471229428248
-11.544454527520044
-11.550459078718394
-11.556482575949472
-11.562526221979278
-11.568589484031689
-11.574672608784448
-11.580776537925104
-11.586898923073353
-11.593041286563066
-11.59920303113431
-11.605385395383893
-11.611586035508568
-11.61780613442666
-11.624045697711741
-11.630304189147976
-11.636583093609177
-11.642880107328004
-11.649196442085147
-11.655531494046077
-11.66188558398872
-11.668259574281704
-11.674651246662787
-11.68106200176855
-11.687491331108017
-11.693940168256871
-11.700406984553778
-11.706892114594385
-11.713395910497871
-11.719917824761026
-11.726459312628018
-11.733018055018167
-11.739595021645183
-11.746190446076914
-11.752803778510467
-11.759436269221112
-11.7660855737274
-11.77275315735888
-11.779438489048307
-11.786142553643842
-11.792863748540162
-11.799602490889383
-11.80635907236528
-11.81313297528114
-11.819925638427215
-11.826734807707195
-11.833561403202655
-11.840405633078902
-11.847267898326065
-11.854146755790262
-11.861042524794815
-11.867955793314616
-11.874886069038233
-11.881834264150838
-11.888798850598782
-11.895780199520656
-11.902778646745338
-11.909793627633322
-11.916826656463858
-11.923875390101816
-11.930940773350267
-11.93802308668806
-11.945122722617382
-11.952238135456032
-11.959369735670855
-11.966518134091949
-11.973682769257433
-11.98086456871254
-11.988062045340552
-11.99527564995109
-12.002505532152023
-12.009751244521993
-12.01701430004365
-12.024292123871172
-12.031586313924677
-12.038896502770912
-12.046223355403916
-12.053565274694213
-12.060922667953943
-12.068296166017705
-12.075684988061605
-12.083090771447807
-12.090511262231994
-12.097947197110196
-12.105398773198505
-12.112866416187511
-12.120348900994118
-12.12784638056246
-12.135359600341593
-12.142888108198425
-12.150432659373688
-12.157991608232205
-12.165565385274434
-12.173154606875805
-12.18075850808033
-12.188378733446122
-12.196013047458699
-12.203662175386146
-12.211326300175207
-12.219005837700644
-12.226699625600771
-12.234407807244123
-12.242131078568093
-12.249869051189636
-12.257622398747953
-12.265389647876951
-12.273171041894845
-12.280967308945579
-12.288777679867675
-12.296603776947642
-12.304442992319943
-12.312297115948622
-12.32016541189672
-12.328048497990071
-12.335945035040735
-12.343855827107864
-12.351780935561758
-12.35971980988389
-12.367674258929222
-12.37564166082869
-12.383622678548136
-12.391617801945698
-12.399627826716054
-12.40765099375223
-12.415687685869079
-12.423738762454914
-12.43180346091122
-12.439882417037424
-12.44797432291529
-12.456079978029354
-12.46419943343135
-12.472332166638557
-12.480479962661324
-12.488640209740224
-12.496813579785684
-12.50500056915425
-12.513202003890854
-12.521416084934092
-12.529643193814952
-12.537884223010291
-12.54613840205827
-12.554406422165734
-12.562686876473075
-12.570980670624838
-12.579287793850805
-12.587607737700864
-12.595942311761553
-12.604288878642665
-12.612648211593253
-12.621020667797406
-12.629407183677866
-12.637805924375273
-12.646217262094131
-12.654642102714465
-12.663079677517867
-12.671530532044393
-12.679993856459
-12.688469875515391
-12.69695887451169
-12.70546028712634
-12.71397573841391
-12.722503258738056
-12.731042737718699
-12.739595441726674
-12.74816159558087
-12.756739626182872
-12.765329925489183
-12.773933192238857
-12.782549281526078
-12.79117808114374
-12.799819054502237
-12.808472407551621
-12.817138401651611
-12.825817455018788
-12.834508411536204
-12.843212023783437
-12.851927323720549
-12.860655576698123
-12.869397029885677
-12.878150036535041
-12.886915066542603
-12.895692809593593
-12.904483098054158
-12.913285856215138
-12.922100593343657
-12.930927464993156
-12.939766716034006
-12.948618837766102
-12.957482609167291
-12.966358880432754
-12.975246566601891
-12.984147089262496
-12.993060593040225
-13.001985498123672
-13.010922228458062
-13.01987148716587
-13.028833183465029
-13.037807179742654
-13.046793004675116
-13.0557908156871
-13.064800920519701
-13.073823738885702
-13.082858127657685
-13.091904696670726
-13.100963007289552
-13.110033851159741
-13.11911761177509
-13.128212696991897
-13.137319534441861
-13.146438880792992
-13.155570977372752
-13.16471462511879
-13.173870381159418
-13.183038224102756
-13.192218299542219
-13.201411085346397
-13.210615472987373
-13.219831721072438
-13.229060480863462
-13.238301396024271
-13.247555386855858
-13.256820709073624
-13.26609791186237
-13.275387697652784
-13.284690379417826
-13.294004664260784
-13.303331239225809
-13.312670042045491
-13.32202120723503
-13.331385304784584
-13.340761162487073
-13.35014910296715
-13.35954971238034
-13.368962750357273
-13.378389109889131
-13.387827049197814
-13.397277129173649
-13.40674008692799
-13.416216262798073
-13.428164783562941
-13.44258277501696
-13.457017133464177
-13.471467719182304
-13.485934625408866
-13.50041759999267
-13.51491662246473
-13.5294316184376
-13.543963411532046
-13.558510134036396
-13.573072610861907
-13.587649872763134
-13.602243646761233
-13.616853916921599
-13.631478709723288
-13.64611885957325
-13.66077440208064
-13.675445219274067
-13.690131295722438
-13.704832465447609
-13.719548715611223
-13.734277308429498
-13.749024359149795
-13.763785323041565
-13.778561002663944
-13.793350340306416
-13.806061655700105
-13.81567084385944
-13.825292453632127
-13.834927566067313
-13.844576286544003
-13.854238447828171
-13.863914828027779
-13.852279465862061
-13.883307075968194
-13.893023628398431
-13.882408626252893
-13.912498847365882
-13.90255029394255
-13.932027649885226
-13.922736624773282
-13.95161288582207
-13.961425781330421
-13.953102770940701
-13.981093431253049
-13.973403352937828
-14.000817526574338
-13.993750358525501
-14.020597199361328
-14.014143087966506
-14.040434301490592
-14.034583281238413
-14.060327484395012
-14.055068918906416
-14.065329473801253
-14.07560303683141
-14.085887343454658
-14.096183573444934
-14.12035279948767
-14.130408706222303
-14.14047805193413
-14.150562446837629
-14.1478464034634
-14.15821525295829
-14.168597128057637
-14.191050046322506
-14.18939697941131
-14.211383074368136
-14.22157250794324
-14.220690824335072
-14.241998429975174
-14.241615903352717
-14.262485135485315
-14.262593907723392
-14.283034716032036
-14.2836222543716
-14.294156454896983
-14.304703680862664
-14.324323273584776
-14.325839371536311
-14.345063875073807
-14.347027709103525
-14.365869071008923
-14.3682722863247
-14.386741765861515
-14.389571143831978
-14.400242237556395
-14.418176052584338
-14.421627151355521
-14.439216451138066
-14.443069502992559
-14.460326612919744
-14.464571314233883
-14.47534468856181
-14.486132771493871
-14.49693592884293
-14.51341348731641
-14.524084991191089
-14.529440352924027
-14.54030614995336
-14.556210306370302
-14.562087750061972
-14.573002202990061
-14.583933389233408
-14.594881576820857
-14.605846440198638
-14.61682922402854
-14.627828953865901
-14.638845773857168
-14.649880193388668
-14.660933670723848
-14.672004626181353
-14.683093715609264
-14.6942012873927
-14.708461810324176
-14.716474921405656
-14.730545835174581
-14.741620643765657
-14.750029403322783
-14.761254161254888
-14.772500189275409
-14.786148205823546
-14.795053516613946
-14.806361722888102
-14.819790622473887
-14.829044919354626
-14.842340094689536
-14.851816039160395
-14.863235995209928
-14.876354070893269
-14.88774328740382
-14.897638782536818
-14.909154752457622
-14.922072769385572
-14.932262131051946
-14.943853806200407
-14.956649723040128
-14.968232279844374
-14.978788950361071
-14.990488363844452
-15.003158794991206
-15.014861088093339
-15.025755939870638
-15.038360941538734
-15.049415950324388
-15.061291056816152
-15.073850957723883
-15.085136743777333
-15.097107201040044
-15.109110730026602
-15.121646226455159
-15.133219586701394
-15.145757755121538
-15.157469092731736
-15.169647310002482
-15.18186245431353
-15.19411535142682
-15.206407943148442
-15.218738412161356
-15.231108885151183
-15.243520343241286
-15.255974046609936
-15.268469115743683
-15.281007417554635
-15.293590033168359
-15.30621725279807
-15.319017106482066
-15.331611219148131
-15.344378565403215
-15.357285181553745
-15.370140667438605
-15.382976750899065
-15.395943963941557
-15.408963572938035
-15.422036763207572
-15.435208174761234
-15.448347915115466
-15.461587179132051
-15.474912150011237
-15.488263447073804
-15.501655148127522
-15.515130757967265
-15.528682641014237
-15.542267748612542
-15.555932354637648
-15.56966096719896
-15.583462334518577
-15.597316612079464
-15.611250548629142
-15.62524507890401
-15.63931613225679
-15.653452302512598
-15.667665138305287
-15.681948548641465
-15.69630675303196
-15.710738776048649
-15.725246280867106
-15.739829748113381
-15.754492077961267
-15.769230955523605
-15.784048326516032
-15.798944796390044
-15.813921173340704
-15.8289788023862
-15.844116206548025
-15.85933486855688
-15.874635120091543
-15.890017260131495
-15.90548250349861
-15.92102913271115
-15.936658205502432
-15.952369781222833
-15.968164798893552
-15.984041270027486
-15.999999999999995
