-15.999999999999984
-15.984008008018657
-15.968032064291693
-15.95207221746676
-15.936128516657236
-15.92020101136122
-15.904289751626694
-15.888394787903126
-15.872516171043083
-15.856653952347589
-15.840808183879465
-15.82497891785542
-15.809166207046726
-15.79337010483033
-15.777590664950141
-15.761827941356517
-15.74608198965446
-15.730352864482182
-15.71464062122753
-15.698945317300023
-15.683267009180394
-15.667605754203343
-15.651961610189625
-15.63633463573815
-15.620724889899922
-15.605132432533996
-15.589557323326638
-15.573999623320672
-15.558459394089267
-15.54293669607804
-15.527431593962984
-15.511944150012114
-15.49647442899506
-15.48102249241657
-15.465588409064006
-15.450172240654098
-15.434774055087521
-15.419393922122705
-15.404031904486974
-15.38868807551747
-15.373362499397063
-15.358055250432987
-15.342766394208128
-15.327496006690813
-15.312244154342858
-15.2970109156094
-15.281796357759681
-15.26660055878515
-15.251423593916801
-15.236265536152848
-15.221126465568972
-15.206006453580489
-15.19090558503047
-15.175823931840007
-15.160761580883088
-15.145718605203113
-15.130695094904967
-15.115691122333544
-15.100706775563966
-15.085742142823197
-15.070797300696988
-15.055872343823832
-15.040967350371217
-15.026082418114846
-15.011217627700114
-14.996373065185502
-14.981548835290088
-14.966745022573585
-14.951961719774976
-14.937199010995993
-14.922457012293886
-14.907735805766247
-14.893035484524999
-14.878356162753844
-14.863697931246215
-14.849060890988047
-14.834445133391046
-14.819850784427572
-14.805277933068755
-14.79072669171285
-14.776197150791978
-14.7616894433926
-14.74720366769374
-14.732739922573204
-14.718298346364147
-14.703879035547825
-14.68948211282025
-14.675107674888775
-14.660755872650707
-14.64642680973481
-14.632120603542997
-14.61783737170369
-14.603577257158772
-14.589340381206648
-14.575126853986612
-14.56093682830689
-14.546770426151097
-14.532627785130012
-14.518509021589674
-14.504414296772618
-14.490343744154936
-14.476297495200635
-14.462275687682784
-14.448278491106574
-14.43430603261974
-14.420358456107454
-14.406435933068671
-14.39253861296214
-14.378666639504553
-14.36482016536205
-14.350999374410895
-14.337204422334535
-14.323435469820131
-14.309692662263796
-14.295976215013217
-14.282286273125978
-14.268623006841743
-14.254986623632217
-14.241377282719604
-14.227795172830627
-14.21424046957475
-14.200713396246737
-14.187214119600545
-14.173742850230866
-14.160299756750929
-14.146885093436346
-14.13349904235855
-14.120141807545084
-14.106813611087446
-14.093514635282338
-14.08024517763169
-14.067005423807114
-14.053795596761297
-14.040615938906527
-14.027466693933969
-14.014348098775534
-14.001260394629023
-13.988203800819152
-13.975178651980185
-13.962185177860798
-13.949223638993637
-13.936294300833909
-13.923397446068416
-13.91053336703519
-13.897702296995815
-13.884904624740889
-13.872140596730732
-13.859410525016235
-13.846714732503042
-13.834053530264647
-13.821427235717554
-13.808836150253551
-13.796280694528711
-13.783761185325563
-13.771277969015893
-13.758831399387507
-13.746421858372361
-13.73404973174565
-13.72171539991771
-13.70941920498758
-13.697161652434115
-13.684943114921264
-13.672764024306748
-13.660624807888395
-13.648525903027224
-13.636467772604089
-13.62445083796541
-13.612475684791171
-13.600542745888486
-13.58865250464832
-13.576805516433724
-13.565002290632446
-13.553243369808149
-13.541529247652406
-13.529860599445636
-13.518237990735255
-13.506662002420033
-13.495133252228431
-13.483652374541027
-13.472219998780208
-13.46083683857451
-13.449503491864114
-13.43822080127406
-13.426989426383985
-13.415810091233846
-13.404683611458609
-13.393610754778784
-13.382592310701767
-13.371629116810706
-13.360722082744477
-13.34987209782927
-13.33908005160604
-13.328346859842089
-13.31767354401496
-13.307061078156279
-13.296510413788187
-13.286022769286614
-13.275599134149022
-13.265240691964262
-13.254948579911183
-13.244723999022494
-13.234568188382488
-13.224482393300292
-13.214467917389495
-13.204526252431375
-13.194658723239922
-13.184866781086242
-13.17515188874658
-13.16551566425655
-13.155959679417567
-13.1464854686561
-13.137094939310252
-13.127789716831746
-13.118571705456521
-13.109442725677901
-13.10040468683723
-13.091459672019596
-13.08260960422421
-13.073856832323093
-13.065203469060881
-13.056651727021332
-13.048204055562659
-13.039862839902952
-13.031630585601492
-13.02350987774086
-13.015503229907663
-13.007613695038229
-12.999843956531342
-12.992196934624385
-12.984675637009458
-12.977283108772422
-12.970022637244744
-12.962897332032155
-12.955910790417734
-12.949066355309924
-12.942367518737973
-12.935818046129556
-12.929421576089071
-12.92318187993433
-12.91710288781551
-12.911188633401817
-12.905443214521293
-12.899870727235689
-12.894475276694521
-12.889261283806396
-12.884233018371967
-12.879394866564747
-12.874751114741407
-12.870306446757947
-12.86606535581749
-12.862032283301557
-12.858211568039447
-12.854608253581443
-12.85122605882203
-12.848070252088744
-12.84514452273958
-12.842453813094213
-12.840001897692149
-12.837793020897841
-12.835831851011129
-12.834121456458949
-12.832666354982127
-12.831469613931349
-12.830535162245408
-12.82986567347007
-12.829464560696149
-12.829334943435027
-12.829478836059202
-12.82989909457441
-12.83059720476274
-12.831575727621317
-12.832835260450109
-12.8343781527077
-12.836204306471858
-12.83831489554222
-12.840710834669695
-12.843391109294991
-12.846356718383067
-12.849606166500513
-12.853139571829313
-12.85695525062529
-12.86105204058936
-12.865429322386392
-12.870084146618469
-12.875015593812586
-12.88022074640557
-12.885697919877023
-12.891443809038918
-12.897456244248534
-12.903732810867249
-12.910269787854302
-12.917064801629351
-12.924113896215353
-12.931414834026643
-12.938963030492882
-12.946756063861292
-12.954790626467997
-12.96306238359686
-12.971569036758831
-12.980305637846273
-12.989270219953495
-12.998457940697143
-13.007865915219401
-13.017491299341774
-13.027329273708952
-13.037378030775733
-13.047632678096397
-13.058091157383409
-13.068749242463419
-13.079603820206858
-13.090652809373948
-13.101891636871771
-13.1133184209379
-13.124929217081155
-13.13672190705962
-13.148692651450167
-13.16083984033837
-13.173159199844603
-13.185649161901608
-13.198307222578384
-13.211129777367265
-13.224115673877774
-13.237260778387716
-13.250564458109558
-13.264022799484055
-13.27763421048523
-13.291397168245005
-13.30530790080047
-13.319366087452877
-13.333567932949379
-13.347912829872415
-13.362397720314233
-13.37702081860958
-13.391781455166651
-13.406676152742877
-13.42170445056819
-13.43686352842354
-13.452152609500503
-13.467568770289956
-13.483111468446271
-13.49877927423174
-13.514569674772162
-13.530482102457771
-13.546514104899444
-13.562665190093968
-13.578932648452176
-13.595316195651332
-13.611814645795198
-13.628425365869768
-13.645148976347732
-13.661981949333143
-13.678924967347097
-13.695975487352067
-13.713132803522102
-13.730396242240488
-13.747763319779835
-13.76523485849887
-13.78280746959474
-13.800482026088863
-13.818256113442223
-13.836129712267219
-13.854100439790619
-13.872168424551603
-13.890332882897708
-13.908591786715077
-13.926945227462737
-13.945391202509121
-13.963929844017489
-13.982558862673235
-14.00127851282147
-14.02008813983565
-14.038985487990171
-14.057971710444914
-14.07704364500446
-14.09620247821004
-14.115445992598014
-14.134773930858342
-14.154186055823798
-14.173680178131043
-14.193257555672218
-14.212915099465597
-14.232654095871858
-14.252472385284737
-14.27236950157583
-14.292345903888707
-14.312399453723291
-14.332530594280943
-14.352737501577217
-14.373020645533886
-14.393378213022542
-14.413809823850249
-14.434316006499648
-14.454894664790439
-14.47554633177188
-14.496268924206237
-14.517063881040537
-14.537928247087681
-14.5588634820601
-14.579867519699956
-14.60094036690651
-14.622082045384786
-14.643290485758719
-14.664567244242713
-14.685909339380087
-14.707318345134917
-14.728792241675748
-14.750330723476685
-14.771934512725624
-14.79360156505136
-14.815332587431808
-14.837125842809169
-14.858982057483814
-14.880899498908057
-14.902878030263887
-14.924918277198385
-14.947018349137412
-14.969178890158249
-14.991398016173726
-15.013677287991444
-15.036013866806337
-15.058408787827897
-15.080861949900722
-15.103371638026884
-15.12593868565851
-15.148561100630184
-15.171240572368202
-15.193974302037502
-15.216763012965416
-15.239607514453299
-15.262504997721818
-15.28545717733489
-15.308462073396013
-15.331520591315103
-15.354631027662718
-15.377793377246855
-15.40100871529598
-15.424274273362279
-15.447591792614089
-15.470959330613553
-15.494377796332941
-15.517845254871249
-15.54136345723072
-15.564929667944265
-15.588544974835514
-15.61220944146444
-15.635921370206846
-15.65968176686854
-15.683488683178938
-15.707343891477022
-15.731244693094581
-15.755191958257535
-15.779186494999932
-15.80322564069655
-15.82731118497707
-15.85144118502971
-15.875616704930895
-15.899836047765888
-15.924099355736383
-15.948407734376838
-15.972758552965171
-15.997153563263973
-16.021590902676724
-16.04607160619712
-16.07059381504882
-16.095158351753845
-16.1197654220025
-16.144413326661034
-16.16910320099971
-16.193833345174827
-16.218604905664307
-16.243415959396554
-16.26826740865404
-16.293159447584372
-16.31809017118424
-16.34306140953086
-16.368070587013978
-16.393119540672682
-16.418206348994293
-16.443331479805295
-16.46849540895161
-16.49369622049627
-16.518935755586458
-16.54421146850493
-16.56952520686059
-16.59487506650595
-16.62026225136791
-16.645684862130683
-16.67114380671954
-16.696639388655992
-16.722169896644736
-16.747736584882773
-16.773337740683488
-16.79897462763118
-16.82464533656991
-16.850350793967635
-16.876091300820327
-16.90186499416899
-16.92767370174368
-16.953514952769037
-16.97939061394874
-17.005298775423086
-17.031239983319796
-17.057213846594134
-17.083222236247853
-17.109261355441152
-17.135332534748276
-17.161435738945254
-17.18757283961296
-17.213739521198416
-17.239937658602315
-17.2661672165574
-17.292427835089846
-17.318720868047297
-17.345043043093987
-17.371395714780988
-17.397778527678266
-17.424191479428686
-17.450636423906026
-17.477109091640926
-17.503611340650146
-17.530143166958176
-17.55670594840919
-17.583295913923518
-17.609914922229372
-17.636562645116406
-17.66323875946941
-17.68994513078077
-17.71667798314849
-17.743438719922583
-17.77022734210324
-17.797043827200305
-17.82388960408652
-17.850760877519534
-17.877659534763836
-17.904585263351183
-17.931539501959588
-17.95851890495094
-17.985524911315114
-18.01255722645375
-18.039615834895365
-18.06670262772668
-18.09381338201277
-18.120949991460567
-18.14811243923424
-18.17530219652347
-18.202515466403966
-18.229754141394395
-18.257017937002296
-18.284306573576828
-18.31162194785038
-18.338960259385786
-18.366322999984476
-18.393710158523735
-18.42112173637442
-18.448559225057327
-18.47601884043103
-18.50350246368541
-18.531009834844372
-18.558542464623503
-18.586096939610293
-18.613674770588304
-18.641275702945936
-18.668899740852535
-18.696548769095592
-18.724218629360852
-18.75191120924596
-18.77962651056088
-18.80736428691105
-18.83512607688647
-18.862908439537055
-18.890712913447604
-18.91853926538654
-18.94638938581538
-18.974259481853583
-19.002151101451528
-19.03006424864975
-19.0579989146052
-19.085956662488947
-19.113933689942446
-19.14193189663948
-19.16995105812427
-19.197990953918747
-19.2260534866575
-19.2541348507386
-19.282236625934477
-19.310358806781725
-19.338503294054874
-19.36666597087065
-19.394848739928282
-19.42305159379574
-19.451274326431268
-19.47951853363939
-19.507780715748886
-19.53606246844432
-19.564363590918184
-19.59268598659166
-19.621025847676247
-19.649384783541908
-19.677762789502168
-19.706159866157808
-19.73457762484044
-19.763012266113222
-19.791465684197803
-19.81993769111497
-19.84842810219513
-19.87693881443978
-19.905466025010526
-19.934011360020314
-19.96257482132611
-19.99115830430824
-20.019757740092768
-20.048375026011918
-20.077010161639777
-20.10566296981856
-20.13433509515299
-20.163022985667077
-20.191728285785285
-20.220450827103846
-20.249190605123346
-20.277949521499092
-20.30672352060146
-20.335514505638372
-20.36432247014825
-20.393149075653213
-20.42199051159282
-20.45084867928305
-20.479723417357985
-20.508614567441526
-20.537524032728495
-20.56644799999418
-20.595388143026828
-20.624344456985902
-20.65331884318466
-20.682307267097137
-20.711311631463712
-20.740331929537017
-20.769368012532972
-20.7984215666967
-20.827488993934104
-20.856571980284976
-20.885670381543772
-20.914784196127243
-20.943915321232424
-20.973059739893657
-21.00221935082663
-21.031394150415558
-21.060585836734308
-21.08979059876755
-21.11901033360997
-21.148244905639046
-21.177494181738542
-21.206760060740983
-21.23603872905836
-21.26533189554596
-21.294639557170523
-21.323961706326017
-21.353300058452245
-21.382650797659338
-21.412015823829297
-21.44139500975675
-21.470790077209784
-21.500197387788123
-21.529618663052318
-21.55905378172927
-21.58850273718142
-21.61796742898365
-21.647443869333006
-21.676933958957648
-21.70643768952428
-21.73595673957466
-21.765487456422523
-21.795031574061504
-21.824589031746847
-21.85415976910466
-21.88374552690908
-21.913342644881613
-21.94295276060141
-21.972576022016256
-22.00221226668523
-22.031863342105446
-22.061525279530866
-22.09120012700334
-22.120887726989416
-22.15058983153792
-22.180302767305086
-22.210028286144382
-22.239766332251904
-22.26951675653565
-22.299281597872366
-22.329056803133096
-22.35884440854439
-22.38864426714141
-22.418456325082307
-22.44828234613723
-22.47811864332212
-22.507966980220115
-22.53782721781367
-22.56770138364077
-22.5975855262061
-22.627481499994037
-22.657389170269703
-22.6873086534754
-22.71724163911623
-22.747184428688932
-22.77713879565223
-22.807104690124238
-22.837082062512284
-22.86707269167037
-22.897072872994784
-22.927084308384
-22.957107103652927
-22.987143039573034
-23.017188255370865
-23.04724453586909
-23.077311982358097
-23.107390473083065
-23.13748179583392
-23.167582235545716
-23.197693579844227
-23.227815782709932
-23.25795063572385
-23.288094419380275
-23.318248857158814
-23.348414040604712
-23.378589856392075
-23.408778166702326
-23.438975048619092
-23.46918249619327
-23.499400399678304
-23.529628652084163
-23.55986924450916
-23.590118256385125
-23.620377551661065
-23.650647026750875
-23.680928668857046
-23.711218500857477
-23.741518508012508
-23.77182858827131
-23.80214870027278
-23.832480652190124
-23.86282070508939
-23.89317066700645
-23.92353044167002
-23.95390010103415
-23.984281455585858
-24.0146706517745
-24.045069503304646
-24.075478078538115
-24.105898138605788
-24.136325936282663
-24.1667632867125
-24.19721015138169
-24.227666491985417
-24.258134127539076
-24.288609306451544
-24.31909379880147
-24.34958766524791
-24.380092726171707
-24.41060513050899
-24.44112670156826
-24.471657496749334
-24.502197432267995
-24.53274833354262
-24.56330644153803
-24.593873581562793
-24.624449717899374
-24.65503477161915
-24.6856307017185
-24.71623357258505
-24.746845341700325
-24.777465931352776
-24.808097214033143
-24.83873530052228
-24.869382145381145
-24.90003767347046
-24.930701811619663
-24.961376512274846
-24.99205788794902
-25.022747812406436
-25.053446214914157
-25.08415313801724
-25.11487038132795
-25.1455941717533
-25.17632634680783
-25.20706687417154
-25.237817593794283
-25.26857472989493
-25.29934012234143
-25.3301137056252
-25.360895516350837
-25.3916873961171
-25.4224854993937
-25.453291670059382
-25.484105942219127
-25.51493012817741
-25.54576044643091
-25.576598741886478
-25.60744498431659
-25.63829914364732
-25.669163067502648
-25.70003297138877
-25.73091067391477
-25.76179620381798
-25.792689502616433
-25.82359244822339
-25.854501169661226
-25.885417600666905
-25.916341684748055
-25.94727527386316
-25.97821457863197
-26.009161451045888
-26.040115862866113
-26.07107776099374
-26.102049075480366
-26.1330259140015
-26.16401020559214
-26.19500189801659
-26.226000963873016
-26.25700925987374
-26.28802299145411
-26.31904401522021
-26.350072282091247
-26.381109717709222
-26.41215245834153
-26.443202384776825
-26.474259449630075
-26.50532366944391
-26.53639688329806
-26.567475292323316
-26.598560757180316
-26.62965325218497
-26.660752751783598
-26.69186111870039
-26.72297455186563
-26.754094895170237
-26.785222161248733
-26.816358213623744
-26.84749921280554
-26.87864702387162
-26.909801657790375
-26.940963072295585
-26.972133133440376
-27.00330803651165
-27.03448964757854
-27.06567794265823
-27.096874789385666
-27.128076381397577
-27.15928457087156
-27.190499365364577
-27.22172072587099
-27.25295053639199
-27.284184944648324
-27.315425864136024
-27.346673257148826
-27.377927087059252
-27.409189266324006
-27.44045594364364
-27.47172900379328
-27.503008411432067
-27.534296077713257
-27.56558814006753
-27.59688650901738
-27.628191149845474
-27.659502040647777
-27.690821055215984
-27.722144380901423
-27.75347389152989
-27.784809554447765
-27.816151370768768
-27.847501215227744
-27.878855251940422
-27.910215356783056
-27.94158152973747
-27.972955636649495
-28.004333862284785
-28.03571808308875
-28.067108278449485
-28.098504427851456
-28.12990840908183
-28.16131640561929
-28.192730286437413
-28.22415004920688
-28.255577572254154
-28.287009020930878
-28.31844627456277
-28.349889329887617
-28.381338158886432
-28.412794641615648
-28.444254959469166
-28.475720992511743
-28.5071927214173
-28.53867011985532
-28.57015509037895
-28.601643785172847
-28.63313810638346
-28.664638028168735
-28.69614543906126
-28.727656499396396
-28.759173110545422
-28.790695247564084
-28.822222886111902
-28.85375792701515
-28.885296531288738
-28.916840588050867
-28.948390073807534
-28.97994498134272
-29.011507189425313
-29.043072875818268
-29.074643924815636
-29.10622031867583
-29.137803942430022
-29.169390973227646
-29.200983296138787
-29.232580889421627
-29.26418374447032
-29.295793746933523
-29.32740706491596
-29.359025584748206
-29.390649297281147
-29.422280085190124
-29.453914124378144
-29.485553301573713
-29.517197600025703
-29.548847003056604
-29.580503398191308
-29.61216296073664
-29.64382757522622
-29.675497231440424
-29.70717190993504
-29.738853501810336
-29.77053817349935
-29.80222782172083
-29.833922427659548
-29.865623880239724
-29.89732835385907
-29.929037737501172
-29.96075201540429
-29.99247116972374
-30.024197096559863
-30.05592596142174
-30.08765966025486
-30.1193981755535
-30.15114149195795
-30.182891499781757
-30.214644372645544
-30.246402000927635
-30.27816436797689
-30.309933369271576
-30.341705173530364
-30.373481673194032
-30.40526285209873
-30.4370486981577
-30.468841101413005
-30.500636234986537
-30.53243599036702
-30.564240353021173
-30.596049308477028
-30.627864748709822
-30.659682846642834
-30.691505493453306
-30.723332676697048
-30.755166288635934
-30.787002500461462
-30.81884320476607
-30.85068838900231
-30.882538038491155
-30.91439404611336
-30.94625258456871
-30.978115546816692
-31.009982919152513
-31.041856594820715
-31.07373274647541
-31.10561326704667
-31.137498143874893
-31.16938736311154
-31.201282818737067
-31.233180682452954
-31.265082848950478
-31.29698930471258
-31.328900036370477
-31.360816938637107
-31.39273618353246
-31.424659665416733
-31.456587371212485
-31.48852119568794
-31.5204573110455
-31.55239761209219
-31.584342085976814
-31.61629072002619
-31.648245408908114
-31.680202325483194
-31.71216336451028
-31.744128513489528
-31.77609776007222
-31.80807299919975
-31.840050403856555
-31.87203186911579
-31.90401738277703
-31.936008840005716
-31.968002413989183
-31.999999999999957
