-5.827586677109586e-18
-0.0006351145862791242
-0.003073188115832767
-0.008195728642471938
-0.016461704811965166
-0.027838648976352645
-0.04181110305489334
-0.057464260541206076
-0.07362898653544929
-0.0890650419484516
-0.1026537101786413
-0.11356993405685532
-0.12140761165816255
-0.12623925008744738
-0.12860150938931153
-0.12940965215703587
-0.1298147693827868
-0.1310262291785714
-0.13412681972478602
-0.13990882312091024
-0.14875571566020193
-0.16058695039730123
-0.17487349756264708
-0.19072101893057594
-0.20700738176049382
-0.2225531998862839
-0.23629939580343148
-0.24746505917077677
-0.2556621766415273
-0.26095056525766047
-0.26382548963348135
-0.26514057704582433
-0.26597823810722393
-0.2674874359068643
-0.27071322219899546
-0.27644334826367195
-0.2850943908504794
-0.2966536972604631
-0.31068500886671174
-0.3263961523878946
-0.3427581031129295
-0.3586573511322425
-0.37305889136121556
-0.38515593696863426
-0.3944847422886211
-0.4009883193663782
-0.40502049980150573
-0.40729057428624355
-0.40875734077208287
-0.4104885652307229
-0.4135065946564385
-0.41864252170935856
-0.42641970329528384
-0.43698287441335304
-0.4500822879974818
-0.4651142743867961
-0.4812115283393635
-0.49736945678557176
-0.5125900320392284
-0.5260224480679332
-0.5370807202122377
-0.5455220173366684
-0.5514753896171087
-0.5554177711113265
-0.55810163970445
-0.5604454378394361
-0.5634028622831438
-0.5678297527111895
-0.574367233825742
-0.5833570700841898
-0.5948003203264969
-0.6083640717607922
-0.6234342120680776
-0.6392058356188203
-0.6547978550100372
-0.6693753700464888
-0.6822627002541312
-0.6930317379297251
-0.7015541138164935
-0.7080109912406676
-0.7128603309655146
-0.7167673378202569
-0.7205086997562852
-0.7248645097248387
-0.7305130169312691
-0.7379424782277052
-0.7473915649987211
-0.7588254818158894
-0.7719498171366709
-0.7862589138703385
-0.8011109461186195
-0.8158185310000303
-0.8297420086945448
-0.8423726605542758
-0.8533950140133246
-0.86272067532583
-0.8704903248674256
-0.8770449884515338
-0.8828718313067405
-0.8885329530743307
-0.8945875855577107
-0.9015185027828488
-0.9096723580122504
-0.9192212860477754
-0.9301498411030638
-0.9422676764213632
-0.9552448390574886
-0.9686636353915609
-0.9820790938829767
-0.9950793281396305
-1.007337622488433
-1.0186496845210624
-1.0289519473942095
-1.0383196721483865
-1.046946470344751
-1.055109336167678
-1.0631250201362645
-1.0713043902804351
-1.0799112514142484
-1.0891310139367738
-1.0990528299048323
-1.1096666430248041
-1.120874367647507
-1.132512445649343
-1.144381597286624
-1.156278857143291
-1.1680270297245139
-1.1794974552956847
-1.1906232877694014
-1.2014021226189129
-1.2118885091228808
-1.2221783795392065
-1.2323885146568507
-1.2426347014034846
-1.2530121757596349
-1.2635813286071218
-1.2743606105208092
-1.2853272892898084
-1.296425403622215
-1.3075791238479568
-1.3187089435313302
-1.3297477910308941
-1.3406542983515486
-1.351421050721102
-1.362076552625501
-1.372680726880672
-1.3833148351779865
-1.3940676022621927
-1.405019906548807
-1.4162305863469045
-1.4277256860228997
-1.439492878111575
-1.451481948181706
-1.4636112590808283
-1.475779174316872
-1.4878786613043657
-1.4998128268216262
-1.5115090241191786
-1.5229294220764138
-1.5340764940309755
-1.5449926728916603
-1.5557543042228374
-1.5664608735436198
-1.5772211615921237
-1.5881383942801022
-1.5992965479536552
-1.610749740654007
-1.6225161306318874
-1.634577039386821
-1.6468812295643729
-1.659353518520994
-1.6719063070199296
-1.684452234018279
-1.6969160795722034
-1.709244231479254
-1.7214104677061601
-1.733417411011019
-1.7452936869739992
-1.7570874573519908
-1.7688575118068952
-1.7806634104096728
-1.7925562380478173
-1.8045713592699357
-1.8167241842894488
-1.8290094400222958
-1.8414038691075914
-1.8538717450078006
-1.8663721737826662
-1.8788669132404243
-1.8913274085799665
-1.903739917772772
-1.916107945423823
-1.9284516609593088
-1.9408044705950465
-1.9532073643000736
-1.9657019995136416
-1.9783236627612564
-1.9910952451695592
-2.0040231842231555
-2.017095995527358
-2.0302855999900795
-2.0435512112898317
-2.056845154860076
-2.070119702865034
-2.083333871514739
-2.096459155110859
-2.1094833568041995
-2.1224119862944795
-2.135267078356826
-2.1480836818198203
-2.1609046149326843
-2.1737743276850576
-2.1867328195388285
-2.1998105192502835
-2.2130248527191236
-2.226378937096601
-2.239862492637965
-2.253454713847888
-2.2671285433672796
-2.2808555913757695
-2.294610869259478
-2.3083765676377146
-2.322144292739251
-2.3359154497041343
-2.3496997810110383
-2.3635123808632827
-2.3773697618006016
-2.3912857074753746
-2.405267680711934
-2.419314463456278
-2.433415499958256
-2.44755212909952
-2.4617005713385183
-2.475836230903922
-2.489938633039593
-2.5039961780683324
-2.518009882091234
-2.531995392651553
-2.545982801387072
-2.5600140919726972
-2.5741384153218543
-2.588405723876407
-2.6028595730705373
-2.617530069392104
-2.632427983946819
-2.647540949207246
-2.662832425129689
-2.6782437873680482
-2.6936994969890247
-2.709114908324421
-2.7244059111836196
-2.73949933220322
-2.7543428730527055
-2.768913360502532
-2.783222227270791
-2.7973174177633497
-2.8112812885808784
-2.8252245078954297
-2.8392764022227626
-2.8535726048648242
-2.8682411834567128
-2.88338863007064
-2.899087164425577
-2.915364721537136
-2.9321987768275726
-2.9495148247116627
-2.9671899022776396
-2.9850610766760792
-3.0029383360631563
-3.0206208824744474
-3.03791546087217
-3.054655105662238
-3.0707165695560517
-3.0860347346108417
-3.1006124947781153
-3.1145249341233483
-3.1279170835477714
-3.140995088334934
-3.1540112163191423
-3.167243731737105
-3.180973198882726
-3.195457208978285
-3.210905794961451
-3.2274598743965197
-3.245174917945809
-3.2640116765473
-3.283835233132278
-3.3044229151271205
-3.3254807731505056
-3.346667476172276
-3.367623679984853
-3.388004280739554
-3.407510546089554
-3.4259189822350544
-3.443103978183777
-3.4590517686187487
-3.473864038548709
-3.4877504875475034
-3.501010781978957
-3.514007434673579
-3.527132141239461
-3.5407688561639548
-3.5552573170082344
-3.5708607614732437
-3.587741212090789
-3.6059449549259157
-3.625399784821176
-3.645924341040368
-3.6672485505283494
-3.689042978932426
-3.7109539031020837
-3.7326402804488783
-3.7538085794297866
-3.7742416818271356
-3.793818748129796
-3.812523976926802
-3.8304434687573568
-3.8477507751385063
-3.86468301288606
-3.881510497840109
-3.898503572285008
-3.915900580366604
-3.9338807524359427
-3.952545116844319
-3.9719075455435284
-3.991896782659535
-4.012368957757599
-4.033128813539469
-4.053956837253685
-4.074638802890394
-4.094993989020831
-4.114898561326928
-4.134301267355913
-4.1532295974793465
-4.171785790869747
-4.190133352386124
-4.208475932789227
-4.227031361902006
-4.246004196386698
-4.265560282298462
-4.285806524987641
-4.306778349732965
-4.32843632101637
-4.350672200157657
-4.373323514269288
-4.396194639044298
-4.419081599249431
-4.44179736288689
-4.464194397734198
-4.48618166736423
-4.5077340091554685
-4.5288928551816445
-4.549758392724608
-4.570474365742127
-4.591207649148263
-4.612125366172958
-4.633372586975372
-4.655053514962435
-4.6772185594299245
-4.699858881266254
-4.722908993214669
-4.746256931849943
-4.769760534748417
-4.793267580427461
-4.816637078334649
-4.839758887706085
-4.8625691054947575
-4.885059254242092
-4.907278137759893
-4.929326202214957
-4.951343213638906
-4.973490913179716
-4.995932930184429
-5.018814544758135
-5.042244861847621
-5.066283599765172
-5.0909340619110495
-5.116143040663964
-5.141807508509243
-5.167787101915801
-5.1939207076483696
-5.220045005231177
-5.246012654945841
-5.271707959705904
-5.29705824221175
-5.322039801177187
-5.346678051390196
-5.371042208328582
-5.395235547009491
-5.419382760224616
-5.443616203835384
-5.46806282117329
-5.49283329665763
-5.518014546379139
-5.543666083322878
-5.569820185550299
-5.596485238101668
-5.623651194355453
-5.651295868829358
-5.679390759756598
-5.707905301364893
-5.7368088252254115
-5.766070003426158
-5.7956540728457675
-5.825518613815906
-5.855609000356988
-5.88585479479839
-5.916168297236007
-5.946446183016032
-5.97657470553812
-6.006438371273832
-6.035931392436559
-6.064970680995408
-6.093508750801293
-6.121544709582108
-6.149131588414848
-6.17637857760953
-6.20344728338931
-6.230541825478673
-6.257893373289912
-6.285740466379025
-6.31430708215594
-6.343780813594838
-6.374293640929434
-6.405907598016977
-6.438607158995993
-6.4722994548368975
-6.506822555371263
-6.541961124978941
-6.5774678927884125
-6.613088678486152
-6.648588270829841
-6.6837743248306865
-6.718516644313405
-6.752759727363582
-6.78652721296362
-6.819917787344399
-6.8530930782357435
-6.886258968758657
-6.919642493328421
-6.953466950647201
-6.9879280306629195
-7.023173588472027
-7.059289233054393
-7.096291192784985
-7.134127060766475
-7.172684115533317
-7.211804064245493
-7.251302363848352
-7.290989817242855
-7.330693962429687
-7.370277884522798
-7.409654459929881
-7.448794634626617
-7.487729066864525
-7.526543238424724
-7.565366865910439
-7.60435904234501
-7.643690946365967
-7.683528134215847
-7.724014369954804
-7.7652586716769
-7.807326800230982
-7.850237853907553
-7.893966028926278
-7.938447032691168
-7.983588157773469
-8.0292806873362
-8.075413135493797
-8.121883835566024
-8.168611561392659
-8.215543170519572
-8.262657649693631
-8.309966372980677
-8.357509801436317
-8.405351216729336
-8.45356835556378
-8.502243976039097
-8.551456433665358
-8.601271278872805
-8.65173472552361
-8.702869604848892
-8.754674139427825
-8.80712357643337
-8.86017443575945
-8.913770880362906
-8.967852521660156
-9.022362844891493
-9.077257385081245
-9.132510805414736
-9.188122123541211
-9.244117490138308
-9.300550136868209
-9.357497362714666
-9.41505470048895
-9.473327678276252
-9.532421840933319
-9.59243190144009
-9.653431029011742
-9.715461332223077
-9.778526548685889
-9.842587803949515
-9.90756305708831
-9.973330525425753
-10.039736002709986
-10.106603589204202
-10.173748979094745
-10.240994142361174
-10.308182032792024
-10.375189880839446
-10.441939705972901
-10.508404908675798
-10.574612160426659
-10.640638267480385
-10.706602194266189
-10.772652939102551
-10.838954401176352
-10.90566871031848
-10.972939668723809
-11.040877952289513
-11.10954953520853
-11.178968453517516
-11.249094550126491
-11.319836300093526
-11.391058264428159
-11.462592228764214
-11.534250708153904
-11.605841284933602
-11.677180216770855
-11.748103907074407
-11.818477146865641
-11.888197472606782
-11.95719548037762
-12.025431428317768
-12.092888883528287
-12.159566473923384
-12.22546895466006
-12.29059877926369
-12.354949187638256
-12.418499518586337
-12.481213072035677
-12.543037444391826
-12.603906898965068
-12.663746064446137
-12.722474115131108
-12.780008593757623
-12.836268185516715
-12.89117401249575
-12.94464934649133
-12.996617979237877
-13.047001785286858
-13.095718213145444
-13.142678509245195
-13.1877874013872
-13.230944751783744
-13.272049365241624
-13.311004754604252
-13.347726283651221
-13.382148789975519
-13.414233592376599
-13.443973748429883
-13.47139656492884
-13.496562667467417
-13.519561370515484
-13.540502599297769
-13.559506128774268
-13.576689348183061
-13.592155063272362
-13.605980960919572
-13.618212255228789
-13.628858713395083
-13.637896756739082
-13.64527670764153
-13.6509345862186
-13.65480724005526
-13.656849101895428
-13.657048584261762
-13.655442082248697
-13.652123779414328
-13.647249915346189
-13.641036822755098
-13.633752796359312
-13.625704618832744
-13.617220240912344
-13.608629603885337
-13.600245835693523
-13.592349011426485
-13.585174346532968
-13.578906125561717
-13.573677932256736
-13.5695789334252
-13.566665185344398
-13.564974280665352
-13.564541222341624
-13.565413256937228
-13.567661544517081
-13.571387968403723
-13.576726040331172
-13.583835649602788
-13.592892234638727
-13.604071712122929
-13.617533082757053
-13.633400965591711
-13.651750350379187
-13.672595593295078
-13.695885149578162
-13.721502805928768
-13.749275341101606
-13.778985713650172
-13.810390159356361
-13.843237070760528
-13.87728529382249
-13.912319542919995
-13.948160996883935
-13.98467174902166
-14.02175256509792
-14.059334255331766
-14.097363781629813
-14.13578689695088
-14.174529565875035
-14.213480589055782
-14.252477730018839
-14.291299238726229
-14.329662035311227
-14.36722703939535
-14.40361130224198
-14.43840582162777
-14.471197285105696
-14.501591568980295
-14.529236661924225
-14.553842795123813
-14.575197922965684
-14.5931772581449
-14.607746249065334
-14.618957110024027
-14.626939689252884
-14.631888009627012
-14.634044183575064
-14.633681554380603
-14.631088845313862
-14.62655682754457
-14.620368592075636
-14.612793990405759
-14.604088261194725
-14.594494352612063
-14.584248039290708
-14.573584660218907
-14.562746190857187
-14.551987409718192
-14.54158010767746
-14.53181458308884
-14.522998023400039
-14.515449746897115
-14.509493622171666
-14.505448261534784
-14.503615773877792
-14.504269951755255
-14.507644759928338
-14.513923902623173
-14.52323209692875
-14.535628496495995
-14.55110251928519
-14.56957215787043
-14.590884706623253
-14.614819735171023
-14.641094072216877
-14.669368532277641
-14.699256110056535
-14.73033137121741
-14.762140773698142
-14.794213652690765
-14.82607359178115
-14.85724988400953
-14.887288765243115
-14.915764086370263
-14.942287089430291
-14.966514973208271
-14.98815798058637
-15.006984812943966
-15.022826271461016
-15.035577132061578
-15.045196367845875
-15.05170592661829
-15.055188338993794
-15.05578346486015
-15.05368467772487
-15.04913473821011
-15.042421526136055
-15.033873696702821
-15.023856215222379
-15.012765623332612
-15.001024813349638
-14.989077049216176
-14.977378980400452
-14.966392451099622
-14.956575007063064
-14.948369136245073
-14.942190433007152
-14.938415031621092
-14.937366795982408
-14.939304862848914
-14.944412203222647
-14.95278588314767
-14.964429668919193
-14.979249535619031
-14.99705250960515
-15.01754911606154
-15.040359524774267
-15.065023304022304
-15.091012516041852
-15.117747727888371
-15.144616376210461
-15.170992818204418
-15.19625932615121
-15.219827239894386
-15.241157479673003
-15.25977963940933
-15.275308926375395
-15.28746028547205
-15.296059143508309
-15.30104832868234
-15.302490860083994
-15.300568457215824
-15.29557578457905
-15.287910614246353
-15.278060251710778
-15.26658471841271
-15.25409730989103
-15.241243244419287
-15.228677178559607
-15.21704039142342
-15.206938429965504
-15.198919967649692
-15.19345756505287
-15.190930941219172
-15.191613276812031
-15.195660980739332
-15.20310726485234
-15.213859787372611
-15.227702542172224
-15.244302082667563
-15.263218068944985
-15.28391800794267
-15.305795914305797
-15.328194452746882
-15.35042993548346
-15.371819350475581
-15.391708403270403
-15.40949938712122
-15.42467757483934
-15.436834773178727
-15.445688714308197
-15.451097090276525
-15.453065267439905
-15.45174703989479
-15.44743817472003
-15.440562938422282
-15.43165423744561
-15.42132841719098
-15.410256105835476
-15.399130729506846
-15.3886364419374
-15.37941719513016
-15.372048532593276
-15.367013431768735
-15.364683187416764
-15.365303950720305
-15.368989160411347
-15.375717760668346
-15.385337826655483
-15.397575031771673
-15.412045296287225
-15.428270946108809
-15.445699761163667
-15.46372637455402
-15.481715561472761
-15.49902699795662
-15.515041048844681
-15.529185049175668
-15.540959376842705
-15.54996239628231
-15.555913117799456
-15.558670209932586
-15.55824587271133
-15.554813074594366
-15.548704811648633
-15.540404383315176
-15.530526192031243
-15.51978723667072
-15.508970231610402
-15.498880074137116
-15.490296120696968
-15.483923331725101
-15.480345727395413
-15.479985701373048
-15.483072531307332
-15.489622899324765
-15.499435423163275
-15.512100161059534
-15.527022879928118
-15.54346267375838
-15.560580401098612
-15.577494485242845
-15.593339979177847
-15.607326502880008
-15.618790742555626
-15.627239651208129
-15.63238126301832
-15.634141054229419
-15.632662952163525
-15.62829530139747
-15.621563232465752
-15.613129845926826
-15.603749347319827
-15.594215699038308
-15.585310477656444
-15.577753455124308
-15.572159001477843
-15.569000797001289
-15.568586615489007
-15.571044171210541
-15.576318276857199
-15.58417889058283
-15.594239071676682
-15.605981431558348
-15.618791357699536
-15.631995087838352
-15.644900598615004
-15.656839224180363
-15.667205919299676
-15.675496120360098
-15.681337240070324
-15.684512971507264
-15.684978795519772
-15.682867404781486
-15.678483195561792
-15.672285540396707
-15.664861230343503
-15.656887233129417
-15.649085701969835
-15.642173920466385
-15.636812502587054
-15.633555602051807
-15.63280704995916
-15.634786179724923
-15.639506589333564
-15.646770242677988
-15.656178172210444
-15.66715769849526
-15.6790046428928
-15.690937611394878
-15.702160211136073
-15.711926157820002
-15.719601750276444
-15.724720198496707
-15.727022818227553
-15.72648312140032
-15.723311259011137
-15.717937988651657
-15.710979185817163
-15.703183721341148
-15.695369110806496
-15.68835054675752
-15.682869626167454
-15.679529206241304
-15.678740339485083
-15.680686191250302
-15.685306322441095
-15.692302866871133
-15.701168120346505
-15.71123107707818
-15.721718686736919
-15.73182623035382
-15.740790356663712
-15.747958064824324
-15.752845289934921
-15.755179710660814
-15.754923863864105
-15.752276482581083
-15.747652000061954
-15.741640194749337
-15.73494979952348
-15.728341390770597
-15.722555869383903
-15.71824525288667
-15.715912276170608
-15.715864466644867
-15.71818699329281
-15.722736813653906
-15.729158622508704
-15.736921029523339
-15.745369456098933
-15.75379062898379
-15.761482416617195
-15.767822217114833
-15.772327223025743
-15.774700654688356
-15.774859405677477
-15.772940356996468
-15.769284720078492
-15.764401958878349
-15.758916901433507
-15.75350537224978
-15.748824878614677
-15.745447434466115
-15.743801435864636
-15.744128616044128
-15.74646058336626
-15.750617429345679
-15.756228588745008
-15.762773778602238
-15.76963968833088
-15.776186374436243
-15.781816225438975
-15.78603803589294
-15.78851921317833
-15.78912039869922
-15.787908690652836
-15.78514800742995
-15.781267672474034
-15.776812749096521
-15.772381727508034
-15.768558623254116
-15.765847209291536
-15.764614884755838
-15.76505259474973
-15.767155372589599
-15.77072568513901
-15.775399098538522
-15.780689158357221
-15.786046108128282
-15.79092242918476
-15.794837376590799
-15.797432816476082
-15.79851373178515
-15.79806863436244
-15.796267578009449
-15.79343821101735
-15.790022999429278
-15.786523058722446
-15.783435661112966
-15.78119323058505
-15.780111400485552
-15.780352515913268
-15.781908964518356
-15.784608168793795
-15.78813829765246
-15.792091113327952
-15.796016204316764
-15.799479448340009
-15.802118084617998
-15.803685311704045
-15.804078792320363
-15.80334964257333
-15.80169111362795
-15.799408884479254
-15.79687730883269
-15.794487770320885
-15.792596255394054
-15.791477227477149
-15.791289890417028
-15.792061109806717
-15.793686878037635
-15.795951601723331
-15.798562027572899
-15.801190651457437
-15.803522249951243
-15.805296896643975
-15.806343504463868
-15.80659945804466
-15.806114032346086
-15.80503571290377
-15.803585877428644
-15.80202322089992
-15.800604526750897
-15.799547734572613
-15.799002694200462
-15.799033631412705
-15.799615408911494
-15.80064346221063
-15.801955174691255
-15.803358761822258
-15.804664721782071
-15.805714725168793
-15.806403470042106
-15.806690392320897
-15.806599951648318
-15.806211190764126
-15.805639053015907
-15.805011235803066
-15.80444494448221
-15.804027704233986
-15.803805440381243
-15.803779536197329
-15.803912805642366
-15.804142609226862
-15.804398014421906
-15.804617206605004
-15.804761422936165
-15.804822495765752
