-5.827586677109586e-18
-0.006294664865650756
-0.030266932269699898
-0.0803309954735706
-0.16088016939613156
-0.2719181272690246
-0.4093595208681822
-0.5658903584695901
-0.7322111052150996
-0.8984517101566154
-1.0555475231754794
-1.1963936679765461
-1.316645072805786
-1.4150906267280263
-1.4935932966633536
-1.556645069812571
-1.6106298070655385
-1.662914503255044
-1.7208986471625727
-1.7911433650925108
-1.8786797931424406
-1.9865639959139676
-2.1157087574718267
-2.2649857479547495
-2.4315593673122695
-2.6113893962575245
-2.7998255255761424
-2.9922135386274333
-3.1844396794326517
-3.373354705562822
-3.5570396542427174
-3.734898387918702
-3.90758447709195
-4.076789235359086
-4.244931712955695
-4.414798990837336
-4.589185915432093
-4.770578050467217
-4.960911379930124
-5.16142894187936
-5.372640092189571
-5.594374427032181
-5.825911181762437
-6.066157350980668
-6.313844442660693
-6.56771469064016
-6.826672160776353
-7.089881527093974
-7.356806134461028
-7.627185995967419
-7.900964390169466
-8.178177770933443
-8.458827181187935
-8.742750074383366
-9.029509589138286
-9.318314418386773
-9.607977217498737
-9.896913862815746
-10.183180634630963
-10.464542248809021
-10.738561065619232
-11.002696955700099
-11.254408115072897
-11.491245262089093
-11.710934609063116
-11.911448179081074
-12.091062838128607
-12.248411332657515
-12.382529328345601
-12.492901815191752
-12.579510383079556
-12.642880098291819
-12.684121510563577
-12.704960280491777
-12.707744651493611
-12.695420054807146
-12.67146095098513
-12.639752796134134
-12.604421744018891
-12.569616044977769
-12.539250485320519
-12.516732774002358
-12.504697471920066
-12.504777706722907
-12.517446372844981
-12.541955813233493
-12.576397518848335
-12.617891141082405
-12.662895823518978
-12.707618131315352
-12.748472179216963
-12.782532143791602
-12.807908754823778
-12.8239829220429
-12.831443689736368
-12.83210469637908
-12.828511122601958
-12.82339258846216
-12.819058591450872
-12.816861914248442
