-3.540665482158756e-16
-6.354282345451639e-06
-3.075764356334427e-05
-8.204691487037616e-05
-0.00016482072856573656
-0.00027873142153570326
-0.0004185566209193532
-0.0005750350718341793
-0.0007363316082717205
-0.0008898985414351167
-0.0010244402304661262
-0.001131673355800391
-0.0012076092686763766
-0.0012531610640231358
-0.0012739844769277806
-0.0012795815163929474
-0.0012818101824803156
-0.0012930349339689226
-0.0013242068075227903
-0.0013831711378699898
-0.0014734636715048514
-0.00159377863832833
-0.001738187321516785
-0.0018970692940466333
-0.0020586088183005597
-0.0022106227759166558
-0.0023424369707252288
-0.0024465220358625755
-0.002519638969277319
-0.002563321191337854
-0.002583622856173555
-0.002590175982402972
-0.0025947044479432708
-0.002609224954620031
-0.0026442113766481485
-0.002707002699535072
-0.0028006958153908397
-0.002923689057541085
-0.003069942308051617
-0.0032299102093886044
-0.0033920031270422792
-0.003544351433303712
-0.0036766041986869987
-0.003781489926970333
-0.0038559047225383346
-0.00390136618373376
-0.0039237680689563886
-0.003932476596842927
-0.003938908103897737
-0.0039548048784973115
-0.003990469919208647
-0.004053225815046063
-0.004146327588145369
-0.004268489813584718
-0.004414095338556835
-0.004574050571547298
-0.004737155972178455
-0.0048917843704515225
-0.005027615235477666
-0.005137166356248778
-0.005216896253041135
-0.00526771594072922
-0.005294837426888902
-0.0053069851787538366
-0.005315090997254733
-0.005330668387775223
-0.005364108589614893
-0.005423150370438879
-0.005511748354965626
-0.005629504396360664
-0.005771742476763767
-0.005930212412476897
-0.006094315332411229
-0.006252668025213578
-0.006394774796532928
-0.0065125613022801905
-0.006601546700179049
-0.006661484871442245
-0.006696384171179043
-0.006713906466260786
-0.00672423669049264
-0.006738590617415795
-0.00676758001993572
-0.006819673593459734
-0.00689997646548271
-0.007009503365790318
-0.007145047796743387
-0.007299662575428986
-0.0074636786248754635
-0.007626111668121742
-0.007776251570178776
-0.007905204194339559
-0.008007164100414622
-0.00808023669483347
-0.008126694465628855
-0.008152633984478772
-0.008167086518319796
-0.00818071297995004
-0.008204272487655526
-0.008247084804881493
-0.008315706217136912
-0.008413006369579229
-0.008537775091837063
-0.008684911852256786
-0.008846167245520847
-0.009011327719134408
-0.009169672640377373
-0.009311495453657658
-0.009429473138251796
-0.009519691235065785
-0.009582181818995157
-0.009620901618222828
-0.009643156983220517
-0.009658560289664027
-0.009677667669049803
-0.009710491632722903
-0.009765098260259905
-0.009846485164803107
-0.009955895599794394
-0.010090661818375004
-0.010244596059108812
-0.010408870876983178
-0.010573262691374293
-0.010727582760075518
-0.01086309505449794
-0.010973723902186022
-0.01105688503143243
-0.011113827252334419
-0.011149440774990829
-0.01117156241386397
-0.01118987732050394
-0.011214571873316865
-0.011254925478644888
-0.011318035949240574
-0.01140785313659214
-0.011524651629922323
-0.011665011876111905
-0.01182230865217926
-0.01198763619753301
-0.012151040031560218
-0.012302884560969585
-0.012435168432380564
-0.012542608306578325
-0.012623344860724485
-0.012679177585011608
-0.012715299931807754
-0.012739574617517397
-0.012761451051121067
-0.012790674583771573
-0.012835964216442938
-0.012903838136783289
-0.012997744871820318
-0.013117615125030397
-0.013259891518579878
-0.013418028462286031
-0.013583391067106465
-0.013746428925425689
-0.013897964728570935
-0.014030423714126057
-0.014138839465923222
-0.014221503086032289
-0.01428017175210757
-0.014319812405907328
-0.014347918677617588
-0.0143734957723248
-0.014405851436834562
-0.014453355652011207
-0.01452233430853253
-0.014616242728716703
-0.014735226327669373
-0.014876123310105112
-0.015032905186775542
-0.015197492979248987
-0.015360837915457103
-0.015514121583505841
-0.015649916194500294
-0.01576315246098237
-0.015851769466240978
-0.01591696400034588
-0.015963010304874063
-0.015996677846839506
-0.016026327156123902
-0.01606080508963322
-0.016108285855275326
-0.016175209677556344
-0.0162654566330789
-0.01637986105450021
-0.01651612641088647
-0.016669147818929395
-0.016831696279917374
-0.016995372274978354
-0.017151702431980727
-0.017293235838996585
-0.017414498221426374
-0.0175126821626361
-0.0175879870070667
-0.017643568252958403
-0.017685107019918506
-0.017720058955390874
-0.017756682473327175
-0.01780297339493603
-0.017865643579212557
-0.01794927386858187
-0.018055747810434918
-0.018184035436330983
-0.018330350830417105
-0.018488659235503597
-0.018651465189806805
-0.01881077824876052
-0.018959131542337457
-0.01909052326143448
-0.01920116257951423
-0.019289927805343807
-0.01935848217676275
-0.019411036710898277
-0.019453794258119387
-0.019494148699545702
-0.01953974312978897
-0.019597507255141398
-0.019672795254322025
-0.019768731100617082
-0.01988584085934827
-0.02002201441080864
-0.020172797206507453
-0.020331971365955576
-0.0204923498252419
-0.020646681718028234
-0.0207885547336826
-0.020913182196049623
-0.02101797855697383
-0.021102854685765997
-0.021170200122634347
-0.021224558768168634
-0.021272042365323273
-0.021319557919960447
-0.021373947066470368
-0.02144114477952114
-0.02152546081408513
-0.02162907055064528
-0.021751774811464026
-0.021891054219546298
-0.022042407099206726
-0.022199925308493622
-0.022357033964681416
-0.02250730215184687
-0.022645224523871976
-0.022766878903671312
-0.02287038166808576
-0.022956088647539223
-0.023026521122380753
-0.02308603027023242
-0.023140244961896223
-0.02319537332234806
-0.023257444982518118
-0.02333158661600431
-0.023421417705376684
-0.023528637421171488
-0.02365284917003705
-0.023791639882885424
-0.023940900130708764
-0.024095342443340072
-0.02424915217845718
-0.02439669059981582
-0.024533165070291792
-0.02465518681185954
-0.02476115165120774
-0.02485140156325951
-0.024928151808930342
-0.02499519671044192
-0.025057433216478228
-0.0251202623101939
-0.025188941626381536
-0.025267966951920892
-0.02536055527224426
-0.025468288500214455
-0.025590956779666423
-0.025726615848765857
-0.025871847364040315
-0.026022187382018558
-0.02617266912959614
-0.02631841391176696
-0.026455199794516934
-0.026579941867332094
-0.026691029740747073
-0.026788485891405745
-0.02687393026962465
-0.026950359578553115
-0.027021771092731788
-0.027092678331271745
-0.027167577394450835
-0.027250427119975596
-0.027344203091111064
-0.027450575489834646
-0.02756974518592883
-0.027700453249872973
-0.027840158604165773
-0.027985359198639696
-0.02813201612451691
-0.02827602923221434
-0.028413708206787704
-0.028542185044039055
-0.028659722046895444
-0.028765882705229198
-0.028861549461208995
-0.02894879037834678
-0.02903059400931414
-0.02911050632668264
-0.029192213844533042
-0.029279121964772815
-0.029373976725825764
-0.029478571785748562
-0.029593571530176055
-0.029718467053611378
-0.029851666137598362
-0.029990703075777322
-0.030132541007361912
-0.03027392975842861
-0.030411777042359294
-0.03054349067935458
-0.030667254118233154
-0.030782206297720514
-0.03088850863559111
-0.030987295244521727
-0.0310805157809021
-0.031170692123482828
-0.031260619071013955
-0.03135304451749979
-0.031450365646628876
-0.03155437460833337
-0.03166608039990538
-0.031785624164417145
-0.03191229401894013
-0.03204463414483661
-0.03218063250841734
-0.032317963362642435
-0.032454255454989
-0.032587355105747014
-0.03271555508957261
-0.032837765212359066
-0.03295360794143471
-0.03306343147796065
-0.03316824217826311
-0.03326956714401634
-0.03336926513357656
-0.03346930893916733
-0.03357156456528378
-0.0336775918052895
-0.03378848735482169
-0.033904785929354385
-0.03402642770313572
-0.03415279262729248
-0.03428279471541865
-0.034415023031548815
-0.03454791154235746
-0.03467991763357548
-0.03480968910371493
-0.034936201721861536
-0.03505885360768013
-0.03517750819905567
-0.03529248373048948
-0.03540449322667019
-0.03551454433783587
-0.03562381234219154
-0.035733501931297776
-0.03584471380285992
-0.03595833066339207
-0.036074934245791966
-0.03619476079796875
-0.03631769773081873
-0.03644331930411169
-0.03657095492940178
-0.036699780344197165
-0.03682891989119855
-0.03695754758069484
-0.03708497550784665
-0.03721072035644631
-0.03733454182647058
-0.03745645046113093
-0.0375766860664816
-0.03769567127437172
-0.037813947422980346
-0.03793210155092457
-0.038050693785114054
-0.038170193754036096
-0.0382909330165525
-0.03841307811242851
-0.038536626040115124
-0.038661421109730684
-0.038787189553591075
-0.03891358629901025
-0.03904024712998234
-0.03916683919001599
-0.03929310339742783
-0.03941888373799413
-0.03954414035987287
-0.03966894565272085
-0.03979346475312541
-0.0399179238978544
-0.04004257150801683
-0.04016763766509795
-0.04029329766006341
-0.040419644580498654
-0.040546674561350554
-0.04067428654818448
-0.04080229644499246
-0.040930463595765396
-0.041058525922636
-0.041186238914181585
-0.04131341315909299
-0.041439945307897026
-0.04156583818693419
-0.04169120717237876
-0.0418162716817156
-0.041941332535691024
-0.042066737750400346
-0.04219284081518629
-0.0423199565140872
-0.04244831973568522
-0.04257805244075818
-0.042709143052348235
-0.04284144110533837
-0.04297466821263259
-0.043108444481745174
-0.0432423276761243
-0.04337586087607433
-0.043508623334843156
-0.043640278771588
-0.043770615548181936
-0.043899574020575954
-0.04402725774203873
-0.044153926969618174
-0.04427997488633965
-0.0444058888792765
-0.04453220089161003
-0.04465943210763189
-0.044788037894611034
-0.04491835894218407
-0.04505058390531851
-0.045184727643355384
-0.045320627487392386
-0.04545795804491734
-0.04559626307270366
-0.04573500113185155
-0.045873600277096506
-0.0460115160820453
-0.046148286960662935
-0.04628358104656653
-0.04641722979724556
-0.046549244899462446
-0.0466798168103353
-0.04680929518680565
-0.046938153329293686
-0.047066940397931904
-0.04719622638165161
-0.047326545490688134
-0.04745834373523578
-0.04759193594799818
-0.04772747646699102
-0.04786494623551397
-0.0480041573570734
-0.04814477434798237
-0.048286349646337046
-0.048428369536503285
-0.048570305670150624
-0.0487116669024329
-0.04885204624954109
-0.04899115839098344
-0.0491288642092556
-0.049265180260565006
-0.04940027264895527
-0.049534436366463964
-0.04966806259848728
-0.049801597633780156
-0.04993549775273718
-0.0500701847329211
-0.050206006393325425
-0.05034320593710973
-0.05048190282793481
-0.05062208666599741
-0.050763624155558455
-0.050906277921332024
-0.05104973477454316
-0.0511936401634641
-0.051337635047155716
-0.05148139134443299
-0.051624642424243146
-0.05176720577261339
-0.05190899591088346
-0.05205002673999313
-0.05219040362584256
-0.05233030659812124
-0.05246996690066266
-0.05260963972351923
-0.05274957620932761
-0.0528899977499775
-0.0530310751904349
-0.05317291489508943
-0.05331555278803152
-0.053458956550792705
-0.05360303525459254
-0.0537476549166022
-0.05389265788227867
-0.05403788360619174
-0.05418318835901799
-0.054328461621717054
-0.05447363740579843
-0.054618699397334824
-0.05476367958387784
-0.05490865079859349
-0.05505371431651254
-0.05519898418826163
-0.055344570337567865
-0.05549056254737735
-0.05563701731060685
-0.05578394914621669
-0.05593132742780986
-0.05607907910537814
-0.05622709699857866
-0.05637525268225886
-0.056523412444742835
-0.05667145443693427
-0.05681928498437528
-0.056966852118053364
-0.057114154684719164
-0.05726124588510393
-0.05740823070657293
-0.05755525739422962
-0.057702503768292716
-0.05785015977284209
-0.05799840806787542
-0.058147404709949294
-0.058297261979035155
-0.05844803520224273
-0.05859971502077556
-0.058752225988411615
-0.058905431738470286
-0.059059146279925395
-0.05921315035439726
-0.05936721126824181
-0.059521104261764615
-0.05967463332646775
-0.05982764944304137
-0.05998006448107768
-0.06013185944407486
-0.06028308631377725
-0.0604338633850821
-0.060584364620379846
-0.06073480412532
-0.060885417298623165
-0.061036440493619955
-0.06118809112384404
-0.06134055004228992
-0.06149394774279715
-0.061648355502842644
-0.06180378206235865
-0.0619601758668211
-0.062117432359405
-0.06227540533811709
-0.062433921050964014
-0.06259279351334751
-0.06275183951353583
-0.0629108919176396
-0.06306981017416108
-0.06322848730820807
-0.06338685314262046
-0.0635448739299176
-0.06370254897515423
-0.06385990512916943
-0.06401699020249238
-0.06417386637314064
-0.06433060454190322
-0.06448728033926246
-0.06464397214978788
-0.06480076113187501
-0.06495773283057044
-0.06511497965636216
-0.065272603282983
-0.06543071593289133
-0.06558943959154007
-0.06574890241651707
-0.06590923196841472
-0.06607054534485257
-0.06623293680025437
-0.06639646391502499
-0.06656113378335775
-0.06672689095357483
-0.0668936089401604
-0.06706108699993464
-0.06722905352188162
-0.06739717683996131
-0.06756508358036477
-0.06773238386288503
-0.06789870186638985
-0.06806370952571084
-0.06822716053656866
-0.06838892148075777
-0.06854899680356412
-0.06870754461131572
-0.06886488081363755
-0.06902146998200087
-0.06917790237675159
-0.0693348578208518
-0.06949305836541277
-0.0696532128826603
-0.06981595771764122
-0.06998179822628071
-0.07015105633626305
-0.07032382913728263
-0.07049996291824392
-0.07067904604617402
-0.07086042269026924
-0.0710432277336664
-0.07122644141974632
-0.07140896049726911
-0.07158968101806666
-0.07176758665190795
-0.07194183554641663
-0.07211183846928541
-0.07227732128233003
-0.07243836571269704
-0.07259542385898579
-0.07274930380075283
-0.07290112592558787
-0.07305225197557698
-0.0732041911485548
-0.07335848967205308
-0.07351661191547472
-0.07367982216246531
-0.07384907652038747
-0.07402493403978413
-0.07420749495784947
-0.07439637213227329
-0.07459069932301089
-0.07478917718298561
-0.07499015485156013
-0.07519174213839963
-0.07539194467960322
-0.07558881235995825
-0.07578058991152493
-0.07596585804901927
-0.07614365385872171
-0.07631356041476575
-0.07647575768259723
-0.076631029539438
-0.07678072499708044
-0.07692667520642224
-0.0770710712891156
-0.0772163112041741
-0.07736482646398375
-0.07751890134495823
-0.07768049813579032
-0.07785110183853902
-0.07803159657383418
-0.07822218381074356
-0.07842234958812681
-0.07863088433287994
-0.07884595497088247
-0.07906522506600665
-0.07928601501232058
-0.07950549113283946
-0.0797208701574521
-0.07992962415365452
-0.08012967069095213
-0.08031953386812098
-0.08049846377498796
-0.08066650486393932
-0.0808245073630124
-0.08097408000673084
-0.08111748668493592
-0.08125749379264753
-0.08139717878925318
-0.08153971346017624
-0.08168813738955578
-0.08184513803931485
-0.08201285351305655
-0.08219271257893963
-0.08238532393429705
-0.08259042320519783
-0.08280688203615014
-0.0830327791418635
-0.08326552869387625
-0.0835020572290627
-0.08373901670494732
-0.08397301864993277
-0.08420087276433662
-0.08441981293874293
-0.08462769449945085
-0.08482314850778554
-0.08500568198283742
-0.08517571676704531
-0.08533456412841679
-0.08548433677837544
-0.08562780444395367
-0.08576820315002781
-0.08590901164937229
-0.08605371075302533
-0.08620554249810776
-0.08636728606330532
-0.08654106611134336
-0.08672820689789076
-0.08692914221057338
-0.08714338722855479
-0.0873695740126077
-0.0876055478605892
-0.08784851751411732
-0.0880952484782761
-0.08834228577775194
-0.08858619052052324
-0.08882377380366033
-0.08905231182200331
-0.0892697274951525
-0.08947472639599191
-0.08966687805900742
-0.08984663762771611
-0.09001530698798711
-0.09017493872812189
-0.09032819017436783
-0.09047813810337957
-0.09062806730063154
-0.0907812477520574
-0.0909407158246587
-0.09110907428772602
-0.09128832450279717
-0.0914797416908637
-0.09168380105258471
-0.09190015890391905
-0.09212768915291923
-0.09236457165634261
-0.09260842551775912
-0.09285647745638677
-0.09310575318165315
-0.09335327838689152
-0.09359627560221732
-0.09383234372253083
-0.0940596084963991
-0.09427683449800782
-0.09448349193941843
-0.0946797749016762
-0.09486657094197082
-0.09504538533032857
-0.09521822616193927
-0.09538745907840632
-0.09555564215816505
-0.09572535259284075
-0.09589901700083024
-0.09607875665013954
-0.09626625753007888
-0.09646267323905232
-0.09666856619935127
-0.09688388994969299
-0.09710801240333457
-0.0973397771921927
-0.09757759773317312
-0.09781957661389225
-0.09806364142733369
-0.09830768736893832
-0.09854971678537149
-0.09878796640995516
-0.09902101418328259
-0.0992478592318741
-0.09946797063393506
-0.09968130288252111
-0.09988827829869723
-0.10008973888675926
-0.10028687210901958
-0.10048111666189925
-0.10067405546084274
-0.1008673036295997
-0.10106239931643897
-0.10126070464950318
-0.10146332314649993
-0.10167103850227469
-0.10188427799961054
-0.10210310195476947
-0.10232721875079655
-0.10255602326066325
-0.10278865493548688
-0.1030240706287591
-0.10326112641712185
-0.10349866230206099
-0.10373558374435526
-0.10397093447253947
-0.10420395586412515
-0.10443412935258284
-0.10466119966672248
-0.1048851781621788
-0.10510632694838719
-0.10532512584731905
-0.10554222535410224
-0.1057583896292956
-0.10597443409082048
-0.10619116236277926
-0.10640930718008577
-0.1066294793674929
-0.10685212825423851
-0.1070775159186333
-0.10730570655571343
-0.10753657111051383
-0.10776980620332513
-0.10800496537139717
-0.10824149982903931
-0.10847880536057974
-0.10871627163828675
-0.1089533302162985
-0.10918949768316875
-0.109424410933047
-0.10965785219832558
-0.10988976231400956
-0.11012024159666399
-0.11034953864617039
-0.11057802825191324
-0.11080618034422372
-0.11103452252716003
-0.11126359912226545
-0.11149392982210068
-0.11172597099452918
-0.1119600824020601
-0.11219650163509329
-0.11243532793943653
-0.11267651639813386
-0.1129198826592467
-0.11316511763981912
-0.11341181093803243
-0.11365948109534256
-0.11390761040942703
-0.11415568173260214
-0.1144032146127295
-0.11464979824454039
-0.11489511898700747
-0.11513898063807769
-0.11538131621150838
-0.11562219058518876
-0.11586179404340337
-0.11610042736865361
-0.11633847970966701
-0.11657640092150816
-0.11681467041311581
-0.11705376472552334
-0.11729412609351532
-0.1175361341153528
-0.11778008238449465
-0.11802616154517276
-0.11827444975280711
-0.11852491098396246
-0.11877740109037434
-0.11903168096306656
-0.11928743570353373
-0.11954429831887778
-0.1198018761908813
-0.12005977842910713
-0.12031764221341458
-0.12057515635484839
-0.12083208054659395
-0.1210882591167646
-0.12134362850574204
-0.12159821814399384
-0.12185214486776554
-0.12210560144993546
-0.12235884020925555
-0.12261215297291889
-0.12286584888094496
-0.12312023162861241
-0.12337557773793838
-0.1236321173368726
-0.12389001871451695
-0.12414937763032452
-0.12441021200584339
-0.12467246224623384
-0.12493599704912757
-0.12520062419036765
-0.12546610545032244
-0.1257321745842388
-0.12599855705939694
-0.12626499019006426
-0.12653124230448118
-0.1267971296688078
-0.1270625300687194
-0.12732739218883107
-0.12759174022378894
-0.1278556734743316
-0.12811936101046986
-0.12838303179900348
-0.1286469609729569
-0.12891145315058533
-0.12917682387826573
-0.12944338036492054
-0.129711402694331
-0.1299811266455988
-0.13025272912773342
-0.13052631705301962
-0.13080192024814777
-0.1310794887479815
-0.1313588945514158
-0.13163993765951534
-0.1319223559767204
-0.13220583845201028
-0.1324900406787282
-0.13277460206453695
-0.13305916363398856
-0.13334338553099007
-0.13362696334662386
-0.1339096425006713
-0.13419123004456188
-0.13447160341756031
-0.13475071586645107
-0.1350285984188828
-0.1353053584724275
-0.1355811752144346
-0.13585629221652348
-0.13613100764585698
-0.13640566260092793
-0.1366806281136696
-0.13695629136287912
-0.13723304162224717
-0.13751125642394518
-0.13779128836249158
-0.13807345289986442
-0.1383580174683255
-0.13864519210587878
-0.13893512180567275
-0.13922788071658837
-0.1395234682994027
-0.1398218075172126
-0.14012274512253997
-0.14042605408765382
-0.14073143820952916
-0.14103853889903312
-0.1413469441331322
-0.14165619950500996
-0.1419658212489452
-0.14227531104378402
-0.1425841723133138
-0.14289192764698394
-0.1431981368643468
-0.1435024151519385
-0.1438044506134764
-0.1441040205089491
-0.14440100541643797
-0.14469540054570512
-0.14498732346471183
-0.14527701757913658
-0.14556485082599702
-0.14585130920839057
-0.14613698500184394
-0.14642255969854528
-0.14670878201019794
-0.14699644151569702
-0.14728633879645148
-0.14757925314070597
-0.14787590909901094
-0.14817694332612263
-0.14848287323282677
-0.14879406899293077
-0.14911073039039793
-0.14943286985521806
-0.14976030282303598
-0.1500926462678218
-0.1504293259147982
-0.15076959225142936
-0.15111254504021362
-0.15145716561531453
-0.15180235583903545
-0.15214698222477444
-0.15248992342058887
-0.15283011901133678
-0.15316661745149
-0.15349862089725244
-0.1538255247698281
-0.1541469500540355
-0.15446276661243316
-0.15477310616240603
-0.15507836400904468
-0.15537918912984025
-0.15567646274277705
-0.1559712660331631
-0.15626483824150295
-0.15655852679252155
-0.15685373155916177
-0.1571518456705811
-0.15745419548629735
-0.15776198244598835
-0.15807622946492073
-0.15839773437963806
-0.1587270326590434
-0.15906437119793354
-0.15940969452162487
-0.15976264417101488
-0.16012257143695668
-0.1604885629983405
-0.16085947841768952
-0.16123399789367376
-0.16161067818657876
-0.16198801424315884
-0.16236450377359313
-0.1627387118859602
-0.16310933287251464
-0.16347524636628502
-0.16383556534104346
-0.16418967380167557
-0.1645372524845843
-0.16487829144009764
-0.16521308897196393
-0.1655422370347124
-0.1658665938091907
-0.1661872447595723
-0.16650545399440658
-0.16682260818615802
-0.16714015562684673
-0.16745954320048098
-0.1677821541224915
-0.16810924923487042
-0.16844191445483447
-0.16878101666464607
-0.16912716991704882
-0.16948071333784853
-0.16984170155083764
-0.17020990786936924
-0.17058483990862736
-0.17096576670991498
-0.17135175595569807
-0.17174171941401795
-0.17213446440534785
-0.17252874884746047
-0.172923337313135
-0.17331705553693874
-0.17370884092845634
-0.17409778687898142
-0.17448317898126273
-0.1748645216914448
-0.17524155443491046
-0.1756142566663519
-0.17598284191388777
-0.17634774134770567
-0.17670957788378894
-0.1770691322488335
-0.17742730277224114
-0.17778506091766413
-0.1781434047175102
-0.1785033123169833
-0.17886569777397876
-0.17923137110350712
-0.17960100430449533
-0.17997510478594203
-0.1803539972254729
-0.1807378144721485
-0.18112649766853944
-0.18151980532845133
-0.18191733069612864
-0.1823185263422624
-0.18272273464107158
-0.18312922253354436
-0.1835372188242625
-0.18394595218859897
-0.18435468808309285
-0.1847627628544839
-0.18516961352055156
-0.18557480194312848
-0.18597803241319408
-0.18637916200469284
-0.18677820341399304
-0.18717532036223056
-0.18757081598786726
-0.1879651149732126
-0.1883587404250245
-0.18875228674627323
-0.18914638989077184
-0.18954169647604222
-0.1899388332415347
-0.19033837828074832
-0.1907408353512832
-0.19114661238416275
-0.1915560050834593
-0.19196918624251122
-0.1923862011146352
-0.19280696888073606
-0.19323128996966782
-0.19365885871559732
-0.19408928060300173
-0.19452209315351376
-0.19495678936648078
-0.19539284253595754
-0.19582973123692293
-0.19626696330183546
-0.19670409769016098
-0.19714076328680993
-0.19757667383804248
-0.19801163844036077
-0.19844556722455828
-0.19887847211541615
-0.19931046278434497
-0.1997417381354543
-0.20017257386789677
-0.20060330682699776
-0.20103431698744903
-0.20146600800117853
-0.20189878728152064
-0.20233304659113152
-0.20276914404849114
-0.2032073883748571
-0.20364802607387864
-0.20409123207698018
-0.2045371042082052
-0.20498566163053966
-0.2054368472418426
-0.2058905338001171
-0.2063465333867343
-0.2068046096658332
-0.20726449227810637
-0.207725892620754
-0.20818852021704898
-0.2086520988675207
-0.20911638180235403
-0.20958116511887268
-0.21004629888094878
-0.21051169538185482
-0.21097733421127715
-0.21144326392609214
-0.21190960028307113
-0.21237652115507438
-0.21284425840030388
-0.2133130870931154
-0.2137833126371732
-0.21425525637197398
-0.21472924034244492
-0.2152055719303624
-0.215684529041931
-0.21616634651341676
-0.21665120433244964
-0.2171392181861561
-0.2176304327387661
-0.21812481791854355
-0.2186222683600394
-0.21912260601233122
-0.21962558578985955
-0.22013090401680918
-0.22063820930330397
-0.22114711539847137
-0.2216572154906781
-0.22216809737677465
-0.22267935889787893
-0.2231906230389709
-0.22370155211689188
-0.2242118605272872
-0.22472132559117425
-0.22522979612368635
-0.2257371984459457
-0.22624353966518276
-0.22674890815456045
-0.22725347127308143
-0.2277574704647069
-0.22826121396945162
-0.2287650674569084
-0.22926944295808707
-0.2297747865167247
-0.23028156501110159
-0.23079025260754402
-0.23130131729923503
-0.2318152079601075
-0.23233234230534197
-0.23285309609867927
-0.2333777938876899
-0.23390670147967657
-0.2344400203026951
-0.23497788372441455
-0.23552035533435578
-0.23606742913140238
-0.23661903150402805
-0.23717502484133643
-0.2377352125785107
-0.23829934545217624
-0.23886712872465662
-0.23943823013275056
-0.24001228831744814
-0.24058892150476885
-0.24116773622478396
-0.241748335880942
-0.2423303290060098
-0.24291333707123364
-0.24349700174182662
-0.24408099149797463
-0.24466500756489837
-0.2452487891142389
-0.24583211771517843
-0.2464148210242881
-0.24699677571042591
-0.24757790961303774
-0.2481582031332507
-0.24873768985325534
-0.24931645637775732
-0.24989464138594703
-0.2504724338809591
-0.25105007062458945
-0.2516278327449057
-0.25220604151488457
-0.2527850533071851
-0.2533652537477071
-0.2539470511085251
-0.2545308690027058
-0.2551171384706922
-0.25570628957246483
-0.25629874262907637
-0.256894899282898
-0.25749513356922893
-0.2580997832134585
-0.25870914138082113
-0.2593234491159457
-0.25994288870752597
-0.26056757820753795
-0.2611975673162473
-0.26183283481897673
-0.26247328772644457
-0.26311876222821
-0.26376902652013196
-0.26442378551224904
-0.2650826873664679
-0.2657453317536956
-0.26641127966134
-0.2670800645267974
-0.2677512044207834
-0.2684242149607485
-0.2690986225992303
-0.2697739779081265
-0.2704498684656674
-0.27112593095414395
-0.2718018620886382
-0.27247742802250186
-0.27315247191545244
-0.27382691939768117
-0.2745007817257962
-0.27517415649278915
-0.27584722583012494
-0.2765202521161748
-0.2771935712866193
-0.277867583916516
-0.27854274431996245
-0.2792195479770782
-0.27989851765539875
-0.2805801886394233
-0.28126509351258844
-0.281953746956559
-0.2826466310343831
-0.2833441814141861
-0.28404677496058217
-0.28475471908445915
-0.2854682431832156
-0.28618749244351277
-0.28691252420108104
-0.2876433069740666
-0.2883797222018662
-0.28912156863431876
-0.2898685692351514
-0.2906203803817062
-0.29137660307253666
-0.2921367957905394
-0.2929004886188773
-0.2936671981681142
-0.29443644284962095
-0.29520775802159593
-0.29598071053937347
-0.29675491226585204
-0.29753003213015855
-0.29830580637441617
-0.2990820466853752
-0.29985864598006695
-0.3006355816866613
-0.30141291644511287
-0.30219079623270806
-0.30296944599979525
-0.3037491629800997
-0.304530307909032
-0.3053132944484016
-0.30609857716592465
-0.30688663846173175
-0.3076779748580399
-0.3084730830868983
-0.30927244640506985
-0.31007652155701815
-0.3108857267754703
-0.3117004311741502
-0.3125209458327869
-0.31334751682057477
-0.31418032033697585
-0.3150194600780677
-0.3158649668656544
-0.31671680050491835
-0.3175748537643524
-0.3184389583090857
-0.31930889235939186
-0.32018438979619335
-0.3210651503942359
-0.32195085083740355
-0.32284115614888476
-0.3237357311679251
-0.3246342517068234
-0.3255364150447545
-0.32644194943898264
-0.3273506223752877
-0.3282622473261494
-0.32917668883528783
-0.3300938658079866
-0.3310137529457485
-0.3319363803232915
-0.3328618311694612
-0.33379023796624324
-0.33472177703435746
-0.33565666181836845
-0.3365951351233592
-0.33753746057948864
-0.3384839136374939
-0.33943477239865233
-0.3403903085901831
-0.3413507789801872
-0.3423164175098292
-0.34328742839149257
-0.34426398038503553
-0.34524620242296167
-0.34623418071026535
-0.3472279573719952
-0.3482275306747204
-0.3492328567929414
-0.3502438530468526
-0.35126040248809726
-0.35228235967145427
-0.3533095574153475
-0.3543418143231892
-0.3553789428194954
-0.3564207574399082
-0.3574670831103146
-0.35851776315458017
-0.3595726667798386
-0.36063169581101134
-0.36169479046877057
-0.36276193401749013
-0.36383315614803097
-0.3649085349973521
-0.3659881977503861
-0.36707231981300886
-0.36816112258607925
-0.3692548699126792
-0.3703538633079535
-0.3714584361158038
-0.3725689467652079
-0.37368577132312786
-0.3748092955584227
-0.375939906741488
-0.37707798541025006
-0.3782238973277473
-0.3793779858516719
-0.38054056491716254
-0.38171191281678296
-0.3828922669354428
-0.38408181956799253
-0.3852807149179238
-0.38648904733873735
-0.38770686084688105
-0.388934149899337
-0.39017086139537516
-0.3914168978310803
-0.39267212150491004
-0.39393635964856094
-0.3952094103356664
-0.3964910490041008
-0.3977810354163172
-0.3990791208756942
-0.4003850555150189
-0.40169859547763265
-0.4030195098179338
-0.4043475869641343
-0.40568264059895515
-0.407024514834792
-0.4083730885841319
-0.4097282790454771
-0.4110900442555342
-0.4124583846791352
-0.41383334383690024
-0.41521500799320127
-0.41660350494991427
-0.4179990020118988
-0.4194017032069358
-0.42081184585984127
-0.42222969662919607
-0.4236555471239776
-0.4250897092237421
-0.42653251022323313
-0.427984287924363
-0.4294453857892324
-0.43091614826244856
-0.43239691635923877
-0.4338880236039602
-0.4353897923893004
-0.436902530810658
-0.4384265300179094
-0.4399620621058978
-0.4415093785544853
-0.44306870921353525
-0.44464026181168614
-0.44622422196165407
-0.44782075361881146
-0.4494299999482214
-0.4510520845408574
-0.45268711292587327
-0.45433517431433806
-0.45599634351640145
-0.45767068297236085
-0.45935824484337745
-0.461059073110771
-0.4627732056411385
-0.4645006761784534
-0.4662415162345806
-0.4679957568560381
-0.4697634302511029
-0.47154457127223554
-0.4733392187508214
-0.47514741669166866
-0.4769692153373517
-0.4788046721151566
-0.4806538524868556
-0.4825168307166546
-0.4843936905789484
-0.4862845260230959
-0.4881894418112379
-0.49010855414444393
-0.4920419912849404
-0.4939898941825378
-0.4959524171059428
-0.4979297282747599
-0.4999220104872948
-0.5019294617273177
-0.5039522957387126
-0.5059907425445939
-0.5080450488910795
-0.510115478590152
-0.5122023127401782
-0.5143058497962364
-0.5164264054714673
-0.5185643124459608
-0.520719919869526
-0.5228935926437358
-0.5250857104781175
-0.5272966667167681
-0.529526866942122
-0.5317767273669088
-0.5340466730303892
-0.5363371358252973
-0.5386485523836222
-0.5409813618581129
-0.5433360036396615
-0.5457129150541722
-0.5481125290867264
-0.550535272181509
-0.5529815621666014
-0.5554518063530196
-0.5579463998527632
-0.5604657241608196
-0.5630101460387699
-0.5655800167337681
-0.5681756715585148
-0.5707974298529745
-0.5734455953372503
-0.5761204568605938
-0.5788222895381627
-0.5815513562642142
-0.584307909574914
-0.5870921938326967
-0.589904447691953
-0.5927449068013015
-0.5956138066909226
-0.5985113857890788
-0.6014378885097883
-0.6043935683493638
-0.6073786909301698
-0.6103935369317166
-0.6134384048478642
-0.6165136135167201
-0.619619504371695
-0.6227564433688949
-0.6259248225520087
-0.629125061226467
-0.6323576067203209
-0.6356229347174699
-0.6389215491635359
-0.6422539817464679
-0.6456207909697127
-0.6490225608398134
-0.6524598992024325
-0.6559334357656013
-0.6594438198562494
-0.6629917179619462
-0.6665778111161724
-0.6702027921828624
-0.6738673631049339
-0.677572232177172
-0.6813181114023584
-0.685105713993996
-0.688935752074893
-0.6928089346252151
-0.6967259657256007
-0.7006875431282885
-0.7046943571918237
-0.7087470901979216
-0.712846416065222
-0.7169930004651267
-0.7211875013344343
-0.7254305697733383
-0.7297228513063018
-0.7340649874788261
-0.7384576177510147
-0.7429013816500598
-0.7473969211284938
-0.7519448830812052
-0.7565459219625937
-0.7612007024483343
-0.7659099020838265
-0.7706742138606449
-0.7754943486678257
-0.7803710375618238
-0.7853050338094418
-0.7902971146572122
-0.7953480827902152
-0.800458767449208
-0.8056300251787072
-0.8108627401929525
-0.8161578243460628
-0.8215162167088386
-0.826938882755445
-0.8324268131770924
-0.8379810223402417
-0.8436025464221394
-0.8492924412534483
-0.8550517799094779
-0.8608816500942312
-0.8667831513635592
-0.8727573922387438
-0.8788054872600194
-0.8849285540335614
-0.8911277103226941
-0.8974040712328298
-0.903758746535604
-0.9101928381794085
-0.916707438021134
-0.9233036258154401
-0.9299824674907907
-0.936745013731555
-0.9435922988847242
-0.9505253401978472
-0.9575451373931231
-0.9646526725689606
-0.9718489104211364
-0.979134798764092
-0.9865112693289643
-0.9939792388082462
-1.0015396101153717
-1.0091932738196885
-1.0169411097130785
-1.0247839884702874
-1.0327227733502724
-1.0407583218957284
-1.0488914875845845
-1.057123121385174
-1.0654540731718745
-1.0738851929601587
-1.0824173319212975
-1.0910513431410187
-1.0997880820931565
-1.1086284067996097
-1.1175731776572557
-1.1266232569155794
-1.1357795077938106
-1.1450427932337088
-1.1544139742876
-1.1638939081481503
-1.1734834458319408
-1.1831834295298298
-1.1929946896458967
-1.2029180415499234
-1.2129542820686332
-1.2231041857486322
-1.2333685009181967
-1.2437479455899716
-1.2542432032316937
-1.2648549184444633
-1.2755836925822832
-1.2864300793473327
-1.2973945803942608
-1.3084776409716095
-1.3196796456308513
-1.3310009140307193
-1.3424416968519794
-1.3540021718514856
-1.3656824400615906
-1.3774825221529505
-1.3894023549675483
-1.4014417882231558
-1.4136005813941175
-1.4258784007623948
-1.4382748166364072
-1.4507893007237653
-1.4634212236525281
-1.4761698526204512
-1.4890343491642104
-1.5020137670235747
-1.5151070500874093
-1.528313030403789
-1.541630426227436
-1.5550578400985495
-1.5685937569223385
-1.5822365420418627
-1.5959844392828293
-1.6098355689614032
-1.6237879258401582
-1.6378393770240465
-1.6519876597913805
-1.6662303793527442
-1.680565006540738
-1.6949888754278888
-1.7094991808801554
-1.7240929760533565
-1.7387671698398972
-1.7535185242828681
-1.768343651967425
-1.7832390134110916
-1.7982009144714017
-1.8132255037897442
-1.8283087702978762
-1.843446540808066
-1.8586344777163881
-1.8738680768384945
-1.8891426654099062
-1.904453400277753
-1.9197952663066438
-1.9351630750274058
-1.9505514635566823
-1.9659548938094589
-1.9813676520347492
-1.9967838486905822
-2.01219741868838
-2.0276021220243976
-2.042991544824041
-2.0583591008113693
-2.0736980332291837
-2.0890014172219136
-2.1042621627048317
-2.119473017724173
-2.1346265723336675
-2.1497152629935354
-2.1647313775063606
-2.179667060505083
-2.194514319498514
-2.209265031489454
-2.223910950175613
-2.2384437137359243
-2.252854853223612
-2.267135801564173
-2.281277903168383
-2.295272424177055
-2.3091105633279327
-2.3227834634680913
-2.336282223710151
-2.3495979122369914
-2.3627215797603043
-2.3756442736387515
-2.388357052653288
-2.4008510024453686
-2.413117251613343
-2.425146988462171
-2.436931478409425
-2.4484620820324823
-2.459730273749509
-2.470727661121711
-2.481446004763409
-2.491877238835728
-2.502013492107108
-2.5118471095484782
-2.5213706744408184
-2.5305770309510285
-2.539459307152414
-2.548010938424679
-2.556225691215888
-2.5640976870851926
-2.571621426995157
-2.5787918157742813
-2.5856041867004755
-2.592054326120822
-2.5981384980481295
-2.60385346864517
-2.609196530519684
-2.614165526742575
-2.6187588744976646
-2.6229755882704207
-2.6268153024794336
-2.6302782934421343
-2.633365500585985
-2.636078546779843
-2.6384197576933013
-2.6403921800634893
-2.6419995987572373
-2.643246552520012
-2.644138348289675
-2.6446810739612427
-2.6448816094898264
-2.6447476362138973
-2.644287644273937
-2.6435109380302064
-2.642427639350002
-2.641048688660012
-2.639385843655451
-2.6374516755565574
-2.6352595628122377
-2.632823682152032
-2.63015899689134
-2.6272812424037295
-2.6242069086737088
-2.620953219857465
-2.61753811077999
-2.6139802003113592
-2.6102987615631856
-2.6065136888713067
-2.602645461523467
-2.5987151042179413
-2.594744144239575
-2.5907545653550104
-2.5867687584504964
-2.5828094689324583
-2.578899740949832
-2.5750628584860875
-2.5713222834128193
-2.5677015905859104
-2.564224400114376
-2.5609143069198073
-2.5577948077424244
-2.5548892257679907
-2.5522206330606254
-2.5498117710139088
-2.547684969050262
-2.545862061824657
-2.5443643051929667
-2.5432122912498794
-2.5424258627376517
-2.5420240271548287
-2.5420248709277113
-2.5424454739910436
-2.543301825175182
-2.5446087387938308
-2.5463797728447752
-2.54862714924833
-2.5513616765603175
-2.554592675608094
-2.5583279084956665
-2.562573511440199
-2.5673339318983097
-2.5726118704382115
-2.5784082278220843
-2.584722057741877
-2.5915505256545592
-2.598888874149808
-2.6067303952644796
-2.615066410141154
-2.6238862564131953
-2.6331772836640823
-2.642924857290767
-2.6531123710634645
-2.663721268641429
-2.6747310742712243
-2.686119432846819
-2.6978621594678738
-2.7099332985967357
-2.722305192849732
-2.7349485614134426
-2.747832588032663
-2.760925018441278
-2.7741922670663812
-2.7875995327657237
-2.8011109233055564
-2.81468958822259
-2.8282978596457076
-2.8418974006051223
-2.855449360279828
-2.86891453559114
-2.882253538465784
-2.89542696807292
-2.90839558724323
-2.9211205022516054
-2.9335633450956107
-2.9456864573420853
-2.957453074586405
-2.9688275105309723
-2.97977533964974
-2.990263577394263
-3.000260856863397
-3.0097376008565484
-3.0186661882226202
-3.027021113405528
-3.0347791381220097
-3.041919434096168
-3.048423715813086
-3.054276362291872
-3.059464526905363
-3.063978234326484
-3.0678104637533905
-3.0709572175982367
-3.0734175749312564
-3.0751937290324256
-3.0762910084864266
-3.076717881366438
-3.0764859421420203
-3.075609881049778
-3.0741074357823956
-3.0719993254660434
-3.0693091670057915
-3.0660633740170224
-3.062291038662208
-3.05802379685314
-3.0532956773947895
-3.0481429357682246
-3.042603873376858
-3.036718643184006
-3.030529042796878
-3.0240782961506207
-3.017410825042468
-3.010572011872175
-3.0036079550079924
-2.996565218299261
-2.989490576290113
-2.9824307567726707
-2.975432182329261
-2.968540712566776
-2.9618013887433445
-2.955258182504299
-2.9489537504193244
-2.942929195993798
-2.937223840788758
-2.9318750062243835
-2.9269178075810247
-2.9223849616257067
-2.9183066092034173
-2.914710154023658
-2.9116201187578485
-2.909058019437288
-2.9070422590022447
-2.905588040716925
-2.9047073019954857
-2.9044086690592215
-2.904697432650469
-2.90557554488829
-2.9070416371870444
-2.909091058980229
-2.911715936852316
-2.914905253506489
-2.9186449458585217
-2.922918021389193
-2.9277046917726794
-2.9329825226439663
-2.9387265982747754
-2.944909699817721
-2.9515024956836373
-2.958473742547741
-2.9657904954104106
-2.973418325098189
-2.981321541558928
-2.9894634212860653
-2.9978064372018878
-3.0063124893644435
-3.0149431348658484
-3.0236598153556407
-3.0324240806728295
-3.0411978071376318
-3.049943409143651
-3.0586240427804645
-3.067203800319481
-3.0756478945019334
-3.0839228316931178
-3.0919965730760466
-3.099838683198095
-3.107420465286826
-3.1147150829011707
-3.121697667590979
-3.128345412369572
-3.1346376509141893
-3.140555922526287
-3.1460840229865252
-3.1512080415295216
-3.15591638426817
-3.1601997844631193
-3.164051300099131
-3.1674662993128466
-3.170442434234569
-3.172979603870766
-3.1750799066706876
-3.176747583443867
-3.1779889513016237
-3.1788123293132866
-3.179227956532544
-3.1792479030697356
-3.178885974853111
-3.1781576126847493
-3.177079786214684
-3.175670883370592
-3.173950595805245
-3.171939800859468
-3.1696604405210627
-3.167135397837643
-3.164388371217632
-3.161443747018433
-3.158326470824203
-3.1550619177992956
-3.1516757624849983
-3.1481938484192864
-3.1446420579590217
-3.1410461826935907
-3.1374317948396038
-3.1338241200523576
-3.130247912072719
-3.12672732968502
-3.1232858164626887
-3.119945983818001
-3.11672949788795
-3.113656970826394
-3.1107478570659395
-3.10802035517213
-3.1054913158818716
-3.1031761569564975
-3.101088785470472
-3.099241528140109
-3.0976450702982885
-3.096308404087329
-3.095238786409266
-3.0944417071249752
-3.0939208679648162
-3.093678172516393
-3.093713727610124
-3.094025856343239
-3.0946111228750213
-3.0954643690607266
-3.0965787628693695
-3.097945858436987
-3.099555667495782
-3.101396741812762
-3.1034562661543537
-3.1057201611942853
-3.108173195664781
-3.1107991069537917
-3.113580729259573
-3.116500128308411
-3.1195387415816005
-3.12267752290432
-3.125897090209304
-3.129177875224457
-3.1325002738112766
-3.1358447956434774
-3.139192211929662
-3.1425236998683332
-3.1458209825632477
-3.149066463149368
-3.152243351937232
-3.1553357854472255
-3.1583289362709217
-3.1612091128038315
-3.1639638479669667
-3.166581976167192
-3.169053697849383
-3.1713706311136525
-3.173525850017666
-3.1755139092925995
-3.17733085536026
-3.1789742236526766
-3.180443022393257
-3.1817377031086553
-3.1828601182871923
-3.1838134667106575
-3.184602227118095
-3.185232080946362
-3.1857098250222013
-3.186043275138606
-3.1862411615602078
-3.1863130175440886
-3.186269062034294
-3.1861200777262577
-3.1858772857354536
-3.185552218109096
-3.185156589446404
-3.1847021688724317
-3.184200653592302
-3.18366354523392
-3.183102030136872
-3.1825268646971003
-3.181948266820068
-3.181375814455698
-3.1808183521259346
-3.1802839062577273
-3.1797796100497675
-3.179311638507718
-3.1788851541787992
-3.1785042640166066
-3.178171987701878
-3.1778902376377514
-3.1776598107340006
-3.177480391991375
-3.177350569780731
-3.177267862632925
-3.1772287572331175
