-3.540665482158756e-16
-3.1779252353762773e-06
-1.5385260288580887e-05
-4.104584373430783e-05
-8.246117390707324e-05
-0.00013945154322386006
-0.00020938859209273706
-0.0002876131022551011
-0.0003681712776877072
-0.0004447529064737656
-0.0005116834493420687
-0.0005648141038857526
-0.000602170407362077
-0.0006242582709252513
-0.000633980381857985
-0.0006361771316869668
-0.0006368650048755283
-0.0006422925024231493
-0.000657961846617155
-0.0006877695915882411
-0.0007334001821457127
-0.0007940665447112584
-0.0008666372871124301
-0.0009461295999922747
-0.001026489954903983
-0.0011015400580398744
-0.0011659401506367
-0.0012160195192538806
-0.0012503452411933757
-0.0012699413497890652
-0.001278125273633314
-0.00127998802471043
-0.001281599895036505
-0.0012890658000149192
-0.0013075773517844031
-0.0013406087806429577
-0.0013893810348155219
-0.0014526764109140619
-0.001527031483074198
-0.0016072774168239242
-0.0016873430757453583
-0.0017611959402611176
-0.0018237749482557185
-0.0018717710870919196
-0.0019041355552983886
-0.0019222377694755753
-0.0019296497888373649
-0.0019315914371500645
-0.0019341226088703143
-0.0019432079283457464
-0.0019637981879779744
-0.001999069939385373
-0.0020499398154114937
-0.002114927526815938
-0.002190387634790155
-0.0022710734713613833
-0.002350945688370998
-0.0024241006497825917
-0.0024856759016282826
-0.0025325939344399855
-0.00256403069054887
-0.0025815378067946372
-0.002588800834525266
-0.002591071447118401
-0.0025943613895554932
-0.002604522064082139
-0.0026263507164898136
-0.002662859662322428
-0.002714819655655375
-0.0027806463083811647
-0.0028566459249370576
-0.0029375822773314605
-0.0030174770761546635
-0.0030905215940097396
-0.003151960384492107
-0.003198812743646059
-0.0032303226757937125
-0.003248069746302142
-0.0032557249375770956
-0.0032584895723594934
-0.0032623033344820114
-0.003272942151898073
-0.00329514300116625
-0.0033318881575589436
-0.003383956827467244
-0.003449811268220214
-0.0035258336731228217
-0.003606877006165308
-0.003687045645384511
-0.0037605872615544223
-0.003822760962110121
-0.003870550765087174
-0.003903117237240166
-0.003921919963709946
-0.003930493342284271
-0.003933910464092944
-0.003938016676232545
-0.003948548796883377
-0.003970272755146199
-0.004006269208045593
-0.00405747401713201
-0.004122541836999328
-0.004198052345632438
-0.004279027185514563
-0.004359679211964101
-0.004434281104314747
-0.004498022906247292
-0.004547730167142176
-0.004582335654353876
-0.0046030348263756795
-0.004613102764600863
-0.0046174009127839845
-0.0046216481909291144
-0.004631565955634606
-0.004652024715442404
-0.004686319802459825
-0.004735683541552473
-0.004799105859530309
-0.004873489110323565
-0.004954113075705339
-0.005035340059797429
-0.00511145455684736
-0.005177512352384042
-0.005230072960104972
-0.005267707057731259
-0.005291204344585274
-0.005303451923639529
-0.005309002239071
-0.005313395510845173
-0.005322337716726198
-0.005340856181731222
-0.005372557706701337
-0.005419098561689075
-0.005479943975631553
-0.005552451727756765
-0.005632266490029435
-0.005713965781963701
-0.005791861520705065
-0.005860838573131084
-0.005917106702374085
-0.0059587555042119045
-0.005986031321061217
-0.006001296304502429
-0.006008676661313993
-0.006013452751083435
-0.006021281410254815
-0.006037365160823304
-0.006065690323093789
-0.006108445492623166
-0.006165704993623807
-0.006235422795707389
-0.00631373676456481
-0.006395537715417766
-0.006475219190710229
-0.006547497791507633
-0.006608184007861986
-0.006654791181708809
-0.0066868942892619535
-0.006706187060211964
-0.006716230125737995
-0.006721927933057424
-0.0067288115160203605
-0.006742232167312071
-0.006766583607708243
-0.006804665641412218
-0.006857281278513687
-0.006923125029996342
-0.006998977579586767
-0.007080177520146761
-0.007161300777577687
-0.007236948518659428
-0.007302529021605922
-0.00735492032527387
-0.007392918186181787
-0.007417405317353796
-0.007431218440844422
-0.007438733449700507
-0.00744522960497153
-0.007456125339697742
-0.007476196383244814
-0.00750888900901634
-0.007555827027916062
-0.007616582826731262
-0.007688744437527755
-0.007768267887976029
-0.007850063095067769
-0.007928728210225744
-0.007999326356628957
-0.008058093065152098
-0.008102973142535809
-0.008133910611802374
-0.008152851101739328
-0.008163457448438254
-0.008170580347437572
-0.008179560779701906
-0.008195464668712281
-0.008222359474150719
-0.008262735947314359
-0.00831715707490784
-0.008384183430826126
-0.008460584486316853
-0.00854180459577657
-0.008622616208181194
-0.008697866481766557
-0.008763210605286974
-0.00881572751006671
-0.008854330869704597
-0.00887991779650607
-0.00889523519029287
-0.008904483896268776
-0.008912717958809992
-0.008925125064920773
-0.008946290715003878
-0.008979550479099879
-0.009026521719576875
-0.009086880310676301
-0.009158412895801034
-0.009237336099163117
-0.009318836407449068
-0.009397753479995627
-0.009469309767034499
-0.00952978325631626
-0.009577028701759709
-0.009610774523837245
-0.009632654550505628
-0.009645971324131003
-0.009655225509051719
-0.009665478673559772
-0.009681639812834835
-0.009707776237897538
-0.009746545515891318
-0.009798827650644146
-0.009863608178985713
-0.009938127397657611
-0.01001827354465633
-0.010099163691029707
-0.010175830106749044
-0.010243915536992661
-0.010300280093323455
-0.010343435344842288
-0.010373745799444063
-0.010393370780557744
-0.010405956095273282
-0.010416119751388418
-0.01042880446011313
-0.010448587827802369
-0.010479046530053574
-0.010522262707131504
-0.010578540532210969
-0.010646371286793846
-0.010722650512600821
-0.010803115763775177
-0.010882943027846034
-0.010957418217275826
-0.011022590203236803
-0.011075814966457301
-0.01111611605810989
-0.011144312445843916
-0.011162897310533666
-0.011175685915532004
-0.011187282495683423
-0.011202440827023211
-0.011225407373870431
-0.011259337775593393
-0.011305866760760678
-0.011364889924304586
-0.011434586238080403
-0.01151167681982312
-0.011591882980976095
-0.01167051937998891
-0.011743139928874317
-0.011806147370600298
-0.011857283005477027
-0.011895930039753432
-0.011923190041145008
-0.011941723375222662
-0.011955376917440901
-0.011968651334417017
-0.011986081856350398
-0.012011617814592784
-0.012048085818144025
-0.012096809435533897
-0.01215743636684153
-0.012227995400923855
-0.012305173928577703
-0.012384776750187206
-0.012462302462117863
-0.01253355812190783
-0.012595228231591536
-0.01264532088859084
-0.012683431215490752
-0.012710787458630924
-0.012730074938199887
-0.012745063250262442
-0.01276008865549563
-0.012779462866157157
-0.012806888905399761
-0.01284496316007203
-0.012894830481996395
-0.012956037966601611
-0.013026605802370897
-0.01310330407878336
-0.013182096676141793
-0.013258691077441567
-0.013329119105420898
-0.013390269992540327
-0.013440304234032885
-0.013478893310258882
-0.013507254265926503
-0.01352797601320439
-0.01354466229178922
-0.01356144069009197
-0.013582404746487118
-0.013611064601534436
-0.013649879906774912
-0.013699937046297668
-0.013760812847895236
-0.013830641596606661
-0.013906374769766167
-0.013984197180433805
-0.014060042579220243
-0.014130138938701072
-0.01419151027244869
-0.014242368282833363
-0.014282342431940886
-0.014312519057286735
-0.014335285899861851
-0.014354004402761775
-0.014372554903189682
-0.014394816373790632
-0.014424150531081354
-0.014462958913484848
-0.014512371197083767
-0.014572105031240259
-0.01464051450906198
-0.014714819172742415
-0.014791481563361922
-0.014866681917021236
-0.014936826214509508
-0.014999019980162849
-0.015051445412632666
-0.015093592831986085
-0.015126317182140107
-0.015151713750585001
-0.015172831220638687
-0.015193261480648524
-0.015216661493382128
-0.015246270937706146
-0.015284489247645739
-0.015332567195446598
-0.015390452509153331
-0.01545680832442985
-0.015529200329506184
-0.015604426316658926
-0.015678943409542418
-0.015749335876361088
-0.01581276171821453
-0.015867319671999853
-0.015912289337749116
-0.015948214289163876
-0.015976818930708202
-0.016000771739507192
-0.016023327496347224
-0.016047896576242858
-0.016077598364627167
-0.016114857292683388
-0.01616109375175663
-0.016216549161364665
-0.016280266508722486
-0.016350227157427268
-0.016423624348151825
-0.016497236241133254
-0.016567848833621664
-0.01663267319053577
-0.016689702835734288
-0.016737965585528123
-0.016777638376163525
-0.016810011810868768
-0.01683731081624692
-0.01686239637849423
-0.01688838842990438
-0.016918259664207187
-0.016954453188627518
-0.016998573157981256
-0.01705118746191034
-0.017111766544048373
-0.017178764529330686
-0.01724983037882857
-0.01732212017447267
-0.017392668978543416
-0.01745877359311007
-0.0175183368004655
-0.017570129301548342
-0.017613936764524895
-0.017650574626028988
-0.01768177053238051
-0.017709931316966535
-0.017737825999134028
-0.017768226619440917
-0.017803553534473205
-0.017845570547063056
-0.017895168200110573
-0.01795226170700871
-0.018015814925424825
-0.018083985485120108
-0.018154370761829814
-0.01822432180802489
-0.018291284172330176
-0.018353121737297362
-0.018408382550598495
-0.018456473661688996
-0.01849772409195752
-0.018533329647746642
-0.01856518842977858
-0.018595649660028014
-0.018627209105901342
-0.018662190627576198
-0.01870245448798305
-0.018749168993723295
-0.01880267338740302
-0.018862447867254127
-0.018927192759082348
-0.01899500499978727
-0.01906362797086267
-0.019130741851046032
-0.019194257104764915
-0.019252573984435008
-0.019304775879274
-0.019350733274527188
-0.019391106789627674
-0.019427250708026682
-0.019461030935138273
-0.01949458185053041
-0.019530033763303676
-0.019569245786619595
-0.019613577606752294
-0.0196637280911522
-0.019719659739178504
-0.019780616823830886
-0.019845233151662537
-0.01991171419829899
-0.019978069347363535
-0.020042364163707093
-0.020102960727441072
-0.02015871620235518
-0.020209115654375366
-0.020254323861429453
-0.020295151308441596
-0.020332940391994063
-0.020369387702745538
-0.02040632589824701
-0.02044549321606147
-0.020488319607997237
-0.02053575576646042
-0.020588165383861205
-0.02064529265206938
-0.020706307366781793
-0.020769920286880607
-0.020834552825660917
-0.020898538762537756
-0.020960332204419257
-0.02101869585761999
-0.02107284673365776
-0.021122542246526967
-0.021168097468390164
-0.021210333075795323
-0.021250462122459495
-0.02128993115333012
-0.02133023644008742
-0.021372738671170836
-0.021418499022869547
-0.021468156299669056
-0.021521859239062066
-0.021579260885216594
-0.021639574082809483
-0.0217016796180899
-0.0217642722643042
-0.021826025714553297
-0.021885755581073814
-0.02194256046088561
-0.02199592433650788
-0.02204576882267962
-0.02209245028044838
-0.02213670375455265
-0.0221795421799419
-0.02222212455752925
-0.02226561020636268
-0.022311017392786264
-0.02235910353812362
-0.022410281020398274
-0.022464577771991942
-0.02252164607940391
-0.022580816960755718
-0.022641191983595512
-0.022701760054219103
-0.022761524056170435
-0.02281962151219824
-0.022875424712813296
-0.022928608772306586
-0.02297918040747286
-0.02302746530577981
-0.02307405710545248
-0.023119735611251236
-0.0231653653673357
-0.023211787710565996
-0.023259719740594986
-0.02330967228956521
-0.02336189618398134
-0.02341636226170949
-0.023472776251601216
-0.023530625299779985
-0.023589249169618257
-0.023647926393750986
-0.023705964218175755
-0.02376278117487635
-0.02381797249534802
-0.02387135110426565
-0.02392296025154532
-0.023973057505167213
-0.024022073369079786
-0.024070550772313702
-0.02411907375259378
-0.024168194608216377
-0.024218368548735207
-0.02426990351887695
-0.024322930622478377
-0.024377397753645832
-0.024433086031381106
-0.024489645817683
-0.02454664682256547
-0.02460363532390993
-0.024660191003588045
-0.024715976345129412
-0.024770772849294798
-0.024824500293845333
-0.024877217609964707
-0.024929106352026293
-0.024980439890751965
-0.025031543097630407
-0.025082748227577466
-0.025134352861147406
-0.02518658515641815
-0.025239580404598182
-0.025293371175658583
-0.025347891430825255
-0.025402993125115965
-0.0254584722686633
-0.025514100349156736
-0.025569656556946676
-0.025624956428931128
-0.02567987328273814
-0.02573435001785227
-0.025788400329547278
-0.02584209990315872
-0.025895569518541182
-0.025948953018953235
-0.026002393657909413
-0.02605601237519473
-0.026109891085850778
-0.026164063179542202
-0.026218512264014934
-0.02627317891948128
-0.026327974045568615
-0.02638279644454969
-0.026437551721626252
-0.026492169465893854
-0.02654661600977368
-0.026600900793123612
-0.02665507536711359
-0.026709225212889282
-0.026763455652909975
-0.02681787404020761
-0.026872570991893326
-0.02692760360576741
-0.026982983338305216
-0.02703867056585479
-0.027094576891426077
-0.027150575132807782
-0.0272065157927384
-0.027262247829984453
-0.027317640862184297
-0.02737260563685421
-0.02742710975380996
-0.027481186196204058
-0.027534933156201435
-0.027588504802688377
-0.027642093878009456
-0.027695908160067756
-0.027750143728767277
-0.027804958503628897
-0.02786044959619369
-0.027916637625380464
-0.027973460321503194
-0.028030776593698178
-0.028088380902885034
-0.028146026437021358
-0.02820345440483354
-0.028260425902074775
-0.02831675238041714
-0.028372320823686407
-0.028427110309954876
-0.028481197645573584
-0.028534751077614138
-0.028588012562921185
-0.028641270510604878
-0.028694826139530064
-0.028748957446578172
-0.028803885152625025
-0.028859744829266402
-0.028916568723743492
-0.02897427967029294
-0.02903269803859102
-0.029091561096713427
-0.02915055265009153
-0.029209339544609077
-0.029267610749838812
-0.02932511437700327
-0.02938168818359876
-0.029437279852759884
-0.02949195452505268
-0.029545888561851162
-0.029599350154065705
-0.029652668960733687
-0.02970619828017696
-0.029760274163075397
-0.029815176261598065
-0.029871095025039044
-0.029928109120074313
-0.029986175760898442
-0.030045135120981222
-0.030104728345490248
-0.030164627086400345
-0.0302244711311857
-0.03028390974957248
-0.03034264195205078
-0.030400450988688574
-0.030457229098789916
-0.030512989668838288
-0.030567865431151885
-0.030622092963463673
-0.030675985338631764
-0.030729896137900354
-0.03078417902177038
-0.030839147538769447
-0.030895039790533013
-0.030951991973340837
-0.031010023757784572
-0.031069037075355875
-0.031128828320559535
-0.031189112432923553
-0.031249555973515197
-0.03130981531098228
-0.031369575493397736
-0.03142858536156765
-0.03148668495156585
-0.03154382217509096
-0.031600057040212445
-0.03165555312889645
-0.031710557511084224
-0.03176537157755742
-0.03182031626862343
-0.03187569575200114
-0.03193176370357168
-0.03198869596528162
-0.032046572549136405
-0.03210537082709688
-0.03216497042945174
-0.032225169026794405
-0.032285706948144983
-0.03234629762860803
-0.03240666028945564
-0.032466551090234566
-0.03252578926501105
-0.03258427542180644
-0.03264200015600528
-0.03269904228758288
-0.032755557236572884
-0.03281175716262006
-0.032867885385502685
-0.0329241881777711
-0.032980887221056826
-0.03303815583182938
-0.03309610152445122
-0.03315475666234242
-0.03321407795673242
-0.03327395452727149
-0.03333422326391878
-0.03339468943672003
-0.03345514997453217
-0.03351541662961925
-0.033575336372197916
-0.03363480679296632
-0.03369378496746072
-0.03375228906687293
-0.0338103928800321
-0.03386821423500583
-0.03392589898024413
-0.03398360263062163
-0.03404147195847046
-0.03409962870425173
-0.03415815722002571
-0.03421709729535
-0.0342764427265275
-0.03433614546569149
-0.034396124515011596
-0.034456278194573295
-0.03451649807013787
-0.034576682712747345
-0.034636749582035255
-0.03469664365263752
-0.03475634189061553
-0.03481585326433193
-0.034875214566862656
-0.03493448285696595
-0.034993725728756135
-0.03505301084828751
-0.035112396225587886
-0.035171922525520365
-0.03523160838902661
-0.03529144928498434
-0.03535141990678996
-0.03541147963380379
-0.03547158016227915
-0.03553167412643776
-0.03559172341342671
-0.035651705939358964
-0.03571161988515522
-0.03577148475871345
-0.035831339102622026
-0.035891235142736504
-0.03595123110893201
-0.036011382296520636
-0.03607173213008415
-0.03613230451464393
-0.03619309860836234
-0.036254086844869415
-0.03631521661165672
-0.03637641550686944
-0.03643759961449136
-0.03649868381889319
-0.03655959288020935
-0.036620271851695946
-0.03668069446018478
-0.03674086828825885
-0.03680083596733619
-0.03686067207011207
-0.03692047592039675
-0.03698036105269071
-0.037040442489114686
-0.037100823301990916
-0.03716158205735948
-0.037222762670348006
-0.03728436795130832
-0.03734635771168208
-0.037408651776110725
-0.037471137675182634
-0.03753368223863259
-0.03759614583832531
-0.037658397700320326
-0.037720330557224756
-0.03778187296322124
-0.037842997841829436
-0.03790372625126875
-0.03796412588813998
-0.03802430444352794
-0.038084398509626596
-0.03814455923986413
-0.038204936334976174
-0.03826566211714194
-0.038326837444365255
-0.03838852100816823
-0.03845072317544739
-0.038513405024178174
-0.038576482642146165
-0.0386398361752799
-0.03870332259338764
-0.03876679074519625
-0.03883009704428036
-0.03889312008734699
-0.038955772656499785
-0.03901800987848812
-0.03907983276452077
-0.03914128688140745
-0.039202456445441285
-0.03926345462244673
-0.03932441120621387
-0.03938545909084271
-0.03944672102747967
-0.03950829805897139
-0.03957026077525808
-0.0396326441621198
-0.03969544637515513
-0.03975863131431262
-0.03982213445657699
-0.039885871074505266
-0.03994974576099528
-0.040013662115830274
-0.04007753152695384
-0.04014128018235567
-0.040204853743713236
-0.040268219457308026
-0.040331365823156246
-0.04039430024388158
-0.0404570452910302
-0.04051963433422272
-0.040582107266623556
-0.04064450693710358
-0.04070687668824493
-0.040769259135272205
-0.040831696048027374
-0.04089422895956315
-0.040956899960655116
-0.04101975207746702
-0.04108282868322535
-0.041146171559575534
-0.04120981747811324
-0.041273793480700434
-0.04133811135230763
-0.041402762051544216
-0.04146771104434181
-0.04153289553762511
-0.04159822451108876
-0.0416635821942642
-0.04172883525254939
-0.041793843470420484
-0.04185847320840781
-0.04192261242926794
-0.04198618570625827
-0.04204916740339964
-0.04211159120065337
-0.04217355434850394
-0.0422352154734186
-0.04229678538523232
-0.04235851110063192
-0.042420654112703175
-0.042483464711372806
-0.04254715479745299
-0.042611872045759794
-0.0426776783931163
-0.04274453561724175
-0.04281230022896573
-0.042880729060325425
-0.04294949586706284
-0.04301821808030595
-0.043086491663345806
-0.043153930987904814
-0.043220209866605394
-0.04328509946841163
-0.04334849887202075
-0.04341045450409396
-0.04347116564063898
-0.04353097444686256
-0.0435903405742257
-0.043649801971511984
-0.04370992512731742
-0.04377124927238573
-0.043834229975989736
-0.04389918795284849
-0.043966268684963936
-0.04403541764836271
-0.044106374572064476
-0.044178688362343
-0.04425175226676479
-0.04432485673379204
-0.04439725546433114
-0.04446823856526275
-0.044537205684427116
-0.0446037316655828
-0.044667617677253524
-0.04472892193104988
-0.0447879659254261
-0.04484531446969451
-0.0449017303408505
-0.04495810704707492
-0.04501538554565773
-0.04507446263786187
-0.04513609992373128
-0.045200842502430026
-0.045268955982143366
-0.045340388848815784
-0.04541476495557692
-0.04549140803979304
-0.0455693970236051
-0.04564764771466915
-0.04572501371712908
-0.04580039718287167
-0.04587285872232572
-0.0459417155125838
-0.04600661745034646
-0.04606759305158038
-0.04612505954371932
-0.04617979498238355
-0.04623287393197219
-0.04628557191585842
-0.04633924709900963
-0.04639521017683663
-0.046454594935794555
-0.0465182422478257
-0.04658660929926671
-0.046659713696965435
-0.046737118923833476
-0.04681796372058675
-0.04690103371811341
-0.04698486944869607
-0.047067901139726254
-0.047148597821929886
-0.04722561656776654
-0.04729793731251777
-0.04736496976685003
-0.04742662133360295
-0.04748331848765403
-0.04753597844099976
-0.047585932686960056
-0.0476348087363178
-0.04768438056303184
-0.047736401543560465
-0.047792435665986045
-0.047853703281404696
-0.04792095659435073
-0.04799439751591309
-0.04807364665542694
-0.04815776745538373
-0.048245344226893354
-0.048334607620220196
-0.048423596375550444
-0.04851034050381988
-0.04859304872432295
-0.0486702822782484
-0.04874109824247744
-0.04880514811280837
-0.0488627214826365
-0.0489147297394989
-0.04896263036358044
-0.049008298101740046
-0.049053854461442996
-0.04910147111657863
-0.04915316553062903
-0.049210608102195776
-0.049274959306386104
-0.04934675269990138
-0.04942583550537724
-0.049511373170542015
-0.04960191830497136
-0.04969553829570264
-0.04978999027349017
-0.04988292748559163
-0.04997211797873324
-0.05005565512078597
-0.05013214004145495
-0.050200818515178096
-0.05026165892918682
-0.050315363401336285
-0.05036331033240703
-0.05040743311409908
-0.05045004575971674
-0.050493631305674164
-0.050540612459986
-0.05059312579776109
-0.05065282063751023
-0.05072070157974364
-0.05079702973968799
-0.05088129232115527
-0.0509722438556287
-0.05106801575899834
-0.05116628446253164
-0.05126448285535465
-0.05136003565532703
-0.051450596994742734
-0.05153426819311374
-0.05160977542683851
-0.05167659064275317
-0.051734984261339656
-0.051786004499967495
-0.05183138493031775
-0.051873388537675404
-0.05191460245338052
-0.05195770213340908
-0.05200520662730531
-0.05205924745250839
-0.05212137237629006
-0.05219240222300726
-0.05227235396141889
-0.05236043723615267
-0.052455124752625315
-0.052554290132398096
-0.05265540065131762
-0.05275574723284545
-0.052852690653697215
-0.052943901444260415
-0.05302757156328363
-0.05310257853698973
-0.05316858713143499
-0.05322607936654661
-0.05327631024989946
-0.053321193399605143
-0.0533631271164557
-0.05340477686885025
-0.053448834078502046
-0.05349777318710567
-0.05355362906023798
-0.053617814846714566
-0.05369099664761462
-0.05377303611239171
-0.05386300585681942
-0.05395927596265922
-0.05405966338123616
-0.05416163040668609
-0.05426251402208322
-0.05435976524010866
-0.054451176792092916
-0.05453507872085759
-0.0546104844789835
-0.054677174733457755
-0.05473571179877444
-0.054787383935743054
-0.054834085081806185
-0.054878141349017535
-0.0549221003180128
-0.05496850235725066
-0.055019654630294006
-0.05507742800981303
-0.055143094854219296
-0.05521722174630279
-0.05529962620959706
-0.055389400580045045
-0.05548500015408608
-0.055584387008910684
-0.055685216008079116
-0.05578504589571567
-0.05588155635373412
-0.055972751610681694
-0.05605713265004143
-0.056133823114098674
-0.056202638341219115
-0.0562640921988965
-0.056319342001474204
-0.05637007731679167
-0.056418363378449396
-0.05646645369692648
-0.056516588973607715
-0.05657080036304097
-0.05663073444307245
-0.05669751502896791
-0.05677165343050865
-0.056853014243932506
-0.05694083870903232
-0.05703382251487422
-0.05713024016178408
-0.057228104007624875
-0.05732534327891068
-0.057419986848453605
-0.05751033357218106
-0.05759509541231663
-0.057673501292965626
-0.05774535336724322
-0.057811031768990946
-0.05787144856868155
-0.05792795613273156
-0.057982219002604155
-0.05803606142632136
-0.05809130454439474
-0.05814960781185417
-0.058212328509920155
-0.058280411258833806
-0.05835431649183431
-0.05843399317710681
-0.05851889702551346
-0.05860805136762978
-0.058700144186831685
-0.05879365177455529
-0.05888697738289202
-0.05897859224890053
-0.059067166513350214
-0.059151678810949286
-0.05923149552408788
-0.05930641364424634
-0.0593766645891142
-0.059442879861535625
-0.05950602278812286
-0.0595672934480846
-0.059628016051658635
-0.05968951928464307
-0.05975302041452254
-0.05981952326086235
-0.059889738560356384
-0.05996403297591113
-0.06004241023460252
-0.06012452489830287
-0.06020972634576049
-0.06029712793900926
-0.06038569428318585
-0.060474338133937516
-0.060562017959878464
-0.060647827448252103
-0.06073106929769954
-0.060811307347012365
-0.06088839326890086
-0.06096246649399117
-0.06103392849674085
-0.06110339484175424
-0.06117163026119102
-0.06123947335281675
-0.06130775815574081
-0.061377239840347576
-0.06144853106757754
-0.06152205431968294
-0.06159801381594141
-0.06167638867459531
-0.06175694695823471
-0.061839278331434586
-0.061922841440656365
-0.06200702093540431
-0.06209118837969946
-0.06217476119692726
-0.06225725423656324
-0.06233831948460422
-0.06241777075427058
-0.06249559175199046
-0.0625719275581654
-0.06264706113629807
-0.06272137783903302
-0.06279532189770072
-0.0628693494779974
-0.06294388301734392
-0.06301927123452997
-0.06309575846740491
-0.06317346593412614
-0.0632523862425865
-0.06333239112053711
-0.0634132510385685
-0.06349466427445048
-0.06357629212253157
-0.06365779645949576
-0.0637388757739814
-0.06381929605104203
-0.06389891353259494
-0.06397768728146298
-0.0640556805620277
-0.06413305120303041
-0.06421003221468843
-0.0642869048837243
-0.06436396727754352
-0.0644415014895854
-0.06451974301774677
-0.06459885539070914
-0.06467891257459066
-0.06475989087048953
-0.06484167103539744
-0.06492405032382344
-0.06500676315848676
-0.06508950829012555
-0.06517197967962454
-0.06525389798941
-0.06533503953314028
-0.06541525980336299
-0.06549450924693238
-0.0655728397281812
-0.06565040103648222
-0.06572742776485888
-0.06580421781832482
-0.06588110461442455
-0.06595842563902315
-0.06603649036185505
-0.06611555057057325
-0.06619577594355631
-0.06627723717946668
-0.06635989828233406
-0.06644361873690509
-0.06652816538001013
-0.06661323287105869
-0.06669847086824393
-0.06678351540362942
-0.06686802157278326
-0.06695169454710148
-0.0670343160858297
-0.06711576415233281
-0.06719602388266117
-0.06727518895270203
-0.06735345326842436
-0.06743109378033077
-0.06750844601802602
-0.06758587458292944
-0.06766374126905152
-0.06774237366781637
-0.06782203703888441
-0.06790291190543504
-0.06798507929164799
-0.06806851481496727
-0.06815309204154711
-0.06823859468419424
-0.0683247364437057
-0.06841118663459747
-0.06849759925422533
-0.06858364288814904
-0.0686690288158819
-0.06875353488800126
-0.06883702316404045
-0.06891944989089668
-0.06900086710574473
-0.06908141590189149
-0.06916131213080623
-0.0692408259651809
-0.0693202572575466
-0.06939990895639711
-0.06948006096034882
-0.06956094669536017
-0.06964273440223173
-0.06972551465637745
-0.06980929504964678
-0.06989400230530338
-0.06997949143010654
-0.07006556089211095
-0.07015197230408013
-0.07023847273194314
-0.07032481756511626
-0.07041079189244458
-0.07049622851825585
-0.0705810211063292
-0.07066513141925145
-0.07074859018025403
-0.07083149167253529
-0.07091398275207653
-0.07099624743636829
-0.07107848859941368
-0.07116090852378099
-0.07124369011661517
-0.07132698048902739
-0.07141087833708185
-0.07149542618146065
-0.07158060805152222
-0.07166635269025388
-0.07175254184973132
-0.07183902279323925
-0.07192562375598349
-0.07201217087412003
-0.0720985049898419
-0.07218449678458246
-0.0722700588755462
-0.0723551538130735
-0.07243979730831843
-0.07252405646474919
-0.07260804324247272
-0.07269190381064634
-0.07277580480206748
-0.07285991774671177
-0.07294440310409069
-0.07302939533022405
-0.07311499030301044
-0.07320123620441767
-0.07328812863963453
-0.07337561039397612
-0.07346357582008008
-0.07355187944908498
-0.07364034806235732
-0.07372879517565174
-0.07381703669687421
-0.07390490643808635
-0.07399227019171695
-0.07407903721972876
-0.07416516823373169
-0.0742506792452089
-0.07433564100846098
-0.07442017413757179
-0.07450444032019654
-0.07458863035052134
-0.07467294993714621
-0.07475760439274687
-0.07484278337377033
-0.07492864680719241
-0.07501531302472135
-0.07510284993599547
-0.075191269828982
-0.0752805281077543
-0.07537052599071327
-0.07546111691466738
-0.07555211614360588
-0.07564331288140941
-0.07573448404448616
-0.0758254087718116
-0.07591588273483653
-0.07600573135525727
-0.07609482113726758
-0.07618306846042924
-0.07627044534981404
-0.07635698192674598
-0.07644276543552657
-0.07652793592816136
-0.07661267886112773
-0.07669721500982701
-0.07678178823342927
-0.07686665172130125
-0.07695205342412961
-0.07703822141434206
-0.07712534993485211
-0.07721358688059836
-0.07730302341423459
-0.07739368634581778
-0.07748553380437168
-0.07757845459922234
-0.07767227150839869
-0.0777667485469179
-0.07786160206006541
-0.0779565152662322
-0.07805115564872098
-0.07814519438009626
-0.07823832676975016
-0.07833029257279242
-0.07842089490049177
-0.07851001644540079
-0.078597631787678
-0.07868381469108983
-0.07876873952794423
-0.07885267628559232
-0.07893597899041323
-0.07901906781722472
-0.07910240560704063
-0.07918646996110393
-0.07927172248194776
-0.07935857705631351
-0.07944736929094597
-0.07953832929227077
-0.0796315599081264
-0.07972702231729303
-0.07982453046336142
-0.07992375530109977
-0.08002423918743133
-0.08012542004111375
-0.08022666416792053
-0.08032730595256861
-0.0804266920098259
-0.08052422691870981
-0.08061941737692223
-0.08071191154305538
-0.08080153049922459
-0.08088828916768379
-0.08097240463540503
-0.08105429064641809
-0.08113453796181846
-0.08121388129857167
-0.0812931545681332
-0.08137323706923554
-0.08145499407135808
-0.08153921579145694
-0.08162655906341691
-0.08171749599372198
-0.0818122735745479
-0.08191088759709812
-0.0820130733085318
-0.0821183141398098
-0.08222586857447987
-0.08233481391749711
-0.08244410445340047
-0.08255264035153184
-0.08265934276905697
-0.08276322999786752
-0.0828634892520022
-0.08295953882861201
-0.08305107590179811
-0.08313810609503763
-0.0832209521742251
-0.08330024062675899
-0.0833768664479294
-0.08345193803176466
-0.08352670554479667
-0.08360247743709576
-0.08368053071712385
-0.08376202120532188
-0.08384790013516598
-0.08393884316745914
-0.08403519713469965
-0.08413694868434876
-0.08424371751473941
-0.08435477519805581
-0.08446908877978553
-0.08458538656059812
-0.08470224183679018
-0.0848181690194988
-0.08493172557192742
-0.08504161267900823
-0.08514676753606969
-0.08524644062653951
-0.08534025232172249
-0.08542822452035688
-0.08551078475369607
-0.08558874209777471
-0.08566323622164093
-0.08573566281619482
-0.08580758035616869
-0.08588060452071589
-0.08595629753556377
-0.08603606013039712
-0.08612103369129141
-0.08621201953717796
-0.08630942109902036
-0.0864132132131339
-0.08652294086210317
-0.08663774764218085
-0.0867564321488082
-0.08687752850199251
-0.08699940552093154
-0.08712037772534996
-0.08723882048693343
-0.08735328133849972
-0.0874625796970758
-0.08756588805080202
-0.0876627889470873
-0.08775330380423066
-0.08783789153754815
-0.08791741709945874
-0.0879930921344136
-0.08806639189354382
-0.08813895420374074
-0.08821246752533612
-0.08828855587423283
-0.08836866857799505
-0.08845398246865868
-0.08854532321662552
-0.08864311114485332
-0.08874733513016396
-0.08885755622283398
-0.0889729405377648
-0.0890923189374133
-0.08921426918202621
-0.0893372146944912
-0.08945953298196584
-0.08957966614693785
-0.08969622584698002
-0.0898080855243185
-0.08991445368577078
-0.09001492339905126
-0.0901094948782768
-0.09019856993984256
-0.09028291907785659
-0.09036362380170718
-0.09044199856045496
-0.09051949793677948
-0.09059761573354379
-0.0906777830401383
-0.09076127232582058
-0.09084911407538558
-0.09094203150190154
-0.09104039751969763
-0.09114421653784106
-0.09125313186121509
-0.0913664576879993
-0.09148323299881383
-0.09160229315999165
-0.09172235391219642
-0.0918421016608777
-0.09196028367387298
-0.09207579193398109
-0.09218773497714634
-0.09229549301255256
-0.09239875289999348
-0.09249752105019102
-0.09259211390755251
-0.09268312725596205
-0.09277138704474178
-0.09285788566258416
-0.09294370851106999
-0.09302995628602045
-0.09311766853433698
-0.09320775381444879
-0.09330093117599947
-0.09339768674291808
-0.09349824800685665
-0.09360257710738842
-0.0937103829882092
-0.09382115097879193
-0.0939341871507817
-0.09404867382236222
-0.09416373189562456
-0.09427848535324002
-0.09439212322922089
-0.09450395469467526
-0.09461345353175264
-0.09472028915114011
-0.09482434237224459
-0.09492570534571504
-0.09502466616894019
-0.09512167984270796
-0.0952173281594073
-0.0953122718397371
-0.09540719869598324
-0.09550277177002252
-0.09559958126936743
-0.09569810372224194
-0.0957986711292896
-0.0959014520617312
-0.09600644570606834
-0.09611348886203973
-0.09622227493450378
-0.09633238309322906
-0.0964433150706088
-0.09655453657061819
-0.09666552000761318
-0.09677578529006065
-0.09688493560882544
-0.09699268565381398
-0.09709888032969631
-0.0972035028140452
-0.09730667164276373
-0.09740862734863766
-0.0975097099602501
-0.09761032933061321
-0.0977109307611399
-0.09781195868570285
-0.09791382126025935
-0.09801685856901328
-0.09812131681937186
-0.0982273303891459
-0.09833491294877279
-0.09844395816434347
-0.0985542497445204
-0.09866547988793789
-0.09877727456466955
-0.0988892235750632
-0.09900091300334857
-0.09911195754377587
-0.09922203023123012
-0.09933088734668531
-0.09943838667076392
-0.09954449779146976
-0.09964930379292136
-0.09975299431264978
-0.09985585060437188
-0.09995822383503188
-0.10006050833334036
-0.10016311185966159
-0.10026642515890163
-0.10037079307809386
-0.10047648937942254
-0.1005836970737785
-0.10069249566173342
-0.10080285613654262
-0.10091464401577778
-0.10102763007068509
-0.10114150785872478
-0.10125591667717297
-0.1013704681774281
-0.10148477463806253
-0.10159847680500118
-0.10171126927167243
-0.1018229215860749
-0.10193329361407327
-0.10204234413378031
-0.10215013214759329
-0.10225681094031648
-0.10236261544087137
-0.1024678439245632
-0.10257283548750579
-0.10267794500761195
-0.10278351745899153
-0.10288986345925959
-0.10299723780428814
-0.10310582249446433
-0.10321571539980556
-0.10332692527783302
-0.10343937338035766
-0.10355290139898225
-0.10366728504048531
-0.10378225212432565
-0.10389750378446654
-0.10401273715735426
-0.10412766785854137
-0.10424205059802992
-0.10435569645117834
-0.10446848557452201
-0.1045803745122732
-0.10469139765240869
-0.10480166282830752
-0.10491134149409294
-0.10502065429342936
-0.10512985316795252
-0.10523920138916318
-0.10534895302936394
-0.10545933340780207
-0.10557052195492717
-0.10568263874184176
-0.10579573563697672
-0.10590979270183551
-0.10602472004690576
-0.10614036496741075
-0.10625652379465707
-0.10637295756059206
-0.1064894103036639
-0.10660562866153189
-0.10672138131304403
-0.10683647685239821
-0.1069507787993992
-0.10706421666193612
-0.10717679225360051
-0.1072885808100619
-0.10739972681667645
-0.10751043483322935
-0.10762095594927608
-0.10773157080686425
-0.10784257036147336
-0.10795423570346398
-0.1080668183235323
-0.10818052216949446
-0.10829548871704567
-0.10841178606874903
-0.10852940282371626
-0.10864824713890052
-0.10876815105956465
-0.10888887984984748
-0.1090101457301152
-0.1091316251459371
-0.10925297847201923
-0.10937387090613043
-0.10949399324178208
-0.10961308122628449
-0.10973093231006383
-0.10984741876555132
-0.10996249638737238
-0.11007620826290829
-0.11018868340669058
-0.11030013036194718
-0.1104108261708956
-0.11052110138190202
-0.11063132198369009
-0.11074186931969249
-0.11085311913429244
-0.11096542093103552
-0.11107907878369624
-0.11119433463808097
-0.11131135498408135
-0.11143022157557507
-0.11155092664338893
-0.11167337279725532
-0.11179737756215836
-0.11192268225558663
-0.1120489646971981
-0.1121758550619507
-0.11230295404864296
-0.11242985244325768
-0.11255615111290963
-0.11268148046923263
-0.1128055184895259
-0.11292800647131865
-0.1130487618181777
-0.11316768730180114
-0.11328477641085576
-0.11340011457230235
-0.11351387620966943
-0.11362631777577534
-0.11373776706203502
-0.1138486092340311
-0.11395927017263772
-0.11407019780595715
-0.11418184219900569
-0.11429463522142853
-0.11440897064060188
-0.11452518548319206
-0.1146435434761335
-0.11476422131542541
-0.11488729842026787
-0.11501275071146513
-0.1151404488085763
-0.11527016087476277
-0.11540156015351083
-0.11553423704468638
-0.11566771536558458
-0.11580147224164838
-0.11593496088252034
-0.11606763533063921
-0.11619897612920575
-0.11632851575801036
-0.11645586263152946
-0.11658072245615757
-0.11670291580245765
-0.11682239086911765
-0.11693923059379328
-0.11705365349965562
-0.11716600794536172
-0.117276759760259
-0.1173864735805545
-0.11749578853939253
-0.11760538928752653
-0.11771597361040449
-0.11782821814652224
-0.11794274388284295
-0.11806008319371022
-0.11818065018877301
-0.11830471603983221
-0.11843239076512958
-0.11856361266845451
-0.11869814627193308
-0.11883558915951531
-0.11897538768692406
-0.11911686103475227
-0.11925923261193663
-0.11940166738453241
-0.1195433133339871
-0.11968334496503993
-0.1198210066038607
-0.11995565316802068
-0.12008678615601007
-0.1202140827993948
-0.12033741663538419
-0.12045686817879414
-0.12057272487998463
-0.12068547012104022
-0.12079576159805556
-0.12090440002741182
-0.12101228966705184
-0.12112039262509533
-0.12122967931063339
-0.12134107764034445
-0.12145542373142917
-0.12157341677885554
-0.12169558062915584
-0.12182223423496585
-0.12195347271615714
-0.1220891601939685
-0.12222893492854756
-0.1223722266179772
-0.12251828504200364
-0.12266621859771792
-0.12281504071167822
-0.12296372165838261
-0.12311124299393235
-0.12325665164774885
-0.12339911071299955
-0.12353794414116281
-0.12367267286998701
-0.12380304037701159
-0.12392902623163417
-0.12405084688066241
-0.12416894361048798
-0.12428395834275335
-0.12439669859861723
-0.12450809357037139
-0.12461914373467423
-0.12473086679941571
-0.12484424297564096
-0.12496016259749979
-0.12507937897190635
-0.12520246903693422
-0.1253298039592256
-0.12546153123386397
-0.1255975691955092
-0.1257376141480906
-0.1258811596097725
-0.12602752649234533
-0.1261759024283444
-0.12632538795913506
-0.12647504693105088
-0.12662395823488676
-0.12677126597741625
-0.126916225293298
-0.12705824128525112
-0.1271968989977772
-0.1273319828667535
-0.12746348470333485
-0.12759159993718364
-0.127716712516211
-0.12783936950195562
-0.12796024697301187
-0.12808010932320157
-0.12819976438637729
-0.1283200170213294
-0.12844162383668167
-0.1285652516249048
-0.12869144181828446
-0.12882058289161796
-0.12895289214376274
-0.12908840772113991
-0.1292269911369582
-0.12936833992523183
-0.1295120094855096
-0.12965744265695023
-0.12980400513550755
-0.12995102454404828
-0.1300978307919228
-0.13024379533210947
-0.13038836703448628
-0.1305311026386562
-0.13067169010857196
-0.13080996366384454
-0.13094590977876536
-0.13107966398867896
-0.131211498891357
-0.13134180424609967
-0.13147106052501567
-0.13159980763300702
-0.13172861076752615
-0.1318580255208245
-0.13198856433042566
-0.13212066626266808
-0.13225467187530707
-0.13239080456783345
-0.13252915941098417
-0.13266969998109632
-0.1328122632324447
-0.13295657195923055
-0.13310225394997213
-0.1332488665522543
-0.13339592506403733
-0.1335429331666732
-0.13368941352483227
-0.13383493670263716
-0.1339791466798526
-0.13412178148835696
-0.13426268780816825
-0.13440182874789014
-0.13453928445750116
-0.13467524565930375
-0.13481000060746973
-0.1349439163730921
-0.135077415676764
-0.13521095073715586
-0.1353449757582605
-0.13547991973009224
-0.13561616117034098
-0.13575400628927856
-0.13589367182725998
-0.13603527351363928
-0.13617882073928264
-0.1363242176534943
-0.136471270505739
-0.13661970068168683
-0.13676916255121624
-0.13691926497412388
-0.13706959511043146
-0.13721974306944557
-0.137369325908504
-0.13751800955961407
-0.13766552741287938
-0.13781169451114106
-0.13795641659364755
-0.13809969355066112
-0.1382416171962287
-0.13838236360948983
-0.13852218061770322
-0.138661371275836
-0.13880027442262535
-0.13893924354861875
-0.13907862528938159
-0.1392187388549822
-0.13935985762420355
-0.13950219397646485
-0.13964588821854038
-0.13979100219559773
-0.13993751788147452
-0.14008534093221467
-0.1402343088841791
-0.14038420339970847
-0.14053476572424523
-0.14068571433731122
-0.14083676366014777
-0.14098764263614297
-0.1411381120264865
-0.1412879793586242
-0.1414371106255397
-0.1415854380452955
-0.14173296344317268
-0.14187975709354292
-0.1420259521409317
-0.1421717349914135
-0.14231733231098534
-0.14246299547093114
-0.14260898343190126
-0.14275554514786906
-0.14290290259425062
-0.1430512354820309
-0.14320066861124203
-0.14335126265539005
-0.1435030089557677
-0.1436558286628344
-0.14380957629821792
-0.1439640475450027
-0.14411899082074367
-0.14427412196135364
-0.1444291411587819
-0.14458375115864194
-0.1447376756494885
-0.1448906767594672
-0.1450425706249337
-0.14519324010411705
-0.1453426438690646
-0.14549082131371724
-0.1456378929523808
-0.14578405623511909
-0.14592957696531497
-0.14607477674953653
-0.1462200171315731
-0.14636568124787128
-0.14651215397785758
-0.146659801648067
-0.14680895237397312
-0.14695987809029665
-0.1471127792320848
-0.1472677728865501
-0.147424885053659
-0.14758404743716327
-0.14774509895070292
-0.14790779188015418
-0.14807180240390055
-0.14823674495250086
-0.14840218969662058
-0.14856768229941905
-0.1487327649623366
-0.14889699773704163
-0.1490599790717842
-0.14922136460917937
-0.14938088334815475
-0.14953835042078423
-0.1496936759083851
-0.14984686931758964
-0.1499980395495808
-0.15014739041031122
-0.1502952119176667
-0.15044186785113767
-0.15058778015468283
-0.1507334109340311
-0.1508792428820521
-0.15102575901702672
-0.15117342262766997
-0.15132265828504118
-0.15147383471218798
-0.15162725019810946
-0.15178312111174658
-0.15194157392298352
-0.15210264097474135
-0.15226626008593502
-0.15243227790177885
-0.15260045676019937
-0.15277048470566604
-0.1529419881730107
-0.15311454677498257
-0.15328770956940554
-0.15346101214959335
-0.15363399389812427
-0.15380621476660486
-0.1539772709874321
-0.15414680918844073
-0.1543145384598967
-0.15448024001378574
-0.15464377417240976
-0.15480508452247563
-0.15496419916979934
-0.15512122912540938
-0.15527636393996613
-0.15542986478530457
-0.15558205524902793
-0.15573331016917724
-0.15588404288177854
-0.15603469129125647
-0.15618570319897235
-0.15633752133970374
-0.15649056857945337
-0.15664523372278671
-0.1568018583616153
-0.15696072517150425
-0.15712204802727303
-0.15728596426386926
-0.15745252935504678
-0.15762171421966503
-0.1577934052931149
-0.15796740742295123
-0.1581434495631972
-0.1583211931518333
-0.1585002429654525
-0.15868016015510847
-0.15886047708004103
-0.15904071347983348
-0.159220393456399
-0.15939906268490195
-0.15957630524083627
-0.15975175941400926
-0.1599251318936614
-0.16009620974148278
-0.16026486963092978
-0.16043108391474917
-0.1605949231896756
-0.16075655515271983
-0.16091623968466823
-0.16107432024593132
-0.16123121182404065
-0.16138738582195442
-0.16154335241659654
-0.16169964104006443
-0.16185677973618223
-0.16201527421459322
-0.16217558746352817
-0.16233812078138243
-0.16250319705154462
-0.16267104700864815
-0.16284179913402155
-0.16301547367643518
-0.1631919811242495
-0.1633711252677751
-0.1635526107922192
-0.16373605513957454
-0.16392100418437938
-0.16410695109105397
-0.1642933575680666
-0.16447967661439927
-0.16466537577497756
-0.1648499598827202
-0.16503299227804136
-0.16521411355022705
-0.16539305694881098
-0.16556965975407664
-0.16574387007401523
-0.16591574873802828
-0.16608546618006811
-0.1662532944328204
-0.16641959457906239
-0.16658480021923514
-0.16674939769914818
-0.1669139039971106
-0.16707884327983868
-0.16724472320401465
-0.1674120120533011
-0.16758111776607548
-0.16775236982175282
-0.1679260048211465
-0.16810215642528353
-0.16828085011094843
-0.16846200297618713
-0.168645428590336
-0.16883084664580658
-0.16901789694170685
-0.16920615702562622
-0.16939516264833754
-0.1695844300533695
-0.1697734790409773
-0.16996185570991057
-0.17014915380151358
-0.17033503363974678
-0.17051923777952824
-0.17070160263712536
-0.17088206557101251
-0.17106066710174977
-0.17123754819409182
-0.17141294276093044
-0.17158716577717092
-0.17176059760014023
-0.17193366527126758
-0.1721068217146427
-0.17228052384293652
-0.17245521062702313
-0.17263128218051696
-0.17280908085408936
-0.17298887523043044
-0.1731708477652358
-0.1733550866370149
-0.17354158216289758
-0.1737302279142458
-0.17392082643800308
-0.17411309926993024
-0.17430670072071439
-0.17450123474089038
-0.1746962740261198
-0.1748913804281506
-0.17508612568056386
-0.1752801114449887
-0.17547298772702874
-0.17566446879969067
-0.1758543459023736
-0.17604249614775466
-0.17622888725839678
-0.17641357796070392
-0.17659671407631244
-0.17677852055677204
-0.17695928990202525
-0.17713936756989007
-0.17731913512170785
-0.17749899194827418
-0.17767933647488696
-0.17786054775782734
-0.17804296834950278
-0.17822688923458432
-0.17841253752602382
-0.17860006746275098
-0.17878955508099875
-0.17898099674576678
-0.17917431153553667
-0.1793693472849817
-0.17956588991392658
-0.17976367551563782
-0.17996240455021614
-0.180161757398422
-0.18036141047482765
-0.18056105208899328
-0.18076039726889367
-0.18095920082820616
-0.18115726806035062
-0.1813544625725143
-0.18155071092602484
-0.1817460039168869
-0.18194039450376784
-0.18213399256151122
-0.18232695679570982
-0.182519484295961
-0.18271179831709577
-0.18290413496102234
-0.18309672947850764
-0.18328980292032238
-0.1834835498394216
-0.18367812768379643
-0.18387364842422083
-0.18407017283940275
-0.18426770774036746
-0.18446620625892132
-0.1846655711660588
-0.18486566102813512
-0.18506629886222944
-0.1852672828233467
-0.18546839835191511
-0.18566943113515386
-0.18587018019475915
-0.1860704704048562
-0.18627016377470332
-0.1864691688895878
-0.18666744799757143
-0.18686502134574942
-0.18706196850740778
-0.18725842659178224
-0.18745458538329002
-0.18765067961078846
-0.18784697869144223
-0.18804377442023373
-0.1882413671822958
-0.18844005133994005
-0.18864010049403127
-0.18884175333022205
-0.18904520073862063
-0.1892505748421298
-0.1894579404825882
-0.18966728960399895
-0.18987853884026246
-0.19009153046855265
-0.19030603673616656
-0.1905217674137436
-0.19073838028056642
-0.19095549411284507
-0.19117270363130046
-0.19138959577419337
-0.19160576660006257
-0.1918208380945322
-0.19203447415667657
-0.19224639507589203
-0.19245638987359986
-0.1926643259759739
-0.1928701557991865
-0.19307391995943907
-0.19327574696560113
-0.19347584939945137
-0.19367451673718047
-0.19387210510529837
-0.19406902438927653
-0.19426572322096528
-0.1944626724533356
-0.19466034778802527
-0.19485921224969946
-0.195059699198886
-0.19526219654555227
-0.1954670327683927
-0.19567446526357324
-0.19588467144573338
-0.19609774290725743
-0.19631368281537143
-0.19653240659529472
-0.19675374581726743
-0.1969774550823926
-0.19720322158852682
-0.1974306769621243
-0.19765941086414884
-0.19788898582246553
-0.1981189527120358
-0.19834886629537557
-0.19857830025256032
-0.19880686116574794
-0.1990342009834057
-0.19926002755994557
-0.19948411295609836
-0.19970629927920588
-0.19992650194345749
-0.200144710330622
-0.20036098592841384
-0.20057545811245836
-0.2007883178175105
-0.20099980940715353
-0.201210221103156
-0.20141987436666114
-0.20162911264354358
-0.20183828988305005
-0.2020477592268987
-0.20225786223430434
-0.20246891897034114
-0.20268121923280916
-0.20289501513703592
-0.20311051521803805
-0.20332788014556985
-0.20354722009044374
-0.2037685937194444
-0.2039920087495862
-0.20421742394370188
-0.20444475239711712
-0.20467386593519502
-0.2049046004242588
-0.2051367617878521
-0.2053701325192997
-0.2056044784847182
-0.20583955582326624
-0.2060751177651578
-0.20631092120795222
-0.20654673291105674
-0.2067823351896372
-0.20701753101148948
-0.20725214841832945
-0.20748604421291372
-0.20771910686939515
-0.2079512586386254
-0.20818245683272238
-0.20841269428503698
-0.20864199899040814
-0.20887043294213276
-0.20909809018964398
-0.20932509415230524
-0.20955159423495062
-0.2097777618034701
-0.21000378559114177
-0.2102298666216942
-0.21045621274906007
-0.21068303292972582
-0.21091053135704732
-0.21113890160125692
-0.21136832090814578
-0.2115989448177891
-0.21183090226712636
-0.2120642913379613
-0.21229917580460908
-0.2125355826214374
-0.21277350046865992
-0.21301287945073497
-0.21325363200730138
-0.2134956350603319
-0.2137387333805975
-0.2139827441125084
-0.2142274623535576
-0.214472667640458
-0.21471813115541102
-0.21496362342959902
-0.21520892229400743
-0.21545382080487965
-0.21569813486298378
-0.21594171024280476
-0.21618442875965282
-0.21642621332418924
-0.21666703166457163
-0.21690689854093706
-0.21714587632531057
-0.21738407387866718
-0.21762164371924855
-0.21785877753975688
-0.21809570019672792
-0.21833266235585277
-0.21856993203369673
-0.2188077853250174
-0.21904649664149506
-0.21928632881655746
-0.21952752344165968
-0.21977029179956145
-0.22001480674556548
-0.22026119585572487
-0.22050953612118837
-0.22075985041180818
-0.22101210586726291
-0.22126621430526636
-0.2215220346565646
-0.22177937736195955
-0.22203801058864067
-0.22229766805203566
-0.22255805816552013
-0.22281887418679036
-0.22307980498763283
-0.22334054604790715
-0.22360081026264303
-0.22386033815570994
-0.22411890711439836
-0.2243763392957526
-0.22463250790448805
-0.2248873416059919
-0.22514082690727763
-0.2253930084199633
-0.2256439869990193
-0.22589391583439902
-0.2261429946521642
-0.2263914622542168
-0.22663958769011527
-0.22688766040640773
-0.2271359797572836
-0.22738484428317238
-0.2276345411704734
-0.22788533629588476
-0.22813746523196526
-0.22839112554995541
-0.22864647070187807
-0.22890360569754856
-0.22916258471861656
-0.22942341073349068
-0.2296860370953863
-0.22995037102528637
-0.2302162788088913
-0.2304835924658145
-0.2307521175958266
-0.23102164205958997
-0.2312919451232228
-0.23156280668152573
-0.23183401617514302
-0.2321053808365312
-0.23237673293146796
-0.23264793570829603
-0.2329188878278315
-0.23318952610975544
-0.23345982651037075
-0.23372980331717882
-0.2339995066268979
-0.23426901824400556
-0.23453844620546926
-0.23480791819341545
-0.23507757414501168
-0.23534755840214033
-0.2356180117590864
-0.23588906377234733
-0.2361608256816299
-0.23643338426451202
-0.23670679690491683
-0.23698108810346252
-0.23725624759365213
-0.23753223015782884
-0.23780895716442746
-0.23808631976989966
-0.23836418365941436
-0.23864239513004176
-0.23892078826141333
-0.23919919287128616
-0.2394774429139629
-0.23975538496043897
-0.2400328863892342
-0.2403098429269737
-0.24058618519933186
-0.24086188399153163
-0.24113695396703905
-0.24141145565344738
-0.24168549557440858
-0.24195922447970478
-0.24223283370296061
-0.24250654975250188
-0.24278062731334615
-0.24305534090397193
-0.24333097548891236
-0.243607816391818
-0.24388613888746624
-0.24416619786658345
-0.24444821797054858
-0.2447323845783794
-0.24501883600189578
-0.24530765719996245
-0.24559887527089283
-0.24589245691658074
-0.2461883079989319
-0.24648627523387112
-0.24678614998807283
-0.24708767406588858
-0.24739054730089738
-0.2476944366984308
-0.2479989868188086
-0.24830383104448914
-0.2486086033408272
-0.24891295010264336
-0.2492165416737282
-0.24951908313944246
-0.24982032401652038
-0.25012006650559077
-0.2504181720214619
-0.25071456577961687
-0.25100923928378427
-0.2513022506363035
-0.25159372266691216
-0.2518838389540423
-0.25217283788256833
-0.2524610049512327
-0.25274866360059844
-0.25303616488060426
-0.2533238763143779
-0.2536121703373162
-0.2539014127021548
-0.254191951235119
-0.25448410531271504
-0.25477815639745527
-0.25507433993054707
-0.2553728388286495
-0.2556737787719114
-0.2559772254085777
-0.2562831835328326
-0.2565915982245595
-0.2569023578751918
-0.25721529896034895
-0.2575302123652995
-0.2578468510203717
-0.2581649385663804
-0.25848417874194285
-0.2588042651677409
-0.25912489119828513
-0.2594457595193531
-0.25976659118489726
-0.2600871338162491
-0.26040716872231
-0.2607265167422879
-0.2610450426613725
-0.261362658102938
-0.261679322853415
-0.2619950446299297
-0.26230987735301026
-0.2626239180317829
-0.26293730241329066
-0.26325019958093315
-0.26356280571452095
-0.2638753372449248
-0.26418802364385235
-0.2645011000940492
-0.2648148002753293
-0.2651293494895832
-0.2654449583254918
-0.26576181703601176
-0.26608009077068684
-0.26639991576949607
-0.266721396587218
-0.26704460438174094
-0.2673695762616854
-0.26769631565578245
-0.26802479363503295
-0.2683549510927914
-0.2686867016653163
-0.2690199352606586
-0.2693545220514874
-0.2696903167844689
-0.2700271632582237
-0.2703648988284651
-0.2707033588088606
-0.271042380650621
-0.2713818078005537
-0.27172149315669275
-0.2720613020614244
-0.2724011147910327
-0.27274082852304093
-0.273080358778862
-0.27341964035804717
-0.2737586277929798
-0.2740972953649347
-0.27443563673098326
-0.2747736642147543
-0.27511140781824267
-0.27544891400925464
-0.27578624433623466
-0.27612347391869474
-0.2764606898517983
-0.27679798955925333
-0.27713547911786945
-0.27747327157196866
-0.2778114852473363
-0.2781502420683886
-0.27848966587908897
-0.2788298807646955
-0.2791710093701068
-0.2795131712130783
-0.2798564809918027
-0.2802010468915861
-0.28054696890033876
-0.2808943371492166
-0.28124323030141496
-0.281593714017489
-0.28194583953362756
-0.282299642392348
-0.2826551413687831
-0.2830123376378834
-0.2833712142269488
-0.28373173579432825
-0.28409384877103905
-0.2844574818936616
-0.28482254714741506
-0.285188941127319
-0.28555654681152837
-0.2859252357280153
-0.2862948704807401
-0.286665307587652
-0.2870364005696732
-0.2874080032175271
-0.287779972952964
-0.2881521741938576
-0.28852448162840283
-0.2888967832998691
-0.2892689834083171
-0.2896410047379334
-0.2900127906299539
-0.29038430643128244
-0.29075554036369733
-0.29112650377778926
-0.2914972307717016
-0.2918677771772061
-0.2922382189360229
-0.2926086499088307
-0.2929791791794379
-0.29334992793489284
-0.2937210260159635
-0.29409260824664735
-0.29446481065789487
-0.29483776672702866
-0.29521160375439676
-0.2955864394952601
-0.29596237915566687
-0.296339512852441
-0.2967179136175628
-0.29709763601292394
-0.29747871539737225
-0.2978611678666725
-0.29824499086339323
-0.29863016442926127
-0.2990166530502071
-0.2994044080235675
-0.29979337025538927
-0.30018347338451606
-0.30057464711319065
-0.30096682061942615
-0.30135992592221605
-0.30175390107052985
-0.30214869303540615
-0.3025442601932833
-0.3029405743032595
-0.30333762190100005
-0.30373540505119523
-0.3041339414252783
-0.3045332636961352
-0.3049334182670696
-0.3053344633765181
-0.3057364666459528
-0.30613950215813035
-0.3065436471728994
-0.3069489786026196
-0.3073555693794642
-0.3077634848544102
-0.3081727793671459
-0.3085834931239678
-0.30899564951079594
-0.30940925295453253
-0.30982428743049917
-0.3102407156887443
-0.3106584792498726
-0.31107749919443056
-0.3114976777400698
-0.3119189005742277
-0.3123410398833143
-0.31276395799008017
-0.31318751149249063
-0.3136115557732189
-0.31403594973652327
-0.3144605606165657
-0.31488526869558153
-0.31530997177105086
-0.31573458921508124
-0.31615906547966915
-0.31658337291825855
-0.3170075138127258
-0.317431521519633
-0.31785546067723963
-0.31827942644386953
-0.31870354276911705
-0.319127959731673
-0.31955285000689726
-0.3199784045571791
-0.32040482766376643
-0.32083233144252
-0.3212611300031732
-0.3216914334263567
-0.3221234417399201
-0.32255733907979967
-0.3229932882148299
-0.3234314256097537
-0.3238718571809931
-0.32431465488536587
-0.32475985425337184
-0.3252074529540349
-0.32565741044561153
-0.32610964873605913
-0.3265640542399715
-0.3270204806914542
-0.3274787530335007
-0.3279386721801867
-0.3284000205184165
-0.3288625679935485
-0.32932607860577406
-0.329790317131125
-0.33025505587294096
-0.33072008124929686
-0.33118520002509627
-0.3316502450091274
-0.3321150800490905
-0.3325796041829711
-0.33304375482256776
-0.3335075098812349
-0.33397088878147363
-0.3344339523153094
-0.33489680136140637
-0.3353595744954093
-0.33582244456410976
-0.33628561431988563
-0.3367493112409293
-0.3372137816843528
-0.33767928453742885
-0.33814608454462564
-0.33861444549709413
-0.3390846234731005
-0.3395568603145428
-0.340031377516277
-0.3405083706921378
-0.3409880047627953
-0.341470409989175
-0.3419556789505075
-0.3424438645357479
-0.3429349789927976
-0.34342899404423244
-0.34392584205368587
-0.3444254181933936
-0.34492758354098274
-0.34543216900548823
-0.3459389799642014
-0.3464478014722745
-0.34695840389692045
-0.3474705488158044
-0.34798399501977073
-0.3484985044564594
-0.34901384796043544
-0.34952981062279703
-0.3500461966684867
-0.35056283372556096
-0.35107957639072696
-0.35159630901756983
-0.35211294767831297
-0.35262944127245144
-0.35314577178146705
-0.35366195369125647
-0.3541780326276974
-0.354694083269315
-0.3552102066189064
-0.35572652673293353
-0.35624318701535196
-0.35676034619418673
-0.35727817410067597
-0.3577968473720915
-0.358316545198753
-0.3588374452248867
-0.35935971970837
-0.35988353202966494
-0.3604090336270629
-0.36093636141919766
-0.3614656357596991
-0.3619969589502274
-0.36253041432143035
-0.3630660658735697
-0.3636039584542563
-0.3641441184331379
-0.3646865548243758
-0.36523126079388646
-0.3657782154829099
-0.366327386071741
-0.36687873000586596
-0.36743219730599597
-0.3679877328855197
-0.3685452788035372
-0.369104776387586
-0.36966616817011166
-0.3702293995893733
-0.3707944204200578
-0.3713611859068995
-0.3719296575879072
-0.37249980380541925
-0.3730715999122836
-0.3736450281934499
-0.3742200775287147
-0.374796742832047
-0.3753750243092247
-0.3759549265759042
-0.3765364576851807
-0.377119628111514
-0.3777044497359067
-0.37829093487716403
-0.37887909540667075
-0.3794689419804362
-0.38006048341564225
-0.3806537262299548
-0.38124867435647836
-0.3818453290377597
-0.38244368889601177
-0.38304375016790815
-0.3836455070878788
-0.3842489523969528
-0.38485407794996535
-0.3854608753909308
-0.3860693368649661
-0.38667945573336815
-0.387291227259974
-0.3879046492394994
-0.3885197225392582
-0.3891364515335394
-0.3897548444107685
-0.3903749133423607
-0.39099667450533065
-0.3916201479596427
-0.39224535738440913
-0.39287232968459596
-0.39350109448376097
-0.39413168352398104
-0.39476412999604726
-0.39539846782765803
-0.3960347309560919
-0.39667295261512975
-0.3973131646628728
-0.3979553969762589
-0.39859967693562226
-0.39924602901805434
-0.3998944745145634
-0.40054503138044895
-0.4011977142236645
-0.4018525344296748
-0.40250950041634603
-0.4031686180073588
-0.40382989090674154
-0.404493321254595
-0.4051589102402064
-0.4058266587441269
-0.4064965679850823
-0.407168640139567
-0.40784287890907966
-0.40851929000982407
-0.40919788156015224
-0.40987866434861947
-0.4105616519678797
-0.411246860804816
-0.411934309883762
-0.4126240205651381
-0.413316016107644
-0.4140103211078131
-0.4147069608373532
-0.4154059604996678
-0.4161073444380773
-0.41681113532167946
-0.41751735334647544
-0.41822601548286775
-0.41893713480521255
-0.41965071993353514
-0.4203667746194847
-0.4210852974991407
-0.4218062820360508
-0.422529716667236
-0.4232555851626417
-0.42398386719712156
-0.4247145391318095
-0.4254475749890393
-0.42618294760262876
-0.4269206299149729
-0.427660596388142
-0.42840282449055145
-0.42914729621588665
-0.4298939995892921
-0.43064293011182864
-0.4313940920965963
-0.4321474998488635
-0.43290317864643296
-0.4336611654801283
-0.43442150951879793
-0.4351842722712779
-0.43594952742538834
-0.43671736034959735
-0.4374878672561283
-0.4382611540312782
-0.4390373347482895
-0.4398165298885839
-0.4405988643050137
-0.44138446496995276
-0.44217345855741297
-0.4429659689152065
-0.44376211448776326
-0.4445620057528347
-0.44536574273816837
-0.44617341268227506
-0.4469850879042029
-0.4478008239401891
-0.44862065800291295
-0.449444607810589
-0.4502726708259176
-0.4511048239339292
-0.4519410235804581
-0.45278120637788183
-0.4536252901778429
-0.45447317559500877
-0.4553247479580376
-0.4561798796498726
-0.45703843279307854
-0.45790026222172364
-0.45876521867995534
-0.4596331521746629
-0.46050391540957997
-0.4613773672232874
-0.46225337595197796
-0.46313182264166164
-0.4640126040327588
-0.46489563524932753
-0.46578085212808906
-0.4666682131324501
-0.46755770080499975
-0.4684493227227425
-0.46934311193136125
-0.47023912684499336
-0.4711374506135096
-0.4720381899676498
-0.4729414735692044
-0.47384744989868266
-0.47475628473166115
-0.47566815825564357
-0.47658326189550254
-0.4775017949160081
-0.47842396087885436
-0.4793499640325097
-0.48028000571549634
-0.4812142808520377
-0.4821529746185817
-0.48309625935216005
-0.48404429176726904
-0.48499721054257555
-0.485955134323378
-0.48691816018468836
-0.4878863625796884
-0.48885979279448144
-0.48983847891329324
-0.4908224262894706
-0.4918116185034833
-0.49280601878158037
-0.49380557183450424
-0.4948102060705179
-0.49581983612606184
-0.4968343656526311
-0.4978536902927475
-0.4988777007747924
-0.49990628605541604
-0.5009393364371727
-0.5019767465919879
-0.5030184184250681
-0.5040642637154222
-0.5051142064815678
-0.5061681850207035
-0.5072261535860828
-0.5082880836706218
-0.509353964877793
-0.5104238053689021
-0.511497631888325
-0.512575489375731
-0.5136574401857464
-0.5147435629427055
-0.515833951066926
-0.5169287110166191
-0.5180279602930332
-0.5191318252629951
-0.5202404388545511
-0.5213539381844202
-0.5224724621746958
-0.5235961492153135
-0.5247251349278724
-0.5258595500793646
-0.5269995186931935
-0.528145156395287
-0.5292965690291791
-0.5304538515648494
-0.5316170873188438
-0.5327863474959806
-0.5339616910525788
-0.5351431648758914
-0.5363308042655688
-0.5375246336946236
-0.5387246678253993
-0.539930912744289
-0.5411433673803223
-0.5423620250653537
-0.5435868751934707
-0.5448179049343594
-0.5460551009558827
-0.5472984511132616
-0.5485479460620771
-0.5498035807561783
-0.5510653557981643
-0.5523332786084302
-0.553607364392129
-0.5548876368812611
-0.5561741288423881
-0.557466882340209
-0.5587659487583597
-0.5600713885831184
-0.5613832709592319
-0.5627016730379726
-0.5640266791363858
-0.565358379733831
-0.5666968703364988
-0.568042250238774
-0.569394621218328
-0.570754086195354
-0.5721207478931414
-0.5734947075318377
-0.5748760635878637
-0.5762649106471908
-0.5776613383797284
-0.5790654306568438
-0.5804772648310507
-0.5818969111910507
-0.5833244326024619
-0.5847598843388667
-0.5862033141025623
-0.5876547622314102
-0.5891142620819823
-0.590581840577224
-0.5920575189015393
-0.5935413133236423
-0.5950332361271304
-0.5965332966221758
-0.5980415022174622
-0.5995578595228876
-0.6010823754607125
-0.6026150583599654
-0.6041559190096095
-0.6057049716511971
-0.607262234889799
-0.6088277325083635
-0.6104014941710105
-0.6119835560052038
-0.6135739610561989
-0.615172759608865
-0.6167800093788417
-0.6183957755722803
-0.6200201308229171
-0.6216531550136016
-0.6232949349920384
-0.6249455641949642
-0.6266051421928348
-0.6282737741716978
-0.6299515703670222
-0.6316386454645817
-0.6333351179854639
-0.635041109667998
-0.6367567448617496
-0.6384821499442319
-0.6402174527725225
-0.6419627821767768
-0.6437182675032083
-0.6454840382099442
-0.6472602235198267
-0.6490469521279908
-0.6508443519646797
-0.6526525500084737
-0.6544716721458042
-0.6563018430689842
-0.6581431862085849
-0.6599958236875731
-0.6618598762935898
-0.6637354634590067
-0.6656227032401062
-0.6675217122905227
-0.6694326058206905
-0.671355497540035
-0.673290499576723
-0.6752377223742558
-0.6771972745638225
-0.6791692628147826
-0.6811537916647242
-0.6831509633358197
-0.68516087754244
-0.6871836312970896
-0.6892193187260095
-0.6912680309005368
-0.6933298556960299
-0.6954048776897079
-0.6974931781037899
-0.6995948348085856
-0.7017099223895844
-0.7038385122892242
-0.7059806730285476
-0.7081364705126962
-0.7103059684233226
-0.7124892286988938
-0.7146863120981501
-0.7168972788472032
-0.7191221893584732
-0.721361105017156
-0.7236140890193867
-0.7258812072539679
-0.7281625292091649
-0.7304581288897251
-0.7327680857262799
-0.7350924854589268
-0.7374314209766331
-0.7397849930931523
-0.7421533112421703
-0.7445364940741713
-0.7469346699381292
-0.7493479772366168
-0.7517765646389678
-0.7542205911451545
-0.7566802259933457
-0.7591556484060815
-0.7616470471758467
-0.7641546200909526
-0.7666785732090754
-0.7692191199857364
-0.771776480271574
-0.7743508791907942
-0.77694254592165
-0.7795517123953137
-0.7821786119391277
-0.7848234778830889
-0.7874865421579625
-0.79016803390927
-0.7928681781504158
-0.7955871944831977
-0.7983252959065605
-0.8010826877401624
-0.8038595666780488
-0.8066561199959553
-0.8094725249263299
-0.8123089482113645
-0.8151655458478128
-0.8180424630257953
-0.8209398342647619
-0.8238577837465362
-0.826796425836734
-0.8297558657900299
-0.8327362006218818
-0.83573752013465
-0.8387599080777689
-0.8418034434201347
-0.8448682017121815
-0.847954256512269
-0.8510616808491527
-0.8541905486957008
-0.8573409364245462
-0.8605129242191853
-0.8637065974140877
-0.866922047739999
-0.8701593744488724
-0.8734186853003191
-0.8767000973916751
-0.8800037378134304
-0.883329744123743
-0.8866782646295513
-0.8900494584706117
-0.8934434955105266
-0.8968605560310771
-0.9003008302416441
-0.9037645176128367
-0.9072518260478205
-0.910762970907939
-0.9142981739122042
-0.9178576619338173
-0.9214416657126246
-0.9250504185161716
-0.9286841547649025
-0.9323431086580714
-0.936027512817253
-0.9397375969785039
-0.943473586754606
-0.9472357024897137
-0.9510241582281227
-0.9548391608138763
-0.9586809091355316
-0.9625495935309053
-0.9664453953585586
-0.9703684867402164
-0.9743190304803091
-0.9782971801565936
-0.9823030803800671
-0.9863368672140281
-0.9903986687432637
-0.9944886057752081
-0.9986067926631459
-1.0027533382241471
-1.00692834673952
-1.0111319190084678
-1.0153641534380378
-1.01962514714225
-1.0239149970278862
-1.0282338008446692
-1.0325816581772154
-1.0369586713572916
-1.0413649462799046
-1.0458005931026204
-1.050265726814373
-1.0547604676658546
-1.0592849414444667
-1.0638392795952487
-1.0684236191786578
-1.0730381026689038
-1.0776828775931435
-1.0823580960192025
-1.087063913898188
-1.0918004902762612
-1.0965679863861895
-1.1013665646350348
-1.1061963875078404
-1.111057616402241
-1.115950410415885
-1.1208749251076575
-1.1258313112526204
-1.1308197136103495
-1.1358402697278842
-1.1408931087967968
-1.1459783505815349
-1.1510961044335843
-1.1562464684100504
-1.1614295285051464
-1.1666453580077103
-1.1718940169885408
-1.1771755519282585
-1.18248999548285
-1.1878373663901505
-1.1932176695131655
-1.1986308960165466
-1.2040770236679128
-1.2095560172533057
-1.2150678290989816
-1.2206123996838534
-1.2261896583266998
-1.231799523937011
-1.237441905808327
-1.2431167044404368
-1.2488238123726698
-1.2545631150095484
-1.2603344914256462
-1.2661378151290887
-1.2719729547768297
-1.2778397748174937
-1.2837381360590585
-1.2896678961478976
-1.2956289099479168
-1.301621029815801
-1.3076441057700232
-1.3136979855439406
-1.3197825145288524
-1.3258975356040807
-1.3320428888611184
-1.338218411220849
-1.344423935957571
-1.3506592921294105
-1.356924303933225
-1.3632187899860162
-1.3695425625496525
-1.3758954267071233
-1.3822771795066906
-1.388687609077769
-1.3951264937420254
-1.4015936011210204
-1.4080886872587055
-1.4146114957660325
-1.421161756999689
-1.4277391872799374
-1.4343434881609465
-1.4409743457554385
-1.4476314301216673
-1.4543143947137287
-1.46102287590249
-1.4677564925655808
-1.4745148457440806
-1.4812975183738368
-1.488104075076633
-1.4949340620204623
-1.5017870068386634
-1.5086624186004414
-1.5155597878375866
-1.5224785866102342
-1.529418268616247
-1.536378269328366
-1.5433580061618937
-1.5503568786615323
-1.5573742687034726
-1.564409540708458
-1.5714620418588379
-1.5785311023189876
-1.5856160354511406
-1.5927161380284993
-1.5998306904389632
-1.6069589568827922
-1.6141001855599564
-1.6212536088461518
-1.6284184434650368
-1.6355938906481629
-1.6427791362928468
-1.6499733511141526
-1.6571756907962514
-1.664385296146633
-1.6716012932522089
-1.6788227936460296
-1.6860488944794008
-1.6932786787117675
-1.7005112153106623
-1.7077455594742117
-1.7149807528671388
-1.7222158238808267
-1.7294497879134652
-1.7366816476715596
-1.7439103934930025
-1.7511350036903046
-1.75835444491602
-1.7655676725434675
-1.772773631067318
-1.779971254514086
-1.7871594668704853
-1.7943371825167422
-1.801503306667459
-1.808656735818903
-1.8157963581953767
-1.822921054196714
-1.8300296968428431
-1.8371211522120263
-1.8441942798779167
-1.8512479333355727
-1.8582809604241977
-1.86529220374259
-1.872280501061182
-1.8792446857293357
-1.8861835870833306
-1.8930960308577685
-1.8999808395983568
-1.9068368330935956
-1.913662828812086
-1.9204576423681616
-1.9272200880064396
-1.9339489791231657
-1.9406431288197383
-1.9473013505043129
-1.9539224585340373
-1.9605052689199256
-1.9670486000847265
-1.9735512736811907
-1.9800121154847206
-1.9864299563506027
-1.9928036332451926
-1.999131990348327
-2.005413880235052
-2.0116481651243414
-2.017833718205922
-2.0239694250324187
-2.03005418497945
-2.036086912765163
-2.0420665400280877
-2.047992016950212
-2.053862313926967
-2.0596764232640528
-2.0654333609076674
-2.071132168183207
-2.076771913544913
-2.082351694322879
-2.087870638453055
-2.0933279061912837
-2.0987226917882937
-2.1040542251320984
-2.1093217733352407
-2.1145246422677797
-2.1196621780289604
-2.124733768344684
-2.1297388438944354
-2.1346768795607094
-2.13954739559145
-2.144349958686717
-2.1490841829970933
-2.153749731043685
-2.158346314553841
-2.162873695220435
-2.1673316853892444
-2.1717201486726663
-2.176039000505576
-2.1802882086369424
-2.1844677935785954
-2.1885778290046556
-2.192618442116456
-2.1965898139792577
-2.200492179836876
-2.2043258294101893
-2.208091107189312
-2.2117884127209497
-2.2154182009010235
-2.2189809822693585
-2.222477323317106
-2.2259078468052444
-2.2292732320935182
-2.232574215482918
-2.235811590565207
-2.2389862085811534
-2.242098978779046
-2.2451508687714927
-2.2481429048770014
-2.2510761724462096
-2.2539518161587573
-2.256771040279832
-2.2595351088671816
-2.262245345920583
-2.2649031354515663
-2.2675099214734415
-2.270067207887145
-2.2725765582624855
-2.275039595491309
-2.277458001307525
-2.2798335156624643
-2.2821679359412674
-2.284463116015937
-2.286720965124654
-2.288943446565581
-2.2911325762103814
-2.2932904208185776
-2.2954190961660434
-2.2975207649704497
-2.299597634624452
-2.3016519547364744
-2.3036860144759634
-2.305702139739295
-2.307702690127462
-2.3096900557589812
-2.311666653913364
-2.313634925519101
-2.3155973315062743
-2.3175563490116398
-2.3195144674781316
-2.321474184632801
-2.323438002378091
-2.325408422596687
-2.327387942881319
-2.329379052218392
-2.331384226612124
-2.3334059246894365
-2.3354465832706515
-2.337508612936287
-2.339594393591157
-2.341706270034632
-2.343846547548903
-2.3460174875095423
-2.348221303029315
-2.3504601546343693
-2.352736145988457
-2.355051319653884
-2.3574076529124666
-2.3598070536306675
-2.3622513561864356
-2.364742317450065
-2.3672816128304017
-2.3698708323747675
-2.372511476945202
-2.3752049544524736
-2.3779525761617397
-2.380755553076961
-2.3836149923931926
-2.386531894039205
-2.389507147297919
-2.392541527525691
-2.3956356929704308
-2.398790181693133
-2.4020054086124407
-2.4052816626699456
-2.408619104137883
-2.4120177620739063
-2.4154775319402386
-2.418998173397589
-2.4225793082926512
-2.4262204188495184
-2.429920846086104
-2.4336797884629275
-2.4374963007944235
-2.441369293426416
-2.4452975316996737
-2.449279635721534
-2.453314080450968
-2.4573991961237773
-2.4615331690217896
-2.465714042603887
-2.4699397190134316
-2.4742079609717025
-2.478516394058306
-2.4828625094064543
-2.4872436667933155
-2.4916570981593673
-2.496099911531495
-2.500569095373123
-2.505061523350052
-2.509573959509551
-2.5141030638709996
-2.5186453984251456
-2.5231974335228173
-2.5277555546557555
-2.532316069614142
-2.5368752159972887
-2.541429169082943
-2.545974050016052
-2.550505934320155
-2.555020860697812
-2.5595148401041583
-2.5639838650755147
-2.568423919290217
-2.5728309873282416
-2.5772010646255867
-2.5815301675784883
-2.58581434378463
-2.590049682392494
-2.594232324531294
-2.5983584737946237
-2.602424406756199
-2.606426483480685
-2.6103611580111825
-2.6142249888042475
-2.618014649074107
-2.6217269370358633
-2.625358786001498
-2.628907274313916
-2.632369635080537
-2.635743265680585
-2.6390257370240375
-2.642214802514559
-2.6453084067128523
-2.648304693644784
-2.65120201474619
-2.653998936396415
-2.6566942470252863
-2.65928696375838
-2.6617763385660167
-2.6641618638935607
-2.6664432777438294
-2.6686205681760735
-2.6706939772009295
-2.672664004041734
-2.674531407728038
-2.6762972090127963
-2.677962691567349
-2.6795294024457417
-2.680999151797944
-2.682374011793219
-2.6836563147648302
-2.6848486505256064
-2.6859538628746527
-2.68697504526023
-2.687915535593615
-2.6887789102217314
-2.6895689770365707
-2.6902897677363957
-2.6909455292335527
-2.6915407142211425
-2.6920799709027747
-2.6925681319090806
-2.693010202408625
-2.693411347439017
-2.6937768784860934
-2.694112239335736
-2.694422991233891
-2.6947147973889676
-2.6949934068620225
-2.6952646378792453
-2.6955343606214193
-2.6958084795439086
-2.6960929152677973
-2.6963935861078436
-2.6967163893028117
-2.697067181995298
-2.6974517620346092
-2.6978758486705945
-2.69834506319897
-2.698864909636077
-2.6994407554930953
-2.700077812710071
-2.7007811188436266
-2.701555518564805
-2.702405645543929
-2.703335904803885
-2.704350455601197
-2.7054531949203877
-2.7066477416430064
-2.7079374214648166
-2.709325252626451
-2.7108139325290352
-2.712405825289037
-2.7141029503024
-2.715906971872187
-2.7178191899490063
-2.7198405320522974
-2.721971546400278
-2.724212396307435
-2.7265628558854402
-2.729022307081089
-2.731589738088131
-2.7342637431514127
-2.73704252380099
-2.739923891508465
-2.742905271807382
-2.7459837098568003
-2.7491558774687626
-2.752418081584543
-2.755766274193013
-2.759196063675165
-2.762702727553014
-2.7662812266145926
-2.7699262203807167
-2.7736320838802735
-2.777392925675449
-2.781202607104505
-2.7850547626634103
-2.788942821487451
-2.792860029838031
-2.7967994745510145
-2.8007541073394884
-2.804716769885388
-2.8086802196232274
-2.8126371561278205
-2.816580248002413
-2.820502160169451
-2.8243955814621824
-2.828253252396822
-2.8320679930335246
-2.835832730791785
-2.839540528122365
-2.843184609910383
-2.846758390490437
-2.8502555001673735
-2.8536698111100938
-2.856995462514319
-2.8602268849145163
-2.8633588235283716
-2.866386360529583
-2.8693049361402596
-2.8721103684316236
-2.87479887175093
-2.877367073655993
-2.8798120302964696
-2.88213124013231
-2.8843226559362276
-2.8863846949973677
-2.888316247464462
-2.8901166827871365
-2.891785854198139
-2.8933241012042608
-2.89473225005804
-2.8960116121988784
-2.8971639806415617
-2.8981916243273496
-2.8990972804374193
-2.8998841447011703
-2.900555859714931
-2.901116501325452
-2.901570563120654
-2.9019229390873726
-2.902178904506695
-2.902344095164811
-2.9024244849603824
-2.902426362008225
-2.9023563033390274
-2.9022211483044384
-2.9020279707998746
-2.901784050431312
-2.901496842755353
-2.901173948713602
-2.900823083410428
-2.900452044366777
-2.900068679392432
-2.899680854222433
-2.8992964200648994
-2.898923181201161
-2.8985688627895283
-2.898241079011496
-2.8979473017106296
-2.8976948296510723
-2.897490758553834
-2.8973419520176327
-2.897255013477391
-2.897236259302373
-2.8972916931692883
-2.8974269818066523
-2.8976474322227017
-2.8979579705099674
-2.898363122315483
-2.8988669950565225
-2.8994732619546433
-2.900185147951082
-2.90100541755321
-2.9019363646614735
-2.902979804408303
-2.9041370670389246
-2.9054089938436087
-2.9067959351529495
-2.90829775039312
-2.909913810190063
-2.911643000490599
-2.9134837286975808
-2.915433931744246
-2.9174910860967667
-2.9196522196040653
-2.921913925152412
-2.924272376042906
-2.9267233430249675
-2.9292622128997747
-2.9318840086089453
-2.934583410717961
-2.9373547801964013
-2.940192182387594
-2.9430894120794466
-2.946040019552637
-2.9490373375027947
-2.9520745087307043
-2.9551445144758985
-2.9582402032868123
-2.961354320308677
-2.9644795368793653
-2.9676084803114104
-2.970733763747931
-2.973848015984653
-2.9769439111381653
-2.9800141980567503
-2.9830517293647882
-2.9860494900301386
-2.9890006253610952
-2.9918984683266467
-2.9947365661006424
-2.9975087057439977
-3.000208938933093
-3.002831605639627
-3.005371356690121
-3.0078231751202154
-3.0101823962469028
-3.0124447263961964
-3.0146062602076884
-3.016663496464818
-3.01861335238235
-3.0204531763047693
-3.0221807587624445
-3.0237943418417412
-3.025292626823845
-3.0266747800720286
-3.0279404371105483
-3.029089704897875
-3.0301231622544105
-3.0310418584343775
-3.031847309835699
-3.0325414948401495
-3.0331268467856822
-3.0336062450758785
-3.0339830044478506
-3.0342608624079057
-3.0344439648689647
-3.034536850021395
-3.034544430470303
-3.0344719736998953
-3.0343250809038755
-3.0341096642557064
-3.0338319226761232
-3.033498316186201
-3.0331155389208018
-3.032690490896592
-3.0322302486343347
-3.031742034744761
-3.0312331865841076
-3.030711124107435
-3.0301833170425883
-3.0296572515254194
-3.0291403963287977
-3.028640168837405
-3.028163900920392
-3.027718804849802
-3.027311939440499
-3.02695017655891
-3.026640168174807
-3.0263883141242576
-3.0262007307559693
-3.0260832206138777
-3.026041243343955
-3.0260798879757047
-3.0262038467484786
-3.026417390632416
-3.026724346707533
-3.0271280775309415
-3.0276314626490928
-3.0282368823609196
-3.0289462038745425
-3.0297607699472477
-3.030681390113016
-3.0317083345783002
-3.032841330859444
-3.0340795631997923
-3.035421674832049
-3.0368657730815447
-3.0384094373309587
-3.0400497298316336
-3.0417832093338424
-3.043605947483056
-3.045513547927535
-3.0475011680480644
-3.0495635432137904
-3.051695013446786
-3.053889552360537
-3.056140798232036
-3.0584420870289
-3.06078648722884
-3.0631668362306432
-3.0655757781558415
-3.0680058028307817
-3.0704492857194428
-3.0728985285816184
-3.0753458006160512
-3.0777833798515504
-3.080203594528763
-3.082598864244705
-3.084961740598005
-3.0872849470989627
-3.089561418103604
-3.091784336540058
-3.093947170194418
-3.096043706344465
-3.0980680845299604
-3.1000148272723522
-3.101878868547287
-3.103655579861389
-3.1053407937661888
-3.1069308246877028
-3.108422486946838
-3.109813109878079
-3.111100549963734
-3.1122831999311664
-3.1133599947658595
-3.114330414630206
-3.115194484683394
-3.115952771823703
-3.116606378398813
-3.1171569329355435
-3.1176065779739015
-3.117957955099834
-3.1182141872859286
-3.1183788586666967
-3.118455991899936
-3.1184500232584726
-3.1183657756282908
-3.1182084295876065
-3.1179834927566934
-3.117696767615704
-3.1173543179847325
-3.1169624343875553
-3.11652759849532
-3.116056446869093
-3.1155557342212066
-3.1150322963895047
-3.1144930132562685
-3.113944771802385
-3.1133944295050284
-3.112848778278425
-3.1123145091394098
-3.1117981777846024
-3.1113061712518877
-3.1108446758276895
-3.1104196463569056
-3.1100367770911297
-3.10970147421777
-3.109418830182214
-3.1091935999066
-3.109030179021421
-3.1089325841679845
-3.1089044354645265
-3.108948941184258
-3.109068884700891
-3.109266613728264
-3.109544031889393
-3.109902592622031
-3.110343295419802
-3.110866684405709
-3.1114728492215535
-3.112161428190796
-3.112931613733918
-3.1137821599712914
-3.114711392469462
-3.1157172200601733
-3.116797148657303
-3.117948296995032
-3.1191674141933583
-3.12045089906564
-3.1217948210530153
-3.1231949426890546
-3.124646743480256
-3.1261454450728317
-3.127686037598915
-3.129263307058793
-3.130871863614986
-3.1325061706588166
-3.1341605745077934
-3.1358293345978203
-3.137506654011402
-3.1391867102095485
-3.1408636858064463
-3.1425317992411275
-3.144185335193634
-3.1458186745955525
-3.147426324084329
-3.149002944748888
-3.1505433800293177
-3.152042682605852
-3.153496140164947
-3.1548992998748777
-3.1562479914618082
-3.1575383487477673
-3.1587668295341302
-3.1599302337198103
-3.1610257195421014
-3.16205081785706
-3.163003444357521
-3.163881909669586
-3.1646849272436
-3.165411619009482
-3.1660615187302454
-3.1666345730462493
-3.1671311401781876
-3.1675519863038772
-3.1678982796030897
-3.1681715820103666
-3.168373838707224
-3.168507365413707
-3.1685748335409207
-3.1685792532953507
-3.1685239548145723
-3.16841256746603
-3.168248997403266
-3.1680374035314047
-3.167782172016589
-3.1674878894939016
-3.167159315138543
-3.166801351768254
-3.166419016158809
-3.166017408754943
-3.1656016829623246
-3.1651770142242346
-3.164748569060319
-3.1643214742780064
-3.1639007865428366
-3.163491462508201
-3.1630983296795803
-3.1627260582165464
-3.1623791338372595
-3.1620618320026845
-3.1617781935435048
-3.161532001881828
-3.161326761987081
-3.1611656812036584
-3.1610516520606544
-3.1609872371717707
-3.1609746563138943
-3.1610157757562978
-3.1611120999046154
-3.1612647652967145
-3.161474536981727
-3.1617418072873935
-3.1620665969784896
-3.1624485587694946
-3.162886983169576
-3.1633808065925813
-3.163928621668395
-3.1645286896696465
-3.1651789549556457
-3.165877061324361
-3.166620370142179
-3.1674059801209435
-3.1682307485989654
-3.1690913141622454
-3.169984120450272
-3.1709054409750843
-3.1718514047750204
-3.1728180227267013
-3.1738012143313505
-3.1747968347907265
-3.175800702188598
-3.176808624596873
-3.177816426917013
-3.1788199772892036
-3.1798152128935495
-3.1807981649707857
-3.181764982911171
-3.182711957256358
-3.183635541472997
-3.1845323723653918
-3.185399289008112
-3.1862333500870146
-3.187031849555098
-3.187792330513873
-3.1885125972569894
-3.1891907254102687
-3.1898250701320454
-3.190414272340953
-3.1909572629564487
-3.191453265150995
-3.1919017946260073
-3.19230265793922
-3.1926559489174307
-3.192962043213738
-3.193221591066312
-3.193435508338803
-3.193604965925942
-3.19373137761963
-3.1938163865460565
-3.19386185028145
-3.1938698247711423
-3.1938425471816347
-3.1937824178142598
-3.193691981221825
-3.193573906669993
-3.193430968086567
-3.1932660236425505
-3.1930819951145692
-3.192881847169833
-3.192668566722007
-3.192445142496563
-3.1922145449406565
-3.191979706620493
-3.191743503221413
-3.1915087352856646
-3.1912781107937245
-3.191054228703013
-3.1908395635412763
-3.1906364511472884
-3.1904470756393186
-3.190273457684344
-3.19011744413277
-3.1899806990662096
-3.189864696301857
-3.1897707133867517
-3.1896998270972916
-3.1896529104537543
-3.1896306312526628
-3.189633452097201
-3.1896616319084257
-3.1897152288814636
-3.1897941048422265
-3.1898979309562017
-3.190026194721294
-3.190178208180834
-3.190353117271785
-3.190549912227735
-3.190767438940666
-3.1910044111833584
-3.191259423588666
-3.1915309652780874
-3.191817434024381
-3.1921171508364283
-3.1924283748453237
-3.192749318377118
-3.1930781620885806
-3.1934130700539725
-3.1937522046784115
-3.194093741330475
-3.19443588257572
-3.1947768719105003
-3.1951150068876046
-3.195448651539335
-3.1957762480074936
-3.1960963272932372
-3.1964075190555246
-3.196708560384262
-3.196998303492334
-3.1972757222752293
-3.1975399176968438
-3.1977901219709404
-3.198025701516847
-3.19824615867897
-3.1984511322098745
-3.198640396525319
-3.1988138597545417
-3.198971560611463
-3.199113664130602
-3.1992404563153016
-3.199352337756257
-3.199449816287182
-3.199533498755338
-3.199604081984784
-3.199662343024429
-3.1997091287735393
-3.199745345087403
-3.1997719454653315
-3.199789919424771
-3.1998002806822288
-3.1998040552396487
-3.199802269495676
-3.1997959384916834
-3.199786054403124
-3.199773575379439
-3.199759414844339
-3.1997444313495222
-3.1997294190798806
-3.199715099099286
-3.1997021114172735
-3.199691007953047
-3.1996822464629164
-3.1996761854867075
-3.1996730803656166
