-3.540665482158756e-16
-1.2702292050749396e-05
-6.146377142850348e-05
-0.0001639146526436078
-0.0003292344950977131
-0.0005567743819071499
-0.0008362259087669814
-0.0011492939484133173
-0.0014725967435788537
-0.0017813298383693875
-0.0020531179119361418
-0.002271456884649345
-0.002428219561004401
-0.002524849081037365
-0.0025720710054885237
-0.002588184320368109
-0.002596208474901448
-0.0026203348214896586
-0.00268223113880086
-0.002797763205503084
-0.002974626758505167
-0.0032112387781927467
-0.003497041994571784
-0.0038141611266736242
-0.004140146470572453
-0.004451380359488302
-0.004726628049855854
-0.004950199702794794
-0.005114255215867482
-0.005219917641514596
-0.005277042674766486
-0.005302693369989745
-0.005318560591086918
-0.005347722554463086
-0.005411229258873521
-0.005525017012150001
-0.005697603055104497
-0.005928889837399512
-0.00621024159422299
-0.006525807723355789
-0.006854885902457701
-0.00717496925714581
-0.007465027232550649
-0.007708541937410208
-0.007895863500827159
-0.008025552162785592
-0.008104525299950354
-0.008147001903800643
-0.008172409724224042
-0.008202566642866964
-0.008258547369444723
-0.008357685875388904
-0.008511138544912325
-0.00872234759054455
-0.00898661202682128
-0.009291813974868616
-0.009620184306043831
-0.009950846793375661
-0.01026277407117124
-0.010537735981530018
-0.01076282775206554
-0.010932229877452548
-0.0110479635453806
-0.0111195485062918
-0.011162623992390356
-0.011196736131604221
-0.01124260770043166
-0.011319273040944485
-0.011441474121816548
-0.011617672221761022
-0.011848940250263078
-0.012128876428579552
-0.012444538564948173
-0.012778259090935105
-0.013110083270038021
-0.01342049214972565
-0.013693038179943447
-0.01391653864024228
-0.014086536831129837
-0.014205843770236235
-0.014284099358894187
-0.014336424272956925
-0.014381354356292148
-0.014438342175436499
-0.014525163770317678
-0.014655576159037969
-0.014837532701703186
-0.015072184975360827
-0.015353792501351615
-0.0156705402133782
-0.016006144223961367
-0.016342024875481986
-0.01665975522089076
-0.016943461634068395
-0.017181864533652735
-0.01736969890275816
-0.01750833888096804
-0.017605556564684717
-0.017674458150769123
-0.017731745954301454
-0.017795539191545084
-0.0178830393168007
-0.018008340982962303
-0.018180666169879785
-0.01840324049114209
-0.018672945332659896
-0.018980778713197057
-0.019313054702919087
-0.019653179000308028
-0.019983768288365303
-0.020288841632953067
-0.020555807759575405
-0.02077700236728807
-0.02095059016841569
-0.021080728861552017
-0.021176985977382722
-0.02125309256363018
-0.021325198445916193
-0.02140985256308952
-0.021521961836458766
-0.021672980124663965
-0.021869545979946725
-0.02211272888302285
-0.02239796622404777
-0.022715687409150594
-0.023052537792758388
-0.0233930438191374
-0.023721510198476767
-0.02402391580490814
-0.024289579581966307
-0.02451239985136008
-0.024691525529747325
-0.02483138869086301
-0.02494110577379576
-0.025033330036142377
-0.025122701638033124
-0.025224086683801217
-0.025350817746068264
-0.025513143909525086
-0.025717069358613516
-0.02596371003064338
-0.026249234213951034
-0.02656538303962799
-0.02690049897197591
-0.02724093255347112
-0.027572656321259135
-0.027882894390884327
-0.028161578542186788
-0.028402465881333393
-0.028603795909389756
-0.028768420667059355
-0.028903403750044535
-0.029019145071808885
-0.029128141290858996
-0.02924353094603412
-0.02937759445045626
-0.029540380261350606
-0.029738610183423487
-0.029974981505772075
-0.030247935992156964
-0.03055191139094341
-0.030878036440070724
-0.03121518149360212
-0.03155123922182969
-0.03187448724858618
-0.03217487917973882
-0.03244512234982739
-0.032681427934246304
-0.032883858341367526
-0.03305624328937767
-0.03320568431438251
-0.03334171224110586
-0.033475198538819806
-0.03361714573076253
-0.03377749183521171
-0.03396405856676087
-0.03418175376539861
-0.03443210779980844
-0.03471318522692438
-0.03501987121742052
-0.03534449182115988
-0.03567769238519192
-0.036009472921846634
-0.03633026540090193
-0.036631936904029355
-0.036908614009850654
-0.037157246023035356
-0.03737785496696327
-0.03757345511128989
-0.03774966032780455
-0.03791402995901386
-0.038075229815887804
-0.038242101878993705
-0.03842274279148438
-0.038623686997605704
-0.038849276237061615
-0.03910127490898302
-0.03937876319795586
-0.03967830990671255
-0.03999439788237618
-0.04032004975244793
-0.04064758287236602
-0.04096941163412287
-0.041278813392812676
-0.04157058107763204
-0.04184150001354477
-0.042090606788382126
-0.04231921182841087
-0.04253069210022463
-0.04273008346060155
-0.04292352133340091
-0.04311759181250743
-0.04331866184882576
-0.04353225650514765
-0.043762543739641634
-0.044011973869864204
-0.04428110338166805
-0.04456861303646678
-0.044871510387188306
-0.045185488846704217
-0.0455054010834555
-0.04582579502664457
-0.046141456870356645
-0.046447907299196005
-0.0467418042583264
-0.047021216995535645
-0.04728575046329595
-0.04753651490696593
-0.04777595094652377
-0.04800753415498856
-0.04823539377809282
-0.048463886924600255
-0.04869717182773726
-0.04893882163856244
-0.049191514106598395
-0.04945682324342807
-0.049735127737452346
-0.05002563871960126
-0.05032653771919536
-0.05063520543239403
-0.050948514173610175
-0.05126315221964638
-0.051575946970687056
-0.0518841558758998
-0.05218569901608418
-0.05247931444421797
-0.05276462601772705
-0.053042122577493835
-0.053313056015207146
-0.053579273189509675
-0.05384300215157748
-0.05410661629463026
-0.054372400682622155
-0.05464234303208427
-0.05491796794294002
-0.05520022751403065
-0.05548945507420448
-0.05578538210580559
-0.056087212209398093
-0.0563937407470385
-0.05670350506269751
-0.05701494818870761
-0.05732657879511487
-0.05763711172170046
-0.05794557648109132
-0.05825138523513489
-0.05855435644492918
-0.05885469516551561
-0.059152935312478824
-0.05944985275386813
-0.05974636047147907
-0.06004339811556146
-0.0603418280192076
-0.06064234824832253
-0.0609454307687758
-0.06125128962957069
-0.061559880556926086
-0.06187092991114411
-0.06218398792741648
-0.062498498835495166
-0.06281387903587828
-0.06312959410065794
-0.06344522595848841
-0.06376052310222835
-0.06407542883217296
-0.0643900851540708
-0.06470481270337712
-0.06502006967043282
-0.06533639489093726
-0.06565434183400327
-0.06597441102386722
-0.06629698841905281
-0.06662229647173448
-0.06695036311098097
-0.0672810119061053
-0.06761387439369838
-0.06794842322656278
-0.068284022668193
-0.06861999121514077
-0.0689556699513995
-0.06929048972171703
-0.06962403039298198
-0.06995606631602182
-0.07028659350931389
-0.0706158359062671
-0.07094423005765624
-0.07127238975204749
-0.0716010539160658
-0.07193102270070623
-0.07226308771549594
-0.07259796284843739
-0.07293622197561471
-0.07327824914901562
-0.07362420563190468
-0.07397401655679044
-0.07432737816581499
-0.07468378472924284
-0.075042572498735
-0.07540297658956255
-0.07576419562862603
-0.07612545843372122
-0.07648608694463521
-0.07684555009463157
-0.07720350423591034
-0.07755981701712124
-0.07791457313114042
-0.07826806196229688
-0.07862074872121069
-0.07897323202395613
-0.07932619193884967
-0.0796803332023092
-0.08003632855296143
-0.08039476694120601
-0.08075611077396275
-0.08112066542032738
-0.0814885630247646
-0.08185976136623602
-0.08223405718119911
-0.08261111215323334
-0.08299048876284162
-0.0833716924685552
-0.08375421630559676
-0.08413758396062998
-0.0845213876982586
-0.08490531813453044
-0.08528918370758873
-0.08567291870027804
-0.08605657973116954
-0.08644033165036469
-0.08682442466956841
-0.08720916524726727
-0.08759488368703433
-0.08798190156297753
-0.08837050195805622
-0.08876090511223746
-0.08915325147233362
-0.08954759337832031
-0.08994389578172253
-0.09034204555165498
-0.09074186815544744
-0.09114314986980686
-0.09154566323579114
-0.0919491932497628
-0.09235356179365535
-0.0927586480415919
-0.09316440301094618
-0.09357085700516146
-0.09397811937041446
-0.0943863706947922
-0.09479584825400951
-0.09520682609267898
-0.0956195915781772
-0.0960344205387343
-0.09645155318040381
-0.0968711728673089
-0.09729338956245832
-0.09771822929078446
-0.09814563044591058
-0.09857544716587088
-0.09900745940451666
-0.09944138877497463
-0.09987691878661678
-0.10031371777142489
-0.10075146262550826
-0.10118986148330347
-0.10162867359433082
-0.1020677249637001
-0.10250691871964776
-0.1029462396458983
-0.10338575281849047
-0.1038255967733232
-0.10426597205831006
-0.1047071263596544
-0.10514933760639049
-0.10559289653984752
-0.10603809017886624
-0.10648518743068054
-0.1069344278099221
-0.1073860138655322
-0.10784010751260158
-0.10829683006310346
-0.10875626538404969
-0.1092184653171572
-0.10968345630084209
-0.11015124605556953
-0.11062182924140535
-0.11109519115976231
-0.11157130884034927
-0.11205014919953907
-0.1125316643467329
-0.1130157845131499
-0.11350240944278954
-0.11399139938211589
-0.11448256700128279
-0.11497567165134144
-0.11547041729671947
-0.11596645525659771
-0.11646339255591924
-0.11696080624570647
-0.11745826353719134
-0.11795534704425259
-0.11845168388712247
-0.11894697692589108
-0.11944103600448046
-0.11993380683714464
-0.1204253950841541
-0.1209160832627211
-0.12140633842499936
-0.12189680899826623
-0.12238830980115747
-0.12288179498547805
-0.12337831946273488
-0.12387899020173691
-0.12438490957503939
-0.12489711362620376
-0.12541650867814386
-0.1259438100592832
-0.12647948685327498
-0.12702371646381522
-0.1275763524216317
-0.12813690825949786
-0.12870455947063128
-0.12927816459117353
-0.12985630535799675
-0.1304373447595459
-0.13101950068114934
-0.13160093182257787
-0.13217983169512434
-0.13275452584992892
-0.13332356709205576
-0.13388582333000018
-0.13444055290995233
-0.13498746278770676
-0.13552674567687473
-0.136059093338764
-0.13658568439889074
-0.1371081464168374
-0.13762849333005184
-0.1381490407580662
-0.13867230291645768
-0.13920087597274272
-0.13973731352315544
-0.14028400042004516
-0.14084303140896248
-0.14141610091793744
-0.14200440988628535
-0.14260859474380458
-0.14322868259426141
-0.14386407537328122
-0.1445135643039824
-0.14517537444720016
-0.14584723760723659
-0.146526490398249
-0.1472101929731371
-0.14789526283560062
-0.14857861735436
-0.1492573181174963
-0.14992871013011033
-0.15059054907731984
-0.1512411104325857
-0.15187927506434368
-0.15250458713053566
-0.15311728139629052
-0.1537182785961188
-0.15430914900723638
-0.15489204593644929
-0.15546961226277492
-0.15604486445934135
-0.15662105957171427
-0.1572015514124423
-0.15778964270159915
-0.15838844002610997
-0.15900071829939855
-0.1596288008957644
-0.16027446083480326
-0.16093884734823696
-0.16162244092688527
-0.16232503857990171
-0.16304576961472617
-0.16378314082912956
-0.16453510866690116
-0.16529917468716104
-0.16607249968924184
-0.1668520310643767
-0.1676346374415518
-0.16841724448038894
-0.16919696573452037
-0.16997122286451471
-0.1707378500853041
-0.17149517856469068
-0.1722420974941402
-0.17297808968456696
-0.17370324073942467
-0.17441822206745275
-0.1751242491632502
-0.1758230176506829
-0.1765166205072372
-0.17720745062771107
-0.17789809341478235
-0.17859121438554643
-0.17928944684862938
-0.17999528454288605
-0.18071098374917272
-0.1814384788184481
-0.18217931433115875
-0.18293459625920425
-0.18370496357708546
-0.18449058081739209
-0.18529115112351838
-0.18610594846704273
-0.1869338669035389
-0.18777348407278716
-0.18862313563208827
-0.18948099695994997
-0.19034516829626943
-0.1912137594876213
-0.19208497068130648
-0.19295716564139004
-0.1938289348225529
-0.19469914590864631
-0.1955669801708725
-0.1964319536936751
-0.197293923221506
-0.19815307706432153
-0.1990099121372873
-0.1998651987667771
-0.20071993536121455
-0.20157529539115343
-0.20243256935082
-0.20329310446849122
-0.20415824490540657
-0.20502927503245097
-0.20590736811923407
-0.2067935424219785
-0.20768862623959336
-0.2085932330387613
-0.2095077472559822
-0.21043232088745217
-0.21136688049818936
-0.21231114384453512
-0.2132646449206098
-0.21422676592674905
-0.21519677442808324
-0.21617386382691117
-0.2171571952173035
-0.21814593872415086
-0.21913931254108696
-0.2201366180704247
-0.22113726981350218
-0.2221408189555538
-0.2231469699139516
-0.2241555894619516
-0.22516670838131939
-0.22618051592433566
-0.22719734766645622
-0.22821766758848616
-0.22924204543880886
-0.23027113057961351
-0.2313056236171502
-0.23234624714792998
-0.233393716930128
-0.234448714705715
-0.23551186377225228
-0.2365837082301498
-0.23766469663060294
-0.23875517052517725
-0.23985535818359166
-0.24096537351264893
-0.24208521998366148
-0.24321479917078012
-0.24435392332422548
-0.245502331256274
-0.24665970670979456
-0.24782569831204906
-0.24899994019010493
-0.250182072336804
-0.2513717598705032
-0.2525687104145625
-0.2537726889377749
-0.2549835295338817
-0.25620114376816966
-0.2574255253810651
-0.25865675129950605
-0.2598949790632209
-0.26114044091730854
-0.26239343495086687
-0.2636543137669086
-0.26492347125026466
-0.2662013280552277
-0.2674883164612312
-0.2687848652435097
-0.2700913851802561
-0.271408255765189
-0.27273581362553856
-0.27407434305512995
-0.27542406897449817
-0.2767851525193401
-0.2781576893507552
-0.2795417106678585
-0.280937186803231
-0.28234403318398316
-0.283762118363265
-0.28519127375815445
-0.2866313046836026
-0.2880820022390868
-0.28954315559341043
-0.2910145642188341
-0.2924960496466813
-0.29398746635472334
-0.2954887114456314
-0.2969997328357474
-0.2985205357411047
-0.3000511873166923
-0.3015918193802818
-0.3031426292199839
-0.3047038785533343
-0.30627589076419454
-0.307859046596546
-0.3094537785249635
-0.311060564053532
-0.31267991821262525
-0.3143123855343421
-0.31595853178064853
-0.31761893568988164
-0.31929418098214646
-0.32098484883748035
-0.3226915110250632
-0.32441472382339037
-0.3261550228307229
-0.3279129187245715
-0.32968889398849904
-0.3314834005891564
-0.3332968585533249
-0.33512965536830036
-0.33698214610797045
-0.33885465417092164
-0.3407474725123232
-0.3426608652469558
-0.34459506950715946
-0.346550297448873
-0.3485267383149939
-0.35052456048150604
-0.35254391343459845
-0.3545849296478367
-0.3566477263503765
-0.3587324071991741
-0.36083906388517334
-0.36296777772193034
-0.365118621274541
-0.367291660096291
-0.3694869546432139
-0.37170456243594796
-0.37394454053010745
-0.3762069483481671
-0.3784918509110866
-0.38079932248929244
-0.38312945067294185
-0.385482340840505
-0.3878581209826132
-0.3902569468139044
-0.3926790070881272
-0.3951245290104095
-0.39759378362667774
-0.4000870910579892
-0.4026048254380118
-0.40514741941253163
-0.4077153680576052
-0.4103092320823675
-0.41292964019302847
-0.4155772905114528
-0.41825295096091303
-0.420957458557089
-0.4236917175678359
-0.4264566965341814
-0.42925342417615064
-0.43208298423647357
-0.43494650934450213
-0.43784517401195555
-0.44078018689775916
-0.44375278250056766
-0.44676421245840436
-0.4498157366477605
-0.4529086142843301
-0.45604409523294837
-0.4592234117305687
-0.46244777072437687
-0.4657183470113825
-0.46903627735188214
-0.4724026557081123
-0.475818529734989
-0.4792848986216447
-0.4828027123527361
-0.48637287242672744
-0.4899962340339444
-0.49367360966760704
-0.4974057741051949
-0.5011934706698286
-0.5050374186518614
-0.5089383217460491
-0.5128968773382953
-0.5169137864579024
-0.5209897641984169
-0.5251255504018186
-0.529321920397225
-0.533579695584964
-0.5378997536662359
-0.5422830383236128
-0.5467305681774027
-0.551243444857632
-0.5558228600531245
-0.5604701014251551
-0.5651865572971962
-0.5699737200600007
-0.5748331882607518
-0.5797666673717781
-0.5847759692629171
-0.5898630104273533
-0.595029809037855
-0.6002784809275619
-0.605611234616323
-0.6110303655147138
-0.616538249453265
-0.6221373356949289
-0.6278301395931966
-0.6336192350629699
-0.6395072470278574
-0.645496844003269
-0.6515907309689754
-0.6577916426704775
-0.6641023374764707
-0.6705255919041583
-0.6770641959047303
-0.683720948983169
-0.6904986572057473
-0.6974001311273249
-0.7044281846497549
-0.7115856348024737
-0.7188753024167119
-0.7263000136428392
-0.7338626022494577
-0.741565912620467
-0.7494128033587351
-0.7574061513873207
-0.7655488564397017
-0.7738438458133697
-0.7822940792654353
-0.7909025539233365
-0.7996723090862342
-0.808606430794821
-0.8177080560529036
-0.8269803765909852
-0.8364266420735441
-0.8460501626546714
-0.8558543108075037
-0.8658425223575412
-0.8760182966671651
-0.8863851959269929
-0.8969468435309549
-0.9077069215141714
-0.9186691670527339
-0.9298373680348471
-0.9412153577203591
-0.9528070085173258
-0.9646162249147547
-0.9766469356135589
-0.9889030849032062
-1.0013886233465308
-1.0141074978155449
-1.0270636409501372
-1.0402609600880122
-1.053703325726252
-1.0673945595665837
-1.081338422196471
-1.0955386004491021
-1.109998694483677
-1.124722204618861
-1.1397125179480716
-1.1549728947547901
-1.1705064547419546
-1.1863161630833339
-1.2024048162923766
-1.218775027905062
-1.2354292139639773
-1.2523695782798987
-1.269598097454404
-1.2871165056348528
-1.3049262789693683
-1.3230286197348051
-1.3414244401028497
-1.3601143455166735
-1.3790986176424906
-1.3983771968747154
-1.4179496643679188
-1.4378152235796402
-1.4579726813063967
-1.478420428214599
-1.4991564188631197
-1.5201781512287398
-1.5414826457580932
-1.5630664239699537
-1.5849254866593672
-1.6070552917421796
-1.6294507318151896
-1.6521061115015991
-1.6750151246712532
-1.6981708316333717
-1.7215656364186682
-1.7451912642671132
-1.7690387394656757
-1.7930983636760873
-1.8173596949180126
-1.841811527373285
-1.866441872192038
-1.8912379394921386
-1.9161861217517504
-1.9412719788001074
-1.966480224623188
-1.9917947162108844
-2.017198444668555
-2.0426735288284283
-2.068201211601688
-2.0937618593073233
-2.119334964224406
-2.144899150607363
-2.170432184407886
-2.195910986945584
-2.2213116527576275
-2.246609471864566
-2.271778956673405
-2.2967938737282627
-2.321627280522102
-2.34625156755131
-2.3706385057968
-2.3947592997789666
-2.4185846463454834
-2.4420847992864183
-2.46522963988787
-2.4879887534774587
-2.5103315120064233
-2.5322271626644293
-2.553644922501195
-2.5745540789794186
-2.5949240963484317
-2.614724727687739
-2.6339261324133294
-2.6524989989993344
-2.670414672605911
-2.6876452872700014
-2.7041639022279433
-2.71994464191569
-2.734962839104119
-2.749195180581041
-2.7626198547356093
-2.77521670030897
-2.786967355560842
-2.7978554069876513
-2.807866536716817
-2.8169886676032068
-2.8252121050302588
-2.8325296743477595
-2.838936852837126
-2.8444318950572476
-2.8490159503797363
-2.852693171502903
-2.8554708127024773
-2.8573593165813485
-2.8583723880515963
-2.858527054323099
-2.857843709665719
-2.8563461437555575
-2.8540615524618804
-2.8510205299846367
-2.8472570413267717
-2.8428083741759664
-2.837715069366025
-2.8320208292138065
-2.8257724031450393
-2.819019450197775
-2.8118143781137896
-2.8042121589453144
-2.796270121256406
-2.7880477192392323
-2.779606279229013
-2.7710087243764088
-2.762319278413219
-2.753603149731993
-2.74492619719223
-2.7363545793471986
-2.727954388987507
-2.7197912751653255
-2.7119300550598666
-2.7044343182807893
-2.6973660264073462
-2.690785110735357
-2.6847490713843256
-2.679312581052838
-2.674527096826049
-2.6704404835331044
-2.6670966521911623
-2.664535217116161
-2.6627911752346343
-2.6618946110950796
-2.66187043096655
-2.6627381292784493
-2.6645115904599495
-2.6671989290335754
-2.6708023705223183
-2.6753181754314683
-2.6807366082325426
-2.6870419528567737
-2.694212575819072
-2.702221037624126
-2.7110342526394646
-2.720613697114388
-2.730915664541051
-2.7418915669894455
-2.753488280572972
-2.7656485326583296
-2.778311327927145
-2.791412409930258
-2.8048847542896893
-2.8186590893003785
-2.832664439278424
-2.8468286856719467
-2.86107914066529
-2.875343127760485
-2.889548563688524
-2.903624535858042
-2.917501869559669
-2.9311136791656773
-2.9443958976772953
-2.957287779178898
-2.96973236898993
-2.981676936659501
-2.993073367316229
-3.0038785073546324
-3.0140544609402777
-3.0235688343618192
-3.0323949258664427
-3.040511859217595
-3.0479046598849604
-3.0545642734092464
-3.0604875261755713
-3.0656770294572935
-3.0701410282583566
-3.0738931970666643
-3.0769523852636556
-3.0793423154104005
-3.0810912381812643
-3.0822315481185383
-3.082799364773477
-3.0828340840998227
-3.0823779052353135
-3.081475337949261
-3.0801726961794627
-3.078517583090135
-3.0765583730872543
-3.0743436961082375
-3.071921929381514
-3.069340701636902
-3.066646414500676
-3.063883785507829
-3.0610954168608577
-3.0583213936697535
-3.0555989150543987
-3.052961961078488
-3.0504409980857425
-3.0480627245745713
-3.0458498593642793
-3.0438209733630033
-3.041990365879976
-3.0403679860116224
-3.038959399262942
-3.037765799215871
-3.0367840637047068
-3.036006854632524
-3.0354227602597854
-3.035016478502855
-3.03476903950077
-3.034658065449768
