0.0039062499999999965
0.003907614687487219
0.003912856808417015
0.003923888191110861
0.003941738380339297
0.003966405779213921
0.0039968561813283334
0.004031169087599924
0.00406681737631382
0.0041010482007179825
0.004131313405871808
0.004155681639336092
0.004173159241703342
0.004183858539923748
0.004188980157229324
0.004190613452771447
0.004191395163874143
0.004194090542483649
0.004201168777287095
0.00421443690496023
0.004234779906074617
0.004262036021337546
0.004295019498948033
0.004331688124346095
0.004369437748098663
0.004405488908950281
0.00443731288269201
0.004463030978977859
0.004481718147961102
0.004493554447602765
0.004499795037037666
0.004502564658059247
0.00450451617631566
0.004508415613321817
0.004516723636562389
0.004531236782937126
0.0045528358828269425
0.004581370178304169
0.004615687489680399
0.004653804506865994
0.00469319588628253
0.004731165449571843
0.004765248532797211
0.004793584987702651
0.0048152020709563296
0.004830158487296767
0.004839524386052207
0.004845202094658532
0.004849621235467596
0.004855362524519891
0.004864772987486851
0.004879631541667554
0.004900910952630173
0.0049286643289109915
0.0049620452820490725
0.004999453029698774
0.005038778273318951
0.00507771341058774
0.005114082526716042
0.005146143970310035
0.005172822330265442
0.005193837499003505
0.005209714879309199
0.005221679792285584
0.005231457114991353
0.005241010753608035
0.0052522645643646865
0.005266846139422082
0.005285888219121492
0.00530991105782937
0.005338795087328462
0.005371839165978308
0.005407887949759328
0.005445504260744095
0.005483159500308637
0.005519416742977927
0.005553085951264545
0.005583337374673633
0.005609766412172295
0.005632409959633886
0.00565171950602365
0.0056684991662197225
0.005683817290859142
0.005698899109368751
0.005715006635589906
0.005733312361124037
0.005754775667830271
0.005780034441806958
0.0058093267624086615
0.005842456266264836
0.005878808788625406
0.005917418686379326
0.005957074508373956
0.005996449052835757
0.0060342394959904
0.006069306948619809
0.006100807408139396
0.006128304644743512
0.006151850497656056
0.006172013242836187
0.006189835403167208
0.006206712197013494
0.006224200092343677
0.006243785993983028
0.00626666272847085
0.006293558180724559
0.006324651809181191
0.006359588712806877
0.006397577681721234
0.0064375441465285045
0.006478304478412973
0.006518731954174308
0.006557892054633561
0.006595132275544245
0.006630118724496671
0.006662819471255299
0.0066934434023177775
0.006722351789688592
0.006749964964445758
0.0067766858441574065
0.006802855562413803
0.006828746897990965
0.006854592239284143
0.006880636220486263
0.0069071980979046295
0.0069347240465754585
0.006963805845398389
0.006995143833286208
0.007029442784470892
0.007067249924004526
0.0071087690445934305
0.007153703232747453
0.007201180904031811
0.0072498018025899495
0.007297807094256666
0.007343343641007212
0.0073847698206014585
0.007420944413666555
0.007451447793523817
0.007476698312512943
0.007497941014578521
0.007517100652708824
0.0075365097621874115
0.007558546690106155
0.007585243639342229
0.007617941131602448
0.007657062702241558
0.007702058743082718
0.007751528464937152
0.007803488613011766
0.007855730172834799
0.007906194538286246
0.007953304477762355
0.007996196349705297
0.008034815708137728
0.008069860205777787
0.008102582582601417
0.008134498250037673
0.008167066511711328
0.00820142076143509
0.008238205991830753
0.008277546979206176
0.008319131690981751
0.008362367083258267
0.008406556334998287
0.008451054705307433
0.008495376219726587
0.00853923759295715
0.008582537821048966
0.008625284528593083
0.00866749248192462
0.00870909146586533
0.008749882701762773
0.008789570579933176
0.008827872070566048
0.008864678534033357
0.008900224089057556
0.008935207514245059
0.008970820846280045
0.009008653650621546
0.009050464746052018
0.00909784321046972
0.009151816581684524
0.009212497142280101
0.00927886981740293
0.00934880257332085
0.009419303349055571
0.009486977494536716
0.009548585889693968
0.009601586136541673
0.00964455713362934
0.009677444396895645
0.009701599828245576
0.009719614657616902
0.009734961578572983
0.00975148390517557
0.00977280362398569
0.009801757962998649
0.009839991553611985
0.009887805456516395
0.009944294090508631
0.010007713498087547
0.010075958908225335
0.010147012719132657
0.01021925512238061
0.010291586710134769
0.010363369838329481
0.010434237768733326
0.010503844875161547
0.010571640229704644
0.010636740786223009
0.010697955617997038
0.010753969297449194
0.010803641393213263
0.010846339650762713
0.010882213008138502
0.010912329267712687
0.01093863851891562
0.01096376059417282
0.010990624039606491
0.011022008027796544
0.011060064349706269
0.011105922711125874
0.01115949271231609
0.01121954751513897
0.011284099083652554
0.011350974775722358
0.011418425024876343
0.011485572890323682
0.011552568765988524
0.011620412315341794
0.011690505720315292
0.011764071692632974
0.011841592822258168
0.011922413317307184
0.012004605885726986
0.012085156310123002
0.012160458561975642
0.012227045374021932
0.012282412843497965
0.012325752573100248
0.012358401445169745
0.012383866101972396
0.012407367952287394
0.012434963236726503
0.01247239563142355
0.01252391341411284
0.012591311646936323
0.012673429837795147
0.012766245004146817
0.01286356516834432
0.012958185450041983
0.01304326238044998
0.013113622943362456
0.013166756626622745
0.01320331963331295
0.013227078604743668
0.013244312088352398
0.013262763310859939
0.013290303171235624
0.013333523375552596
0.013396525232873926
0.013480168155162021
0.013581961766123205
0.013696629528793032
0.013817192067928382
0.013936289874781611
0.014047437148122111
0.014145966755185473
0.014229544566278908
0.014298245658305307
0.014354260599506438
0.014401331486267602
0.01444402123068672
0.014486918934336965
0.014533890791761345
0.014587491398039817
0.014648634635316531
0.014716575558852071
0.014789186463722443
0.014863448700481945
0.01493604959787584
0.015003976041417798
0.015065022180278982
0.015118162169172155
0.015163765889554395
0.015203648687533003
0.015240946789721772
0.015279808583961699
0.015324901940004135
0.015380767023002425
0.015451088619881637
0.015538006019070209
0.015641599955659904
0.01575967750961526
0.01588791658068878
0.01602035314871676
0.016150128996051838
0.016270385277823506
0.01637518395169662
0.016460344830159155
0.0165240874171314
0.0165673694497407
0.016593836705086712
0.016609354916154978
0.016621179430649977
0.01663690548768406
0.01666339617229214
0.016705881744910476
0.01676736710113978
0.01684840462957064
0.01694722211870552
0.017060151401549355
0.01718227055832903
0.017308138357149633
0.01743247473808141
0.017550653376375788
0.017658937827639238
0.017754492692389764
0.01783528712862298
0.017900032312582654
0.017948244095789233
0.017980430185594157
0.017998325153848187
0.01800507672755121
0.01800531638270368
0.018005080891442298
0.01801154835754584
0.018032518967525644
0.018075563899495745
0.0181468456180279
0.01824977943751377
0.018383875943769272
0.018544155986656288
0.018721400305558463
0.018903238400913677
0.019075835099748487
0.01922581780478158
0.019342120389018457
0.019417525043460292
0.019449766851711937
0.019442085989429023
0.01940309835469727
0.01934587368467504
0.01928621294632862
0.019240303471629635
0.019222140165683486
0.019241238643768314
0.019301150769150174
0.019399109672336958
0.019526846698350902
0.019672347565177946
0.019822137453877925
0.019963630206884863
0.020087120513807618
0.020187102994625197
0.020262742049027394
0.02031747236231558
0.020357860380099548
0.020391977189407266
0.02042760472721887
0.020470614646150766
0.020523825444108128
0.02058656035088805
0.02065499620973153
0.020723224484332548
0.020784776541027176
0.020834250642789376
0.02086866102148144
0.020888215776452515
0.02089638427722002
0.020899279494554536
0.020904509301944943
0.020919726665332494
0.020951143170260332
0.021002279730207643
0.02107320894355118
0.021160471221601987
0.021257706231394873
0.02135685909502819
0.02144966524730514
0.021529057630132385
0.021590197927132213
0.021630973770117617
0.021651957933660374
0.021655934656708748
0.021647141542009717
0.02163037175425452
0.021610067045094383
0.02158953165737897
0.02157040380536091
0.021552505366062225
0.021534127396125716
0.021512706706106825
0.021485746343924302
0.0214517743909838
0.021411139150143442
0.02136648883751694
0.02132284784852374
0.021287255890293053
0.021267979732709687
0.021273356252905353
0.021310394202673846
0.021383343717738923
0.02149250356592109
0.021633533980533085
0.021797457495453223
0.021971384803764097
0.022139853831933048
0.022286571704235775
0.022396320099108257
0.02245680546243411
0.022460270881202782
0.022404709195349627
0.022294521697515956
0.022140468372921825
0.021958780982644355
0.021769388188947515
0.021593350251212933
0.021449809197680594
0.02135297347234999
0.021309776502366932
0.02131878042900406
0.021370617679349422
0.02144986877806083
0.02153792939193014
0.021616249047222046
0.021669343360394316
0.021687117267621216
0.021666201888057724
0.0216101574356309
0.021528530738452154
0.021434900129920036
0.021344203561173634
0.021269807286749397
0.021220878067050756
0.021200605343590206
0.02120564686832033
0.021226877741239245
0.02125121046283829
0.021264034405267276
0.02125175521461863
0.021203982090549734
0.021115053714797195
0.020984752079378128
0.02081819218930223
0.020624983279056777
0.020417835780580842
0.020210843078254208
0.02001769995321838
0.019850125002778406
0.019716719706439772
0.01962241122765883
0.019568495054864004
0.019553149678283113
0.019572190391265776
0.01961980754498418
0.0196891057243418
0.019772390795859032
0.019861282649108025
0.019946809340784827
0.020019640330581765
0.020070555754982553
0.020091160529666464
0.02007477136912092
0.02001734978297895
0.019918325092589197
0.01978114169394899
0.0196133723758369
0.019426272219290556
0.01923371746173601
0.01905058577310176
0.018890775439376267
0.01876519392676527
0.018680117188687312
0.018636282343266003
0.018628919199668234
0.018648697865041187
0.01868335457157942
0.018719629947343875
0.01874513924704506
0.018749870077199988
0.01872712633116899
0.018673868782835844
0.018590517591325833
0.01848036321143128
0.018348768230492057
0.01820232937176104
0.018048115422249777
0.017893026674606113
0.01774326482996072
0.01760388201900434
0.01747839699189992
0.017368507534907797
0.017273961671136942
0.01719265271344883
0.01712096977164779
0.017054380508701828
0.016988170317173115
0.016918229402921595
0.016841770114961192
0.016757863403274908
0.016667696520754033
0.016574473376664654
0.01648291382732215
0.016398370720473118
0.016325675081201394
0.01626792025518031
0.01622546422879899
0.016195422317142324
0.01617182285082376
0.01614643443839874
0.01611010714654788
0.01605436135605294
0.01597293052014596
0.01586299966898922
0.01572594419077731
0.015567437563072871
0.015396861173532703
0.015226031959548799
0.015067381810495377
0.01493187006079686
0.014827041266661591
0.014755680261136888
0.014715406625757354
0.014699303959442677
0.014697392685840568
0.01469855274334692
0.01469245285417417
0.014671125879290176
0.014629972597598276
0.014568113713781623
0.014488114653890185
0.014395184329730344
0.014296011296203096
0.014197452559559915
0.014105319721805325
0.014023493438575766
0.013953526920476567
0.013894781387727564
0.013845004667482378
0.013801162240037647
0.013760289563140803
0.013720160965994559
0.013679645722431305
0.01363871736552203
0.013598171016845063
0.01355916647013525
0.013522741673838936
0.01348942982641686
0.013459069100947364
0.013430829950448584
0.013403418880669133
0.013375367880289835
0.013345299106552067
0.013312070195851762
0.013274751991988342
0.013232453813557706
0.013184072026978471
0.013128075546070787
0.01306244297692226
0.012984828314213721
0.012892966515168814
0.01278525698400195
0.012661402695371504
0.012522949467942402
0.012373569108511572
0.01221896134445815
0.012066310683171154
0.011923322845332622
0.011796972693563978
0.01169219941414001
0.01161084720298839
0.01155113086892481
0.0115077912429744
0.011472927418215246
0.011437320229670762
0.01139195851324812
0.01132947004173119
0.011245221392297573
0.01113794445877438
0.0110098384707343
0.010866170515511276
0.010714455054452027
0.010563339950087835
0.010421366379116651
0.01029579741152131
0.010191710545717988
0.010111507074126
0.010054902685325754
0.01001935026790612
0.010000747882970827
0.009994240107927849
0.009994941857616714
0.009998482018973276
0.010001344376434757
0.01000104262902162
0.009996187853743305
0.009986492208537286
0.009972717669025568
0.009956544761280542
0.00994032256371086
0.009926677389469056
0.00991800066679345
0.009915891854312613
0.00992067759372366
0.009931142062174074
0.009944574021308291
0.009957168354654633
0.009964734124035778
0.009963582979223147
0.009951420478327345
0.00992804610151792
0.009895684523710382
0.009858819060072712
0.009823479589887772
0.009796052973134451
0.00978182273242652
0.009783569536430534
0.009800614733128892
0.00982861469711228
0.009860217772787288
0.009886451879602045
0.009898520626306856
0.009889611017576903
0.009856349763143969
0.009799638280574568
0.00972470254663968
0.009640298091160364
0.009557128379648295
0.009485690032353495
0.00943394479071351
0.009405368958285736
0.009397933470292424
0.009404348610224461
0.009413527627946769
0.009412864972676238
0.009390753590132849
0.00933881147389354
0.009253456974111675
0.009136649601729425
0.008995736383995461
0.008842416495490888
0.008690903474137339
0.008555478800838222
0.008447815007021279
0.00837464247384529
0.008336395293833863
0.00832726131341217
0.008336612714990633
0.008351341534792826
0.008358418894520058
0.008347091195350058
0.008310381007563228
0.008245803139326198
0.008155353112403058
0.008044882126081001
0.007922985789541929
0.00779954890004151
0.007684129624860772
0.0075844263964268055
0.007505109658991421
0.0074472649558610955
0.007408559322894376
0.007384049109827808
0.007367382258121091
0.007352084966450176
0.007332668974594124
0.007305401455929605
0.007268685266016362
0.007223070468101273
0.007170956576838961
0.007116061863314078
0.0070627445963750745
0.007015268104485071
0.006977107184642829
0.006950393191767801
0.006935582651168781
0.006931404466448292
0.006935094459693274
0.006942872113715534
0.006950568224285535
0.0069542881636985646
0.006950999723077347
0.006938961988720726
0.006917949683267558
0.006889262507502569
0.006855533646029568
0.006820366473363939
0.0067878403726750955
0.006761942147109789
0.006745998820692524
0.0067422017602496755
0.006751307982299252
0.006772575089766753
0.006803937614983978
0.00684238173522713
0.006884439746001137
0.006926712919946577
0.00696633788269347
0.007001329021109196
0.007030751452250967
0.007054703916091569
0.0070741191609479115
0.007090420478450764
0.007105103245022352
0.007119332393857489
0.007133651939324568
0.007147884596980151
0.007161258271210436
0.0071727401410533655
0.007181502631883656
0.007187403559551673
0.007191345750942901
0.0071953946700923305
0.007202577282395052
0.0072163590249892055
0.007239888035412268
0.0072751834368245645
0.007322492758077312
0.007380021496930689
0.007444141168103936
0.0075100441841488615
0.007572688846686787
0.007627808080972655
0.007672751730982701
0.007706978816147887
0.007732092088067571
0.0077513992734976975
0.007769086429607293
0.007789186956353498
0.007814599940721678
0.007846420310433725
0.007883769556893204
0.007924173140054268
0.00796436962101504
0.008001317854884943
0.00803312855926349
0.008059683758259748
0.00808279642497319
0.008105875019318583
0.008133172703554565
0.00816880084497636
0.008215748689830701
0.008275151883509711
0.008345981627392895
0.008425203049141114
0.00850832239581503
0.008590157151957843
0.008665645022098175
0.008730546906176197
0.008781965152403074
0.008818660368855816
0.008841187835640191
0.00885188160999072
0.008854696524776842
0.008854891228451076
0.008858520838250809
0.008871725337110458
0.008899856545396902
0.00894656763876342
0.009013058273564242
0.009097682267104164
0.009196060356600061
0.009301714820821122
0.009407106216111209
0.00950485793304781
0.009588926985626387
0.00965551175831855
0.009703554924661049
0.009734779723968037
0.009753277101639517
0.0097647335841652
0.00977544913123606
0.009791330460238855
0.009817045719747501
0.00985548309929721
0.009907575544753716
0.009972460235819642
0.01004786779137771
0.01013060751442532
0.01021703572321695
0.010303446982332319
0.010386384422061077
0.010462900178699655
0.01053079889771144
0.010588871299128857
0.010637087788729422
0.010676693524187528
0.010710140325100492
0.010740812255682339
0.010772546647666909
0.010809009736329655
0.010853039465929727
0.010906098224197793
0.0109679696714727
0.011036782883220103
0.011109367287590998
0.01118185991436777
0.011250429496470808
0.011311965309964964
0.011364600966568661
0.01140799098413719
0.011443313422909244
0.01147302133279665
0.011500402005673017
0.011529024510445683
0.011562163828568306
0.011602285594978343
0.011650660650092945
0.011707156274398266
0.011770225659931017
0.01183709349417375
0.011904115991371195
0.011967277822481697
0.012022773860408587
0.012067608591798036
0.012100131127094009
0.01212041341544571
0.01213038138236207
0.012133631943819764
0.012134918307118712
0.012139358253871416
0.012151500074000895
0.012174442474597086
0.01220921887354457
0.012254604962031304
0.01230739912327388
0.012363094791609538
0.01241676167589907
0.012463915740250298
0.012501192391208154
0.012526720876258354
0.012540193925464432
0.012542701401618846
0.012536429876824035
0.012524318963758566
0.01250972395768242
0.012496087884254886
0.012486600005291828
0.012483826749570897
0.012489340739640786
0.012503421890754837
0.012524931016471248
0.012551437797857246
0.012579619626793027
0.012605859548601819
0.012626899118923172
0.01264037915146979
0.012645139456878443
0.012641232284872551
0.012629699237479582
0.012612230023604511
0.012590836717825448
0.012567634529849258
0.012544740757975879
0.012524227208801713
0.012508027742153472
0.012497731218282735
0.012494268551183513
0.012497590820013843
0.012506484840656027
0.012518651243519302
0.012531081507941619
0.012540654227861603
0.012544782193114503
0.01254192134972828
0.012531806766468352
0.01251538185323006
0.012494489903192275
0.012471459277900426
0.012448713331508453
0.012428481132253857
0.012412609312975066
0.012402422733655596
0.012398581298612439
0.012400929322300577
0.01240839814658305
0.01241905692201529
0.01243038133197726
0.012439730643102049
0.012444927208344697
0.012444768398481807
0.01243930318669856
0.0124297773807964
0.012418264676333083
0.012407108992070216
0.012398361774793119
0.012393381730762553
0.012392683224348215
0.012396014521040468
0.0124025700997821
0.012411225819507586
0.012420728170103102
0.012429833622916992
0.012437437715612456
0.012442730597820147
0.012445372071348524
0.01244562602956588
0.01244436954488588
0.012442918375110633
0.012442682370414019
0.012444747791702675
0.012449534190086877
0.012456659293935793
0.012465067046700893
0.01247336767943426
0.012480256959455708
0.01248486321306931
0.012486918991379468
0.012486738682314922
0.012485058980108297
0.012482831605226476
0.012481039745315756
0.012480561926425417
0.01248206409452661
0.012485890511330493
0.012491951126336366
0.012499645776992014
0.01250788992849044
0.01251528860773377
0.012520447206984822
0.012522338957126927
0.012520607588912153
0.012515695079278303
0.012508745729770914
0.012501320607272532
0.012495021856179947
0.01249114587930369
0.012490453692718938
0.012493087361538861
0.012498607265126091
0.01250610211208287
0.012514335434735515
0.0125219194768726
0.012527523054871186
0.01253010870910173
0.012529162612286841
0.012524851543171076
0.012518039230299214
0.01251012910409036
0.012502759894882871
0.012497436804675034
0.012495205875438224
0.012496460024429792
0.012500912629046625
0.012507716158573209
0.012515667019055958
0.012523435176849167
0.012529778801972423
0.012533728652888102
0.012534736559712795
0.01253277464500092
0.012528359299348861
0.012522473502920978
0.012516381871919504
0.012511368882210612
0.012508464143675764
0.012508230164437058
0.012510669317822062
0.01251526577411294
0.012521134921531049
0.012527226895430175
0.012532530130415755
0.012536238477477197
0.012537866487066633
0.01253730983296668
0.0125348494193091
0.012531095654837853
0.012526873093041449
0.012523058853853667
0.01252040584034308
0.012519393146901528
0.012520142483455643
0.012522420220361496
0.012525718001277329
0.01252938288464902
0.012532759355181179
0.012535311016866198
0.012536703052073396
0.012536839463086808
0.012535856988528448
0.012534080983905349
0.012531951110402244
0.012529929055620677
0.012528405851994254
0.012527628980260577
0.012527665967700283
0.012528411471396269
0.01252963245752983
0.012531036163026676
0.012532341608230925
0.012533337772248403
0.012533917708448923
0.012534084832680861
0.012533933532187734
0.012533610797318469
0.012533268966128767
0.012533021544601588
0.012532913466812842
