0.0039062499999999965
0.003907614687487219
0.003912856808417015
0.003923888191110861
0.003941738380339297
0.003966405779213921
0.0039968561813283334
0.004031169087599924
0.00406681737631382
0.0041010482007179825
0.004131313405871808
0.004155681639336092
0.004173159241703342
0.004183858539923748
0.004188980157229325
0.004190613452771447
0.004191395163874144
0.004194090542483649
0.004201168777287096
0.004214436904960229
0.004234779906074616
0.004262036021337545
0.004295019498948036
0.004331688124346097
0.004369437748098658
0.004405488908950277
0.0044373128826920155
0.004463030978977861
0.004481718147961102
0.004493554447602765
0.004499795037037664
0.004502564658059245
0.0045045161763156635
0.004508415613321824
0.0045167236365623855
0.004531236782937123
0.0045528358828269486
0.004581370178304169
0.004615687489680389
0.004653804506865989
0.004693195886282535
0.004731165449571848
0.004765248532797213
0.004793584987702646
0.004815202070956329
0.004830158487296775
0.004839524386052207
0.004845202094658522
0.004849621235467598
0.004855362524519889
0.0048647729874868526
0.004879631541667566
0.004900910952630172
0.004928664328910981
0.004962045282049077
0.004999453029698777
0.005038778273318947
0.0050777134105877385
0.00511408252671604
0.0051461439703100334
0.005172822330265452
0.005193837499003509
0.005209714879309184
0.005221679792285575
0.005231457114991362
0.005241010753608047
0.005252264564364698
0.005266846139422079
0.005285888219121482
0.00530991105782937
0.005338795087328461
0.005371839165978294
0.005407887949759329
0.005445504260744105
0.005483159500308636
0.005519416742977928
0.0055530859512645525
0.005583337374673625
0.005609766412172279
0.0056324099596338885
0.005651719506023673
0.005668499166219733
0.005683817290859133
0.005698899109368736
0.005715006635589898
0.00573331236112404
0.0057547756678302765
0.005780034441806965
0.005809326762408663
0.005842456266264829
0.005878808788625404
0.005917418686379329
0.005957074508373959
0.00599644905283575
0.0060342394959903975
0.006069306948619823
0.006100807408139404
0.006128304644743498
0.006151850497656046
0.006172013242836191
0.006189835403167207
0.0062067121970134885
0.006224200092343681
0.0062437859939830365
0.006266662728470845
0.006293558180724551
0.006324651809181204
0.006359588712806903
0.006397577681721236
0.006437544146528488
0.006478304478412952
0.006518731954174311
0.006557892054633578
0.006595132275544246
0.006630118724496664
0.006662819471255302
0.006693443402317783
0.006722351789688584
0.006749964964445755
0.006776685844157419
0.006802855562413815
0.006828746897990966
0.006854592239284141
0.0068806362204862585
0.006907198097904626
0.006934724046575456
0.0069638058453983746
0.006995143833286195
0.007029442784470909
0.007067249924004548
0.007108769044593432
0.00715370323274744
0.007201180904031811
0.007249801802589946
0.007297807094256656
0.007343343641007212
0.0073847698206014716
0.007420944413666563
0.007451447793523814
0.007476698312512934
0.007497941014578509
0.007517100652708814
0.007536509762187414
0.007558546690106167
0.007585243639342232
0.0076179411316024456
0.007657062702241564
0.007702058743082719
0.0077515284649371545
0.007803488613011778
0.0078557301728348
0.00790619453828623
0.00795330447776234
0.007996196349705291
0.00803481570813773
0.008069860205777787
0.008102582582601423
0.00813449825003768
0.00816706651171132
0.008201420761435077
0.008238205991830767
0.008277546979206199
0.008319131690981757
0.008362367083258252
0.008406556334998276
0.008451054705307425
0.008495376219726588
0.008539237592957162
0.00858253782104897
0.008625284528593064
0.008667492481924615
0.008709091465865338
0.008749882701762782
0.008789570579933185
0.008827872070566048
0.008864678534033358
0.00890022408905755
0.00893520751424505
0.008970820846280056
0.009008653650621567
0.009050464746052018
0.0090978432104697
0.009151816581684498
0.009212497142280078
0.009278869817402929
0.00934880257332088
0.00941930334905559
0.009486977494536707
0.009548585889693966
0.009601586136541697
0.009644557133629366
0.009677444396895643
0.009701599828245555
0.009719614657616896
0.009734961578572983
0.00975148390517556
0.00977280362398568
0.009801757962998661
0.009839991553612006
0.009887805456516411
0.009944294090508616
0.010007713498087512
0.010075958908225316
0.010147012719132681
0.010219255122380644
0.010291586710134781
0.010363369838329473
0.010434237768733324
0.010503844875161567
0.010571640229704662
0.010636740786223007
0.01069795561799703
0.010753969297449192
0.010803641393213255
0.010846339650762685
0.010882213008138485
0.010912329267712694
0.010938638518915633
0.010963760594172825
0.010990624039606486
0.011022008027796532
0.011060064349706265
0.011105922711125876
0.0111594927123161
0.01121954751513898
0.011284099083652561
0.011350974775722363
0.01141842502487635
0.011485572890323693
0.011552568765988543
0.011620412315341807
0.01169050572031527
0.011764071692632926
0.011841592822258133
0.011922413317307173
0.012004605885726978
0.012085156310122991
0.012160458561975654
0.012227045374021965
0.012282412843498
0.012325752573100267
0.012358401445169738
0.012383866101972377
0.012407367952287382
0.012434963236726517
0.012472395631423572
0.012523913414112853
0.012591311646936332
0.012673429837795146
0.012766245004146807
0.012863565168344302
0.012958185450041963
0.013043262380449967
0.013113622943362456
0.013166756626622754
0.013203319633312963
0.013227078604743685
0.013244312088352398
0.013262763310859923
0.013290303171235621
0.013333523375552622
0.013396525232873975
0.013480168155162045
0.013581961766123182
0.013696629528792992
0.01381719206792835
0.013936289874781588
0.01404743714812211
0.014145966755185486
0.014229544566278927
0.01429824565830531
0.014354260599506416
0.014401331486267578
0.014444021230686714
0.014486918934336977
0.014533890791761369
0.01458749139803984
0.014648634635316547
0.01471657555885208
0.014789186463722431
0.014863448700481915
0.014936049597875823
0.015003976041417807
0.015065022180279013
0.015118162169172193
0.015163765889554403
0.015203648687532989
0.015240946789721738
0.015279808583961649
0.015324901940004085
0.015380767023002402
0.015451088619881662
0.01553800601907025
0.01564159995565994
0.01575967750961527
0.01588791658068879
0.016020353148716773
0.016150128996051845
0.0162703852778235
0.01637518395169662
0.01646034483015916
0.016524087417131406
0.016567369449740712
0.016593836705086722
0.01660935491615499
0.01662117943064998
0.016636905487684078
0.016663396172292146
0.016705881744910476
0.016767367101139786
0.01684840462957066
0.016947222118705516
0.01706015140154935
0.01718227055832901
0.01730813835714961
0.017432474738081377
0.01755065337637573
0.017658937827639186
0.017754492692389746
0.017835287128622996
0.0179000323125827
0.0179482440957893
0.017980430185594233
0.01799832515384826
0.01800507672755127
0.018005316382703706
0.01800508089144228
0.018011548357545794
0.018032518967525595
0.01807556389949571
0.018146845618027898
0.018249779437513772
0.018383875943769258
0.018544155986656267
0.018721400305558432
0.018903238400913656
0.0190758350997485
0.01922581780478161
0.01934212038901847
0.019417525043460292
0.019449766851711934
0.019442085989429037
0.01940309835469729
0.019345873684675042
0.01928621294632859
0.01924030347162961
0.019222140165683462
0.019241238643768314
0.01930115076915019
0.019399109672336986
0.019526846698350944
0.01967234756517798
0.01982213745387796
0.01996363020688489
0.020087120513807642
0.02018710299462521
0.020262742049027397
0.02031747236231557
0.020357860380099516
0.02039197718940722
0.020427604727218808
0.020470614646150704
0.02052382544410806
0.020586560350888006
0.020654996209731522
0.02072322448433257
0.020784776541027193
0.020834250642789407
0.020868661021481466
0.020888215776452546
0.020896384277220046
0.020899279494554543
0.020904509301944943
0.020919726665332497
0.020951143170260353
0.021002279730207667
0.02107320894355121
0.021160471221602004
0.021257706231394894
0.021356859095028193
0.021449665247305152
0.021529057630132385
0.021590197927132213
0.02163097377011762
0.021651957933660364
0.021655934656708748
0.02164714154200972
0.021630371754254505
0.02161006704509436
0.021589531657378928
0.02157040380536086
0.021552505366062173
0.021534127396125646
0.021512706706106756
0.021485746343924254
0.021451774390983776
0.021411139150143456
0.021366488837516972
0.021322847848523785
0.02128725589029309
0.021267979732709705
0.021273356252905374
0.021310394202673884
0.021383343717738947
0.02149250356592112
0.02163353398053312
0.021797457495453247
0.021971384803764104
0.02213985383193306
0.022286571704235772
0.02239632009910822
0.02245680546243406
0.02246027088120273
0.0224047091953496
0.022294521697515942
0.022140468372921836
0.02195878098264438
0.02176938818894754
0.021593350251212954
0.021449809197680605
0.021352973472349997
0.021309776502366904
0.021318780429004005
0.021370617679349366
0.021449868778060783
0.021537929391930118
0.021616249047222043
0.021669343360394316
0.02168711726762122
0.021666201888057738
0.02161015743563092
0.021528530738452175
0.021434900129920057
0.02134420356117366
0.021269807286749428
0.02122087806705079
0.021200605343590244
0.02120564686832037
0.021226877741239266
0.021251210462838274
0.021264034405267244
0.021251755214618587
0.02120398209054967
0.021115053714797122
0.020984752079378034
0.020818192189302136
0.020624983279056704
0.020417835780580817
0.02021084307825422
0.02001769995321844
0.019850125002778482
0.019716719706439834
0.01962241122765888
0.01956849505486403
0.019553149678283113
0.019572190391265766
0.01961980754498418
0.01968910572434183
0.019772390795859074
0.01986128264910809
0.019946809340784893
0.020019640330581814
0.020070555754982577
0.020091160529666474
0.020074771369120913
0.02001734978297893
0.019918325092589194
0.019781141693949
0.019613372375836914
0.019426272219290587
0.01923371746173604
0.01905058577310178
0.018890775439376267
0.018765193926765254
0.018680117188687253
0.018636282343265916
0.01862891919966814
0.018648697865041076
0.018683354571579314
0.018719629947343778
0.01874513924704499
0.018749870077199964
0.018727126331169016
0.018673868782835914
0.018590517591325913
0.018480363211431348
0.018348768230492123
0.018202329371761094
0.018048115422249808
0.01789302667460613
0.01774326482996075
0.017603882019004372
0.017478396991899965
0.01736850753490785
0.017273961671136998
0.017192652713448876
0.017120969771647825
0.017054380508701856
0.016988170317173135
0.0169182294029216
0.016841770114961175
0.016757863403274863
0.016667696520753957
0.016574473376664574
0.01648291382732206
0.016398370720473038
0.016325675081201335
0.016267920255180292
0.016225464228799016
0.016195422317142372
0.016171822850823813
0.016146434438398784
0.01611010714654791
0.016054361356052965
0.015972930520145978
0.015862999668989228
0.015725944190777295
0.015567437563072852
0.015396861173532693
0.015226031959548799
0.015067381810495403
0.014931870060796897
0.014827041266661624
0.014755680261136925
0.014715406625757392
0.014699303959442703
0.014697392685840586
0.014698552743346931
0.014692452854174176
0.014671125879290176
0.014629972597598278
0.01456811371378163
0.014488114653890195
0.014395184329730349
0.014296011296203101
0.014197452559559906
0.014105319721805287
0.01402349343857571
0.013953526920476488
0.013894781387727479
0.013845004667482308
0.013801162240037593
0.013760289563140767
0.013720160965994536
0.013679645722431298
0.013638717365522031
0.01359817101684507
0.013559166470135268
0.013522741673838951
0.013489429826416871
0.01345906910094737
0.013430829950448586
0.013403418880669133
0.013375367880289828
0.01334529910655206
0.013312070195851768
0.013274751991988363
0.013232453813557744
0.01318407202697853
0.013128075546070844
0.013062442976922314
0.01298482831421376
0.01289296651516884
0.012785256984001963
0.012661402695371506
0.012522949467942395
0.012373569108511555
0.012218961344458119
0.012066310683171115
0.011923322845332568
0.011796972693563917
0.011692199414139947
0.011610847202988321
0.011551130868924732
0.011507791242974321
0.011472927418215175
0.0114373202296707
0.011391958513248085
0.011329470041731177
0.011245221392297592
0.011137944458774427
0.01100983847073436
0.010866170515511342
0.010714455054452104
0.010563339950087913
0.010421366379116719
0.010295797411521371
0.010191710545718043
0.010111507074126044
0.010054902685325797
0.010019350267906154
0.010000747882970855
0.009994240107927882
0.009994941857616749
0.009998482018973307
0.010001344376434787
0.010001042629021649
0.009996187853743331
0.009986492208537309
0.00997271766902558
0.00995654476128056
0.009940322563710887
0.009926677389469082
0.009918000666793478
0.009915891854312645
0.009920677593723696
0.009931142062174112
0.009944574021308342
0.009957168354654674
0.009964734124035814
0.009963582979223172
0.009951420478327352
0.009928046101517898
0.009895684523710327
0.009858819060072641
0.009823479589887687
0.009796052973134364
0.009781822732426438
0.00978356953643046
0.009800614733128826
0.009828614697112225
0.00986021777278724
0.009886451879602014
0.00989852062630683
0.009889611017576887
0.009856349763143963
0.009799638280574566
0.00972470254663968
0.009640298091160373
0.009557128379648299
0.009485690032353482
0.009433944790713472
0.009405368958285679
0.009397933470292351
0.009404348610224371
0.009413527627946667
0.009412864972676138
0.009390753590132738
0.009338811473893427
0.009253456974111578
0.009136649601729337
0.00899573638399539
0.008842416495490836
0.008690903474137304
0.008555478800838205
0.008447815007021277
0.008374642473845293
0.008336395293833863
0.008327261313412162
0.008336612714990619
0.008351341534792812
0.008358418894520034
0.008347091195350024
0.008310381007563188
0.008245803139326153
0.008155353112403011
0.008044882126080946
0.007922985789541877
0.007799548900041463
0.0076841296248607366
0.007584426396426784
0.0075051096589914094
0.007447264955861096
0.007408559322894382
0.007384049109827822
0.0073673822581211135
0.007352084966450208
0.007332668974594169
0.007305401455929667
0.00726868526601644
0.0072230704681013605
0.0071709565768390575
0.007116061863314178
0.007062744596375171
0.007015268104485158
0.006977107184642907
0.006950393191767864
0.006935582651168828
0.006931404466448329
0.006935094459693304
0.006942872113715563
0.00695056822428557
0.006954288163698614
0.006950999723077413
0.006938961988720801
0.006917949683267639
0.00688926250750265
0.006855533646029649
0.006820366473364021
0.006787840372675179
0.006761942147109875
0.006745998820692615
0.006742201760249774
0.006751307982299361
0.006772575089766872
0.006803937614984099
0.0068423817352272496
0.006884439746001254
0.006926712919946684
0.006966337882693564
0.007001329021109277
0.00703075145225104
0.007054703916091626
0.007074119160947947
0.007090420478450787
0.007105103245022361
0.0071193323938574925
0.007133651939324571
0.007147884596980159
0.007161258271210454
0.007172740141053398
0.007181502631883708
0.007187403559551748
0.007191345750942992
0.007195394670092428
0.007202577282395151
0.007216359024989303
0.007239888035412358
0.0072751834368246435
0.007322492758077383
0.007380021496930746
0.007444141168103981
0.007510044184148896
0.0075726888466868215
0.007627808080972687
0.007672751730982732
0.007706978816147913
0.00773209208806759
0.00775139927349771
0.007769086429607299
0.0077891869563535
0.007814599940721676
0.007846420310433724
0.007883769556893197
0.007924173140054265
0.00796436962101504
0.008001317854884955
0.008033128559263521
0.00805968375825979
0.008082796424973244
0.00810587501931865
0.008133172703554637
0.008168800844976435
0.00821574868983077
0.008275151883509772
0.008345981627392942
0.008425203049141138
0.008508322395815041
0.008590157151957836
0.008665645022098158
0.008730546906176171
0.008781965152403053
0.0088186603688558
0.008841187835640186
0.008851881609990727
0.008854696524776863
0.00885489122845111
0.00885852083825085
0.008871725337110505
0.00889985654539696
0.008946567638763482
0.009013058273564302
0.00909768226710422
0.009196060356600106
0.009301714820821151
0.009407106216111223
0.009504857933047811
0.009588926985626375
0.009655511758318526
0.009703554924661024
0.009734779723968016
0.009753277101639491
0.00976473358416517
0.009775449131236033
0.009791330460238829
0.009817045719747473
0.009855483099297173
0.009907575544753681
0.009972460235819618
0.010047867791377686
0.0101306075144253
0.01021703572321694
0.01030344698233231
0.010386384422061069
0.010462900178699644
0.010530798897711429
0.010588871299128834
0.010637087788729396
0.010676693524187493
0.01071014032510045
0.010740812255682285
0.010772546647666852
0.010809009736329585
0.010853039465929649
0.010906098224197707
0.01096796967147262
0.01103678288322003
0.01110936728759093
0.01118185991436771
0.011250429496470761
0.011311965309964925
0.011364600966568623
0.011407990984137155
0.0114433134229092
0.011473021332796604
0.01150040200567297
0.011529024510445626
0.011562163828568244
0.011602285594978268
0.01165066065009286
0.011707156274398181
0.011770225659930926
0.011837093494173659
0.011904115991371101
0.011967277822481612
0.0120227738604085
0.012067608591797951
0.012100131127093931
0.012120413415445631
0.012130381382361994
0.01213363194381969
0.012134918307118646
0.012139358253871354
0.012151500074000832
0.012174442474597027
0.012209218873544517
0.012254604962031252
0.012307399123273818
0.01236309479160947
0.012416761675899002
0.012463915740250223
0.01250119239120807
0.012526720876258262
0.012540193925464333
0.012542701401618738
0.012536429876823926
0.012524318963758458
0.012509723957682316
0.012496087884254792
0.012486600005291747
0.012483826749570825
0.012489340739640727
0.012503421890754783
0.0125249310164712
0.012551437797857197
0.012579619626792979
0.012605859548601765
0.01262689911892311
0.012640379151469719
0.012645139456878356
0.012641232284872454
0.012629699237479482
0.012612230023604405
0.012590836717825345
0.012567634529849164
0.01254474075797579
0.012524227208801633
0.012508027742153406
0.01249773121828268
0.01249426855118346
0.012497590820013789
0.012506484840655967
0.012518651243519238
0.012531081507941544
0.012540654227861518
0.01254478219311441
0.012541921349728178
0.012531806766468246
0.012515381853229956
0.012494489903192173
0.012471459277900323
0.012448713331508354
0.012428481132253769
0.01241260931297498
0.012402422733655515
0.01239858129861236
0.012400929322300492
0.012408398146582969
0.012419056922015198
0.012430381331977172
0.012439730643101962
0.012444927208344609
0.012444768398481708
0.012439303186698463
0.012429777380796297
0.012418264676332976
0.012407108992070105
0.012398361774793011
0.012393381730762452
0.012392683224348113
0.012396014521040371
0.012402570099782004
0.012411225819507496
0.012420728170103014
0.012429833622916907
0.012437437715612376
0.012442730597820067
0.012445372071348448
0.012445626029565802
0.0124443695448858
0.012442918375110551
0.012442682370413932
0.012444747791702588
0.012449534190086783
0.0124566592939357
0.012465067046700801
0.012473367679434166
0.012480256959455616
0.012484863213069219
0.012486918991379384
0.012486738682314834
0.012485058980108208
0.012482831605226391
0.01248103974531567
0.01248056192642533
0.012482064094526525
0.012485890511330406
0.012491951126336276
0.01249964577699192
0.012507889928490348
0.012515288607733672
0.012520447206984713
0.012522338957126821
0.01252060758891205
0.012515695079278206
0.01250874572977082
0.012501320607272437
0.012495021856179853
0.0124911458793036
0.012490453692718853
0.012493087361538776
0.012498607265126
0.012506102112082773
0.012514335434735416
0.012521919476872503
0.012527523054871084
0.012530108709101621
0.012529162612286733
0.012524851543170975
0.012518039230299111
0.012510129104090264
0.012502759894882781
0.012497436804674949
0.012495205875438143
0.012496460024429707
0.012500912629046542
0.012507716158573125
0.012515667019055874
0.012523435176849085
0.012529778801972336
0.012533728652888015
0.012534736559712704
0.012532774645000829
0.012528359299348776
0.012522473502920893
0.012516381871919426
0.01251136888221054
0.012508464143675693
0.012508230164436987
0.012510669317821986
0.012515265774112869
0.012521134921530975
0.012527226895430102
0.012532530130415677
0.01253623847747712
0.012537866487066557
0.012537309832966604
0.012534849419309024
0.012531095654837779
0.012526873093041376
0.0125230588538536
0.012520405840343017
0.012519393146901463
0.012520142483455579
0.012522420220361432
0.012525718001277263
0.012529382884648953
0.012532759355181111
0.012535311016866125
0.012536703052073326
0.012536839463086738
0.012535856988528375
0.012534080983905276
0.012531951110402173
0.012529929055620606
0.012528405851994185
0.012527628980260509
0.012527665967700214
0.0125284114713962
0.012529632457529765
0.01253103616302661
0.012532341608230855
0.012533337772248332
0.012533917708448852
0.01253408483268079
0.012533933532187664
0.012533610797318398
0.012533268966128698
0.012533021544601517
0.012532913466812772
