5.260581466964842e-14
-3.815601865356056
-6.681712748971382
-8.921803559235762
-10.715769113346745
-12.15893230796397
-13.291837334452444
-14.14425269599017
-14.758674741723171
-15.18734010695425
-15.480758652240228
-15.680409290627239
-15.817131574394336
-15.912577761254036
-15.981488609867213
-16.033758429962077
-16.076006392413213
-16.11267938418077
-16.146794241911028
-16.180425138090037
-16.21501781503893
-16.251588257360705
-16.290844871250314
-16.3332604156544
-16.379111533047283
-16.428498415159325
-16.481353818811794
-16.537448484907028
-16.596398393903158
-16.65767778582008
-16.720640243851843
-16.78454834937134
-16.848610604395237
-16.912022757010387
-16.97400965144045
-17.033863464974157
-17.090974722263276
-17.144853630005876
-17.19514074932143
-17.241607473017098
-17.284147919125555
-17.322764533568005
-17.357549896512083
-17.38866703738952
-17.416330123785347
-17.440786844335566
-17.462303270691642
-17.48115153062195
-17.497600285884072
-17.5119077859464
-17.52431714611363
-17.535053452086693
-17.5443222981949
-17.552309403017865
-17.5591809974963
-17.565084736575482
-17.570150938847725
-17.574494006024285
-17.578213913903255
-17.581397698736005
-17.584120887930148
-17.58644884315634
-17.58843799788367
-17.590136981380134
-17.591587628195782
-17.59282587664144
-17.593882562692567
-17.594784117353235
-17.595553176201328
-17.59620911006543
-17.596768485464246
-17.597245462988866
-17.597652141192018
-17.597998852836497
-17.598294419697503
-17.59854637139584
-17.598761133118508
-17.5989441864966
-17.599100207354127
-17.599233183571286
-17.599346515869854
-17.599443103951685
-17.599525420085627
-17.59959557194995
-17.599655356278298
-17.599706304646304
-17.599749722540793
-17.599786722688464
-17.599818253484074
-17.599845123236108
-17.599868020839992
-17.599887533408154
-17.599904161296816
-17.59991833092137
-17.599930405677245
-17.59994069524896
-17.59994946354794
-17.599956935475493
-17.599963302686536
-17.599968728506354
-17.599973352113924
-17.59997729211369
-17.59998064957487
-17.599983510626153
-17.599985948660915
-17.599988026223535
-17.599989796609346
-17.59999130523597
-17.599992590804806
-17.599993686295864
-17.599994619813423
-17.599995415305063
-17.59999609317884
-17.59999667082523
-17.599997163063858
-17.599997582521706
-17.599997939960538
-17.59999824454995
-17.599998504103972
-17.599998725281143
-17.599998913756146
-17.59999907436379
-17.599999211224713
-17.59999932785039
-17.599999427231754
-17.59999951191886
-17.599999584084934
-17.59999964558042
-17.599999697983296
-17.599999742638694
-17.599999780691036
-17.599999813117027
-17.599999840748946
-17.599999864295345
-17.599999884360013
-17.599999901458265
-17.599999916027738
-17.599999928443612
-17.599999939023512
-17.599999948039812
-17.599999955721863
-17.599999962269287
-17.599999967848078
-17.599999972601623
-17.599999976652867
-17.599999980104922
-17.599999983046306
-17.599999985553197
-17.599999987689042
-17.599999989509367
-17.59999999106059
-17.599999992382244
-17.599999993508945
-17.599999994468714
-17.59999999528655
-17.59999999598352
-17.599999996576937
-17.599999997083348
-17.599999997514455
-17.599999997882016
-17.599999998195297
-17.599999998462327
-17.59999999868946
-17.599999998883206
-17.599999999048404
-17.5999999991893
-17.599999999309023
-17.59999999941103
-17.59999999949836
-17.59999999957241
-17.599999999635635
-17.599999999689874
-17.599999999735033
-17.599999999774504
-17.59999999980773
-17.59999999983625
-17.599999999860664
-17.5999999998809
-17.59999999989873
-17.599999999913656
-17.599999999926393
-17.599999999936966
-17.599999999946714
-17.599999999954616
-17.599999999961344
-17.599999999966922
-17.59999999997216
-17.599999999976387
-17.599999999979648
-17.599999999982707
-17.599999999985076
-17.599999999987403
-17.599999999989173
-17.599999999990914
-17.59999999999236
-17.599999999993532
-17.599999999994292
-17.599999999995028
-17.599999999996154
-17.599999999996616
-17.59999999999693
-17.5999999999975
-17.599999999997667
-17.5999999999981
-17.599999999998257
-17.599999999998943
-17.599999999998825
-17.599999999999238
-17.599999999999252
-17.599999999999394
-17.599999999999536
-17.599999999999678
-17.599999999999426
-17.5999999999997
-17.599999999999568
-17.599999999999444
-17.599999999999707
-17.60000000000011
-17.59999999999958
-17.599999999999984
-17.599999999999856
-17.59999999999985
-17.600000000000247
-17.599999999999728
-17.599999999999728
-17.599999999999728
-17.60000000000012
-17.60000000000012
-17.60000000000012
-17.60000000000012
-17.599999999999593
-17.599999999999593
-17.599999999999998
-17.59999999999999
-17.59999999999999
-17.59999999999999
-17.59999999999999
-17.59999999999999
-17.59999999999999
-17.59999999999999
-17.59999999999999
-17.59999999999999
-17.59999999999999
-17.59999999999999
-17.59999999999999
-17.59999999999999
-17.59999999999999
-17.59999999999999
-17.59999999999999
-17.59999999999999
-17.59999999999999
-17.59999999999999
-17.59999999999999
-17.59999999999999
-17.59999999999999
-17.59999999999999
-17.59999999999999
-17.59999999999999
-17.59999999999999
-17.59999999999999
-17.59999999999999
-17.59999999999999
-17.59999999999999
-17.59999999999999
-17.59999999999999
-17.59999999999999
-17.59999999999999
-17.59999999999999
-17.59999999999999
-17.59999999999999
-17.59999999999999
-17.59999999999999
-17.59999999999999
-17.59999999999999
-17.59999999999999
-17.59999999999999
-17.59999999999999
-17.59999999999999
-17.59999999999999
-17.59999999999999
-17.59999999999999
-17.59999999999999
-17.59999999999999
-17.59999999999999
-17.59999999999999
-17.59999999999999
-17.59999999999999
-17.59999999999999
-17.59999999999999
-17.59999999999999
-17.59999999999999
-17.59999999999999
-17.59999999999999
-17.59999999999999
-17.59999999999999
-17.59999999999999
-17.59999999999999
-17.59999999999999
-17.59999999999999
-17.59999999999999
-17.59999999999999
-17.59999999999999
-17.59999999999999
-17.59999999999999
-17.59999999999999
-17.59999999999999
-17.59999999999999
-17.59999999999999
-17.59999999999999
-17.59999999999999
-17.59999999999999
-17.59999999999999
-17.59999999999999
-17.59999999999999
-17.59999999999999
-17.59999999999999
-17.59999999999999
-17.59999999999999
-17.59999999999999
-17.59999999999999
-17.59999999999999
-17.59999999999999
-17.59999999999999
-17.59999999999999
-17.59999999999999
-17.59999999999999
-17.59999999999999
-17.59999999999999
-17.59999999999999
-17.59999999999999
-17.59999999999999
-17.59999999999999
-17.59999999999999
-17.59999999999999
-17.59999999999999
-17.59999999999999
-17.59999999999999
-17.59999999999999
-17.59999999999999
-17.59999999999999
-17.59999999999999
-17.59999999999999
-17.59999999999999
-17.59999999999999
-17.59999999999999
-17.59999999999999
-17.59999999999999
-17.59999999999999
-17.59999999999999
-17.59999999999999
-17.59999999999999
-17.59999999999999
-17.59999999999999
-17.59999999999999
-17.59999999999999
-17.59999999999999
-17.59999999999999
-17.59999999999999
-17.59999999999999
-17.59999999999999
-17.59999999999999
-17.59999999999999
-17.59999999999999
-17.59999999999999
-17.59999999999999
-17.59999999999999
-17.59999999999999
-17.59999999999999
-17.59999999999999
-17.59999999999999
-17.59999999999999
-17.59999999999999
-17.59999999999999
-17.59999999999999
-17.59999999999999
-17.59999999999999
-17.59999999999999
-17.59999999999999
-17.59999999999999
-17.59999999999999
-17.59999999999999
-17.59999999999999
-17.59999999999999
-17.59999999999999
-17.59999999999999
-17.59999999999999
-17.59999999999999
-17.59999999999999
-17.59999999999999
-17.59999999999999
-17.59999999999999
-17.59999999999999
-17.59999999999999
-17.59999999999999
-17.59999999999999
-17.59999999999999
-17.59999999999999
-17.59999999999999
-17.59999999999999
-17.59999999999999
-17.59999999999999
-17.59999999999999
-17.59999999999999
-17.59999999999999
-17.59999999999999
-17.59999999999999
-17.59999999999999
-17.59999999999999
-17.59999999999999
-17.59999999999999
-17.59999999999999
-17.59999999999999
-17.59999999999999
-17.59999999999999
-17.59999999999999
-17.59999999999999
-17.59999999999999
-17.59999999999999
-17.59999999999999
-17.59999999999999
-17.59999999999999
-17.59999999999999
-17.59999999999999
-17.59999999999999
-17.59999999999999
-17.59999999999999
-17.59999999999999
-17.59999999999999
-17.59999999999999
-17.59999999999999
-17.59999999999999
-17.59999999999999
-17.59999999999999
-17.59999999999999
-17.59999999999999
-17.59999999999999
-17.59999999999999
-17.59999999999999
-17.59999999999999
-17.59999999999999
-17.59999999999999
-17.59999999999999
-17.59999999999999
-17.59999999999999
-17.59999999999999
-17.59999999999999
-17.59999999999999
-17.59999999999999
-17.59999999999999
-17.59999999999999
-17.59999999999999
-17.59999999999999
-17.59999999999999
-17.59999999999999
-17.59999999999999
-17.59999999999999
-17.59999999999999
-17.59999999999999
-17.59999999999999
-17.59999999999999
-17.59999999999999
-17.59999999999999
-17.59999999999999
-17.59999999999999
-17.59999999999999
-17.59999999999999
-17.59999999999999
-17.59999999999999
-17.59999999999999
-17.59999999999999
-17.59999999999999
-17.59999999999999
-17.59999999999999
-17.59999999999999
-17.59999999999999
-17.59999999999999
-17.59999999999999
-17.59999999999999
-17.59999999999999
-17.59999999999999
-17.59999999999999
-17.59999999999999
-17.59999999999999
-17.59999999999999
-17.59999999999999
-17.59999999999999
-17.59999999999999
-17.59999999999999
-17.59999999999999
-17.59999999999999
-17.59999999999999
-17.59999999999999
-17.59999999999999
-17.59999999999999
-17.59999999999999
-17.59999999999999
-17.59999999999999
-17.59999999999999
-17.59999999999999
-17.59999999999999
-17.59999999999999
-17.59999999999999
-17.59999999999999
-17.59999999999999
-17.59999999999999
-17.59999999999999
-17.59999999999999
-17.59999999999999
-17.59999999999999
-17.59999999999999
-17.59999999999999
-17.59999999999999
-17.59999999999999
-17.59999999999999
-17.59999999999999
-17.59999999999999
-17.59999999999999
-17.59999999999999
-17.59999999999999
-17.59999999999999
-17.59999999999999
-17.59999999999999
-17.59999999999999
-17.59999999999999
-17.59999999999999
-17.59999999999999
-17.59999999999999
-17.59999999999999
-17.59999999999999
-17.59999999999999
-17.59999999999999
-17.59999999999999
-17.59999999999999
-17.59999999999999
-17.59999999999999
-17.59999999999999
-17.59999999999999
-17.59999999999999
-17.59999999999999
-17.59999999999999
-17.59999999999999
-17.59999999999999
-17.59999999999999
-17.59999999999999
-17.59999999999999
-17.59999999999999
-17.59999999999999
-17.59999999999999
-17.59999999999999
-17.59999999999999
-17.59999999999999
-17.59999999999999
-17.59999999999999
-17.59999999999999
-17.59999999999999
-17.59999999999999
-17.59999999999999
-17.59999999999999
-17.59999999999999
-17.59999999999999
-17.59999999999999
-17.59999999999999
-17.59999999999999
-17.59999999999999
-17.59999999999999
-17.59999999999999
-17.59999999999999
-17.59999999999999
-17.59999999999999
-17.59999999999999
-17.59999999999999
-17.59999999999999
-17.59999999999999
-17.59999999999999
-17.59999999999999
-17.59999999999999
-17.59999999999999
-17.59999999999999
-17.59999999999999
-17.59999999999999
-17.59999999999999
-17.59999999999999
-17.59999999999999
-17.59999999999999
-17.59999999999999
-17.59999999999999
-17.59999999999999
-17.59999999999999
-17.59999999999999
-17.59999999999999
-17.59999999999999
-17.59999999999999
-17.59999999999999
-17.59999999999999
-17.59999999999999
-17.59999999999999
-17.59999999999999
-17.59999999999999
-17.59999999999999
-17.59999999999999
-17.59999999999999
-17.59999999999999
-17.59999999999999
-17.59999999999999
-17.59999999999999
-17.59999999999999
-17.59999999999999
-17.59999999999999
-17.59999999999999
-17.59999999999999
-17.59999999999999
-17.59999999999999
-17.59999999999999
-17.59999999999999
-17.59999999999999
-17.59999999999999
-17.59999999999999
-17.59999999999999
-17.59999999999999
-17.59999999999999
-17.59999999999999
-17.59999999999999
-17.59999999999999
-17.59999999999999
-17.59999999999999
-17.59999999999999
-17.59999999999999
-17.59999999999999
-17.59999999999999
-17.59999999999999
-17.59999999999999
-17.59999999999999
-17.59999999999999
-17.59999999999999
-17.59999999999999
-17.59999999999999
-17.59999999999999
-17.59999999999999
-17.59999999999999
-17.59999999999999
-17.59999999999999
-17.59999999999999
-17.59999999999999
-17.59999999999999
-17.59999999999999
-17.59999999999999
-17.59999999999999
-17.59999999999999
-17.59999999999999
-17.59999999999999
-17.59999999999999
-17.59999999999999
-17.59999999999999
-17.59999999999999
-17.59999999999999
-17.59999999999999
-17.59999999999999
-17.59999999999999
-17.59999999999999
-17.59999999999999
-17.59999999999999
-17.59999999999999
-17.59999999999999
-17.59999999999999
-17.59999999999999
-17.59999999999999
-17.59999999999999
-17.59999999999999
-17.59999999999999
-17.59999999999999
-17.59999999999999
-17.59999999999999
-17.59999999999999
-17.59999999999999
-17.59999999999999
-17.59999999999999
-17.59999999999999
-17.59999999999999
-17.59999999999999
-17.59999999999999
-17.59999999999999
-17.59999999999999
-17.59999999999999
-17.59999999999999
-17.59999999999999
-17.59999999999999
-17.59999999999999
-17.59999999999999
-17.59999999999999
-17.59999999999999
-17.59999999999999
-17.59999999999999
-17.59999999999999
-17.59999999999999
-17.59999999999999
-17.59999999999999
-17.59999999999999
-17.59999999999999
-17.59999999999999
-17.59999999999999
-17.59999999999999
-17.59999999999999
-17.59999999999999
-17.59999999999999
-17.59999999999999
-17.59999999999999
-17.59999999999999
-17.59999999999999
-17.59999999999999
-17.59999999999999
-17.59999999999999
-17.59999999999999
-17.59999999999999
-17.59999999999999
-17.59999999999999
-17.59999999999999
-17.59999999999999
-17.59999999999999
-17.59999999999999
-17.59999999999999
-17.59999999999999
-17.59999999999999
-17.59999999999999
-17.59999999999999
-17.59999999999999
-17.59999999999999
-17.59999999999999
-17.59999999999999
-17.59999999999999
-17.59999999999999
-17.59999999999999
-17.59999999999999
-17.59999999999999
-17.59999999999999
-17.59999999999999
-17.59999999999999
-17.59999999999999
-17.59999999999999
-17.59999999999999
-17.59999999999999
-17.59999999999999
-17.59999999999999
-17.59999999999999
-17.59999999999999
-17.59999999999999
-17.59999999999999
-17.59999999999999
-17.59999999999999
-17.59999999999999
-17.59999999999999
-17.59999999999999
-17.59999999999999
-17.59999999999999
-17.59999999999999
-17.59999999999999
-17.59999999999999
-17.59999999999999
-17.59999999999999
-17.59999999999999
-17.59999999999999
-17.59999999999999
-17.59999999999999
-17.59999999999999
-17.59999999999999
-17.59999999999999
-17.59999999999999
-17.59999999999999
-17.59999999999999
-17.59999999999999
-17.59999999999999
-17.59999999999999
-17.59999999999999
-17.59999999999999
-17.59999999999999
-17.59999999999999
-17.59999999999999
-17.59999999999999
-17.59999999999999
-17.59999999999999
-17.59999999999999
-17.59999999999999
-17.59999999999999
-17.59999999999999
-17.59999999999999
-17.59999999999999
-17.59999999999999
-17.59999999999999
-17.59999999999999
-17.59999999999999
-17.59999999999999
-17.59999999999999
-17.59999999999999
-17.59999999999999
-17.59999999999999
-17.59999999999999
-17.59999999999999
-17.59999999999999
-17.59999999999999
-17.59999999999999
-17.59999999999999
-17.59999999999999
-17.59999999999999
-17.59999999999999
-17.59999999999999
-17.59999999999999
-17.59999999999999
-17.59999999999999
-17.59999999999999
-17.59999999999999
-17.59999999999999
-17.59999999999999
-17.59999999999999
-17.59999999999999
-17.59999999999999
-17.59999999999999
-17.59999999999999
-17.59999999999999
-17.59999999999999
-17.59999999999999
-17.59999999999999
-17.59999999999999
-17.59999999999999
-17.59999999999999
-17.59999999999999
-17.59999999999999
-17.59999999999999
-17.59999999999999
-17.59999999999999
-17.59999999999999
-17.59999999999999
-17.59999999999999
-17.59999999999999
-17.59999999999999
-17.59999999999999
-17.59999999999999
-17.59999999999999
-17.59999999999999
-17.59999999999999
-17.59999999999999
-17.59999999999999
-17.59999999999999
-17.59999999999999
-17.59999999999999
-17.59999999999999
-17.59999999999999
-17.59999999999999
-17.59999999999999
-17.59999999999999
-17.59999999999999
-17.59999999999999
-17.59999999999999
-17.59999999999999
-17.59999999999999
-17.59999999999999
-17.59999999999999
-17.59999999999999
-17.59999999999999
-17.59999999999999
-17.59999999999999
-17.59999999999999
-17.59999999999999
-17.59999999999999
-17.59999999999999
-17.59999999999999
-17.59999999999999
-17.59999999999999
-17.59999999999999
-17.59999999999999
-17.59999999999999
-17.59999999999999
-17.59999999999999
-17.59999999999999
-17.59999999999999
-17.59999999999999
-17.59999999999999
-17.59999999999999
-17.59999999999999
-17.59999999999999
-17.59999999999999
-17.59999999999999
-17.59999999999999
-17.59999999999999
-17.59999999999999
-17.59999999999999
-17.59999999999999
-17.59999999999999
-17.59999999999999
-17.59999999999999
-17.59999999999999
-17.59999999999999
-17.59999999999999
-17.59999999999999
-17.59999999999999
-17.59999999999999
-17.59999999999999
-17.59999999999999
-17.59999999999999
-17.59999999999999
-17.59999999999999
-17.59999999999999
-17.59999999999999
-17.59999999999999
-17.59999999999999
-17.59999999999999
-17.59999999999999
-17.59999999999999
-17.59999999999999
-17.59999999999999
-17.59999999999999
-17.59999999999999
-17.59999999999999
-17.59999999999999
-17.59999999999999
-17.59999999999999
-17.59999999999999
-17.59999999999999
-17.59999999999999
-17.59999999999999
-17.59999999999999
-17.59999999999999
-17.59999999999999
-17.59999999999999
-17.59999999999999
-17.59999999999999
-17.59999999999999
-17.59999999999999
-17.59999999999999
-17.59999999999999
-17.59999999999999
-17.59999999999999
-17.59999999999999
-17.59999999999999
-17.59999999999999
-17.59999999999999
-17.59999999999999
-17.59999999999999
-17.59999999999999
-17.59999999999999
-17.59999999999999
-17.59999999999999
-17.59999999999999
-17.59999999999999
-17.59999999999999
-17.59999999999999
-17.59999999999999
-17.59999999999999
-17.59999999999999
-17.59999999999999
-17.59999999999999
-17.59999999999999
-17.59999999999999
-17.59999999999999
-17.59999999999999
-17.59999999999999
-17.59999999999999
-17.59999999999999
-17.59999999999999
-17.59999999999999
-17.59999999999999
-17.59999999999999
-17.59999999999999
-17.59999999999999
-17.59999999999999
-17.59999999999999
-17.59999999999999
-17.59999999999999
-17.59999999999999
-17.59999999999999
-17.59999999999999
-17.59999999999999
-17.59999999999999
-17.59999999999999
-17.59999999999999
-17.59999999999999
-17.59999999999999
-17.59999999999999
-17.59999999999999
-17.59999999999999
-17.59999999999999
-17.59999999999999
-17.59999999999999
-17.59999999999999
-17.59999999999999
-17.59999999999999
-17.59999999999999
-17.59999999999999
-17.59999999999999
-17.59999999999999
-17.59999999999999
-17.59999999999999
-17.59999999999999
-17.59999999999999
-17.59999999999999
-17.59999999999999
-17.59999999999999
-17.59999999999999
-17.59999999999999
-17.59999999999999
-17.59999999999999
-17.59999999999999
