5.260581466964842e-14
-6.681712748971385
-10.715769113348376
-13.291837334448042
-14.758674741726134
-15.480758652242512
-15.817131574389858
-15.98148860987627
-16.076006392413547
-16.146794241916258
-16.215017815033463
-16.290844871252116
-16.379111533049592
-16.48135381881723
-16.596398393902334
-16.72064024385494
-16.848610604394807
-16.97400965143901
-17.090974722260107
-17.195140749323556
-17.284147919127896
-17.357549896512722
-17.416330123786093
-17.462303270690533
-17.497600285883607
-17.524317146115457
-17.544322298194196
-17.559180997495837
-17.570150938847696
-17.578213913901862
-17.584120887931554
-17.58843799788314
-17.5915876281963
-17.593882562693558
-17.5955531762011
-17.59676848546436
-17.597652141191663
-17.598294419697524
-17.59876113311874
-17.59910020735402
-17.599346515869666
-17.599525420086046
-17.599655356278284
-17.599749722541006
-17.599818253483917
-17.599868020839715
-17.5999041612968
-17.599930405677433
-17.59994946354834
-17.59996330268635
-17.599973352114095
-17.599980649574654
-17.599985948661004
-17.59998979660922
-17.599992590804984
-17.59999461981305
-17.599996093178692
-17.59999716306405
-17.599997939960556
-17.599998504103684
-17.5999989137561
-17.599999211224873
-17.599999427231875
-17.599999584084816
-17.599999697983673
-17.599999780690922
-17.599999840748996
-17.599999884359914
-17.599999916027883
-17.5999999390237
-17.599999955721902
-17.599999967848163
-17.5999999766531
-17.599999983046366
-17.599999987689223
-17.599999991060326
-17.599999993508796
-17.599999995286307
-17.59999999657718
-17.599999997514473
-17.599999998195205
-17.599999998689363
-17.599999999048464
-17.599999999308878
-17.59999999949828
-17.59999999963531
-17.599999999735193
-17.599999999807732
-17.599999999860444
-17.599999999898923
-17.599999999926435
-17.59999999994639
-17.599999999961277
-17.59999999997175
-17.599999999979374
-17.599999999985013
-17.5999999999889
-17.599999999992328
-17.599999999994324
-17.59999999999606
-17.599999999997095
-17.599999999997447
-17.59999999999824
-17.599999999998964
-17.599999999999092
-17.599999999999728
-17.599999999999266
-17.599999999999863
-17.59999999999935
-17.599999999999927
-17.599999999999948
-17.599999999999948
-17.59999999999997
-17.599999999999977
-17.599999999999977
-17.59999999999999
-17.599999999999998
-17.599999999999998
-17.599999999999998
-17.599999999999998
-17.599999999999998
-17.599999999999998
-17.599999999999998
-17.599999999999998
-17.599999999999998
-17.599999999999998
-17.599999999999998
-17.599999999999998
-17.599999999999998
-17.599999999999998
-17.599999999999998
-17.599999999999998
-17.599999999999998
-17.599999999999998
-17.599999999999998
-17.599999999999998
-17.599999999999998
-17.599999999999998
-17.599999999999998
-17.599999999999998
-17.599999999999998
-17.599999999999998
-17.599999999999998
-17.599999999999998
-17.599999999999998
-17.599999999999998
-17.599999999999998
-17.599999999999998
-17.599999999999998
-17.599999999999998
-17.599999999999998
-17.599999999999998
-17.599999999999998
-17.599999999999998
-17.599999999999998
-17.599999999999998
-17.599999999999998
-17.599999999999998
-17.599999999999998
-17.599999999999998
-17.599999999999998
-17.599999999999998
-17.599999999999998
-17.599999999999998
-17.599999999999998
-17.599999999999998
-17.599999999999998
-17.599999999999998
-17.599999999999998
-17.599999999999998
-17.599999999999998
-17.599999999999998
-17.599999999999998
-17.599999999999998
-17.599999999999998
-17.599999999999998
-17.599999999999998
-17.599999999999998
-17.599999999999998
-17.599999999999998
-17.599999999999998
-17.599999999999998
-17.599999999999998
-17.599999999999998
-17.599999999999998
-17.599999999999998
-17.599999999999998
-17.599999999999998
-17.599999999999998
-17.599999999999998
-17.599999999999998
-17.599999999999998
-17.599999999999998
-17.599999999999998
-17.599999999999998
-17.599999999999998
-17.599999999999998
-17.599999999999998
-17.599999999999998
-17.599999999999998
-17.599999999999998
-17.599999999999998
-17.599999999999998
-17.599999999999998
-17.599999999999998
-17.599999999999998
-17.599999999999998
-17.599999999999998
-17.599999999999998
-17.599999999999998
-17.599999999999998
-17.599999999999998
-17.599999999999998
-17.599999999999998
-17.599999999999998
-17.599999999999998
-17.599999999999998
-17.599999999999998
-17.599999999999998
-17.599999999999998
-17.599999999999998
-17.599999999999998
-17.599999999999998
-17.599999999999998
-17.599999999999998
-17.599999999999998
-17.599999999999998
-17.599999999999998
-17.599999999999998
-17.599999999999998
-17.599999999999998
-17.599999999999998
-17.599999999999998
-17.599999999999998
-17.599999999999998
-17.599999999999998
-17.599999999999998
-17.599999999999998
-17.599999999999998
-17.599999999999998
-17.599999999999998
-17.599999999999998
-17.599999999999998
-17.599999999999998
-17.599999999999998
-17.599999999999998
-17.599999999999998
-17.599999999999998
-17.599999999999998
-17.599999999999998
-17.599999999999998
-17.599999999999998
-17.599999999999998
-17.599999999999998
-17.599999999999998
-17.599999999999998
-17.599999999999998
-17.599999999999998
-17.599999999999998
-17.599999999999998
-17.599999999999998
-17.599999999999998
-17.599999999999998
-17.599999999999998
-17.599999999999998
-17.599999999999998
-17.599999999999998
-17.599999999999998
-17.599999999999998
-17.599999999999998
-17.599999999999998
-17.599999999999998
-17.599999999999998
-17.599999999999998
-17.599999999999998
-17.599999999999998
-17.599999999999998
-17.599999999999998
-17.599999999999998
-17.599999999999998
-17.599999999999998
-17.599999999999998
-17.599999999999998
-17.599999999999998
-17.599999999999998
-17.599999999999998
-17.599999999999998
-17.599999999999998
-17.599999999999998
-17.599999999999998
-17.599999999999998
-17.599999999999998
-17.599999999999998
-17.599999999999998
-17.599999999999998
-17.599999999999998
-17.599999999999998
-17.599999999999998
-17.599999999999998
-17.599999999999998
-17.599999999999998
-17.599999999999998
-17.599999999999998
-17.599999999999998
-17.599999999999998
-17.599999999999998
-17.599999999999998
-17.599999999999998
-17.599999999999998
-17.599999999999998
-17.599999999999998
-17.599999999999998
-17.599999999999998
-17.599999999999998
-17.599999999999998
-17.599999999999998
-17.599999999999998
-17.599999999999998
-17.599999999999998
-17.599999999999998
-17.599999999999998
-17.599999999999998
-17.599999999999998
-17.599999999999998
-17.599999999999998
-17.599999999999998
-17.599999999999998
-17.599999999999998
-17.599999999999998
-17.599999999999998
-17.599999999999998
-17.599999999999998
-17.599999999999998
-17.599999999999998
-17.599999999999998
-17.599999999999998
-17.599999999999998
-17.599999999999998
-17.599999999999998
-17.599999999999998
-17.599999999999998
-17.599999999999998
-17.599999999999998
-17.599999999999998
-17.599999999999998
-17.599999999999998
-17.599999999999998
-17.599999999999998
-17.599999999999998
-17.599999999999998
-17.599999999999998
-17.599999999999998
-17.599999999999998
-17.599999999999998
-17.599999999999998
-17.599999999999998
-17.599999999999998
-17.599999999999998
-17.599999999999998
-17.599999999999998
-17.599999999999998
-17.599999999999998
-17.599999999999998
-17.599999999999998
-17.599999999999998
-17.599999999999998
-17.599999999999998
-17.599999999999998
-17.599999999999998
-17.599999999999998
-17.599999999999998
-17.599999999999998
-17.599999999999998
-17.599999999999998
-17.599999999999998
-17.599999999999998
-17.599999999999998
-17.599999999999998
-17.599999999999998
-17.599999999999998
-17.599999999999998
-17.599999999999998
-17.599999999999998
-17.599999999999998
-17.599999999999998
-17.599999999999998
-17.599999999999998
-17.599999999999998
-17.599999999999998
-17.599999999999998
-17.599999999999998
-17.599999999999998
-17.599999999999998
-17.599999999999998
-17.599999999999998
-17.599999999999998
-17.599999999999998
-17.599999999999998
-17.599999999999998
-17.599999999999998
-17.599999999999998
-17.599999999999998
-17.599999999999998
-17.599999999999998
-17.599999999999998
-17.599999999999998
-17.599999999999998
-17.599999999999998
-17.599999999999998
-17.599999999999998
-17.599999999999998
-17.599999999999998
-17.599999999999998
-17.599999999999998
-17.599999999999998
-17.599999999999998
-17.599999999999998
-17.599999999999998
-17.599999999999998
-17.599999999999998
-17.599999999999998
-17.599999999999998
-17.599999999999998
-17.599999999999998
-17.599999999999998
-17.599999999999998
-17.599999999999998
-17.599999999999998
-17.599999999999998
-17.599999999999998
-17.599999999999998
-17.599999999999998
-17.599999999999998
-17.599999999999998
-17.599999999999998
-17.599999999999998
-17.599999999999998
-17.599999999999998
-17.599999999999998
-17.599999999999998
-17.599999999999998
-17.599999999999998
-17.599999999999998
-17.599999999999998
-17.599999999999998
-17.599999999999998
-17.599999999999998
-17.599999999999998
-17.599999999999998
-17.599999999999998
-17.599999999999998
-17.599999999999998
-17.599999999999998
-17.599999999999998
-17.599999999999998
-17.599999999999998
-17.599999999999998
-17.599999999999998
-17.599999999999998
-17.599999999999998
-17.599999999999998
-17.599999999999998
-17.599999999999998
-17.599999999999998
-17.599999999999998
-17.599999999999998
-17.599999999999998
-17.599999999999998
-17.599999999999998
-17.599999999999998
-17.599999999999998
-17.599999999999998
-17.599999999999998
-17.599999999999998
-17.599999999999998
-17.599999999999998
-17.599999999999998
-17.599999999999998
-17.599999999999998
-17.599999999999998
-17.599999999999998
-17.599999999999998
-17.599999999999998
-17.599999999999998
-17.599999999999998
-17.599999999999998
-17.599999999999998
-17.599999999999998
-17.599999999999998
-17.599999999999998
-17.599999999999998
-17.599999999999998
-17.599999999999998
-17.599999999999998
-17.599999999999998
-17.599999999999998
-17.599999999999998
-17.599999999999998
-17.599999999999998
-17.599999999999998
-17.599999999999998
-17.599999999999998
-17.599999999999998
-17.599999999999998
-17.599999999999998
-17.599999999999998
-17.599999999999998
-17.599999999999998
-17.599999999999998
-17.599999999999998
-17.599999999999998
-17.599999999999998
-17.599999999999998
-17.599999999999998
-17.599999999999998
-17.599999999999998
-17.599999999999998
-17.599999999999998
-17.599999999999998
-17.599999999999998
-17.599999999999998
-17.599999999999998
-17.599999999999998
-17.599999999999998
-17.599999999999998
-17.599999999999998
-17.599999999999998
-17.599999999999998
-17.599999999999998
-17.599999999999998
-17.599999999999998
-17.599999999999998
-17.599999999999998
-17.599999999999998
-17.599999999999998
-17.599999999999998
-17.599999999999998
-17.599999999999998
-17.599999999999998
-17.599999999999998
-17.599999999999998
-17.599999999999998
-17.599999999999998
-17.599999999999998
-17.599999999999998
-17.599999999999998
-17.599999999999998
-17.599999999999998
-17.599999999999998
-17.599999999999998
-17.599999999999998
-17.599999999999998
-17.599999999999998
-17.599999999999998
-17.599999999999998
-17.599999999999998
-17.599999999999998
-17.599999999999998
-17.599999999999998
-17.599999999999998
-17.599999999999998
-17.599999999999998
-17.599999999999998
-17.599999999999998
-17.599999999999998
-17.599999999999998
-17.599999999999998
-17.599999999999998
-17.599999999999998
-17.599999999999998
-17.599999999999998
-17.599999999999998
-17.599999999999998
-17.599999999999998
-17.599999999999998
-17.599999999999998
-17.599999999999998
-17.599999999999998
-17.599999999999998
-17.599999999999998
-17.599999999999998
-17.599999999999998
-17.599999999999998
-17.599999999999998
-17.599999999999998
-17.599999999999998
-17.599999999999998
-17.599999999999998
-17.599999999999998
-17.599999999999998
-17.599999999999998
-17.599999999999998
-17.599999999999998
-17.599999999999998
-17.599999999999998
-17.599999999999998
-17.599999999999998
-17.599999999999998
-17.599999999999998
-17.599999999999998
-17.599999999999998
-17.599999999999998
-17.599999999999998
-17.599999999999998
-17.599999999999998
-17.599999999999998
-17.599999999999998
-17.599999999999998
-17.599999999999998
-17.599999999999998
-17.599999999999998
-17.599999999999998
-17.599999999999998
-17.599999999999998
-17.599999999999998
-17.599999999999998
-17.599999999999998
-17.599999999999998
-17.599999999999998
-17.599999999999998
-17.599999999999998
-17.599999999999998
-17.599999999999998
-17.599999999999998
-17.599999999999998
-17.599999999999998
-17.599999999999998
-17.599999999999998
-17.599999999999998
-17.599999999999998
-17.599999999999998
-17.599999999999998
-17.599999999999998
-17.599999999999998
-17.599999999999998
-17.599999999999998
-17.599999999999998
-17.599999999999998
-17.599999999999998
-17.599999999999998
-17.599999999999998
-17.599999999999998
-17.599999999999998
-17.599999999999998
-17.599999999999998
-17.599999999999998
-17.599999999999998
-17.599999999999998
-17.599999999999998
-17.599999999999998
-17.599999999999998
-17.599999999999998
-17.599999999999998
-17.599999999999998
-17.599999999999998
-17.599999999999998
-17.599999999999998
-17.599999999999998
-17.599999999999998
-17.599999999999998
-17.599999999999998
-17.599999999999998
-17.599999999999998
-17.599999999999998
-17.599999999999998
-17.599999999999998
-17.599999999999998
-17.599999999999998
-17.599999999999998
-17.599999999999998
-17.599999999999998
-17.599999999999998
-17.599999999999998
-17.599999999999998
-17.599999999999998
-17.599999999999998
-17.599999999999998
-17.599999999999998
-17.599999999999998
-17.599999999999998
-17.599999999999998
-17.599999999999998
-17.599999999999998
-17.599999999999998
-17.599999999999998
-17.599999999999998
-17.599999999999998
-17.599999999999998
-17.599999999999998
-17.599999999999998
-17.599999999999998
-17.599999999999998
-17.599999999999998
-17.599999999999998
-17.599999999999998
-17.599999999999998
-17.599999999999998
-17.599999999999998
-17.599999999999998
-17.599999999999998
-17.599999999999998
-17.599999999999998
-17.599999999999998
-17.599999999999998
-17.599999999999998
-17.599999999999998
-17.599999999999998
-17.599999999999998
-17.599999999999998
-17.599999999999998
-17.599999999999998
-17.599999999999998
-17.599999999999998
-17.599999999999998
-17.599999999999998
-17.599999999999998
-17.599999999999998
-17.599999999999998
-17.599999999999998
-17.599999999999998
-17.599999999999998
-17.599999999999998
-17.599999999999998
-17.599999999999998
-17.599999999999998
-17.599999999999998
-17.599999999999998
-17.599999999999998
-17.599999999999998
-17.599999999999998
-17.599999999999998
-17.599999999999998
-17.599999999999998
-17.599999999999998
-17.599999999999998
-17.599999999999998
-17.599999999999998
-17.599999999999998
-17.599999999999998
-17.599999999999998
-17.599999999999998
-17.599999999999998
-17.599999999999998
-17.599999999999998
-17.599999999999998
-17.599999999999998
-17.599999999999998
-17.599999999999998
-17.599999999999998
-17.599999999999998
-17.599999999999998
-17.599999999999998
-17.599999999999998
-17.599999999999998
-17.599999999999998
-17.599999999999998
-17.599999999999998
-17.599999999999998
-17.599999999999998
-17.599999999999998
-17.599999999999998
-17.599999999999998
-17.599999999999998
-17.599999999999998
-17.599999999999998
-17.599999999999998
-17.599999999999998
-17.599999999999998
-17.599999999999998
-17.599999999999998
-17.599999999999998
-17.599999999999998
-17.599999999999998
-17.599999999999998
-17.599999999999998
-17.599999999999998
-17.599999999999998
-17.599999999999998
-17.599999999999998
-17.599999999999998
-17.599999999999998
-17.599999999999998
-17.599999999999998
-17.599999999999998
-17.599999999999998
-17.599999999999998
-17.599999999999998
-17.599999999999998
-17.599999999999998
-17.599999999999998
-17.599999999999998
-17.599999999999998
-17.599999999999998
-17.599999999999998
-17.599999999999998
-17.599999999999998
-17.599999999999998
-17.599999999999998
-17.599999999999998
-17.599999999999998
-17.599999999999998
-17.599999999999998
-17.599999999999998
-17.599999999999998
-17.599999999999998
-17.599999999999998
-17.599999999999998
-17.599999999999998
-17.599999999999998
-17.599999999999998
-17.599999999999998
-17.599999999999998
-17.599999999999998
-17.599999999999998
-17.599999999999998
-17.599999999999998
-17.599999999999998
-17.599999999999998
-17.599999999999998
-17.599999999999998
-17.599999999999998
-17.599999999999998
-17.599999999999998
-17.599999999999998
-17.599999999999998
-17.599999999999998
-17.599999999999998
-17.599999999999998
-17.599999999999998
-17.599999999999998
-17.599999999999998
-17.599999999999998
-17.599999999999998
-17.599999999999998
-17.599999999999998
-17.599999999999998
-17.599999999999998
-17.599999999999998
-17.599999999999998
-17.599999999999998
-17.599999999999998
-17.599999999999998
-17.599999999999998
-17.599999999999998
-17.599999999999998
-17.599999999999998
-17.599999999999998
-17.599999999999998
-17.599999999999998
-17.599999999999998
-17.599999999999998
-17.599999999999998
-17.599999999999998
-17.599999999999998
-17.599999999999998
-17.599999999999998
-17.599999999999998
-17.599999999999998
-17.599999999999998
-17.599999999999998
-17.599999999999998
-17.599999999999998
-17.599999999999998
-17.599999999999998
-17.599999999999998
-17.599999999999998
-17.599999999999998
-17.599999999999998
-17.599999999999998
-17.599999999999998
-17.599999999999998
-17.599999999999998
-17.599999999999998
-17.599999999999998
-17.599999999999998
-17.599999999999998
-17.599999999999998
-17.599999999999998
-17.599999999999998
-17.599999999999998
-17.599999999999998
-17.599999999999998
-17.599999999999998
-17.599999999999998
-17.599999999999998
-17.599999999999998
-17.599999999999998
-17.599999999999998
-17.599999999999998
-17.599999999999998
-17.599999999999998
-17.599999999999998
-17.599999999999998
-17.599999999999998
-17.599999999999998
-17.599999999999998
-17.599999999999998
-17.599999999999998
-17.599999999999998
-17.599999999999998
-17.599999999999998
-17.599999999999998
-17.599999999999998
-17.599999999999998
-17.599999999999998
-17.599999999999998
-17.599999999999998
-17.599999999999998
-17.599999999999998
-17.599999999999998
-17.599999999999998
-17.599999999999998
-17.599999999999998
-17.599999999999998
-17.599999999999998
-17.599999999999998
-17.599999999999998
-17.599999999999998
-17.599999999999998
-17.599999999999998
-17.599999999999998
-17.599999999999998
-17.599999999999998
-17.599999999999998
-17.599999999999998
-17.599999999999998
-17.599999999999998
-17.599999999999998
-17.599999999999998
-17.599999999999998
-17.599999999999998
-17.599999999999998
-17.599999999999998
-17.599999999999998
-17.599999999999998
-17.599999999999998
-17.599999999999998
-17.599999999999998
-17.599999999999998
-17.599999999999998
-17.599999999999998
-17.599999999999998
-17.599999999999998
-17.599999999999998
-17.599999999999998
-17.599999999999998
-17.599999999999998
-17.599999999999998
-17.599999999999998
-17.599999999999998
-17.599999999999998
-17.599999999999998
-17.599999999999998
-17.599999999999998
-17.599999999999998
-17.599999999999998
-17.599999999999998
-17.599999999999998
-17.599999999999998
-17.599999999999998
-17.599999999999998
-17.599999999999998
-17.599999999999998
-17.599999999999998
-17.599999999999998
-17.599999999999998
-17.599999999999998
-17.599999999999998
-17.599999999999998
-17.599999999999998
-17.599999999999998
-17.599999999999998
-17.599999999999998
-17.599999999999998
-17.599999999999998
-17.599999999999998
-17.599999999999998
-17.599999999999998
-17.599999999999998
-17.599999999999998
-17.599999999999998
-17.599999999999998
-17.599999999999998
-17.599999999999998
-17.599999999999998
-17.599999999999998
-17.599999999999998
-17.599999999999998
-17.599999999999998
-17.599999999999998
-17.599999999999998
-17.599999999999998
-17.599999999999998
-17.599999999999998
-17.599999999999998
-17.599999999999998
-17.599999999999998
-17.599999999999998
-17.599999999999998
-17.599999999999998
