0.0
-3.790025725470206
-5.176193617746123
-5.636949647654733
-5.815872784760732
-5.902299161088285
-5.953705397669983
-5.990936385359885
-6.022665174908519
-6.0527143225258575
-6.082736014008106
-6.113345830772095
-6.144642829797513
-6.176461085125561
-6.208498979072624
-6.240391993861133
-6.271758636558813
-6.302232299104801
-6.331484114092621
-6.359238588350564
-6.385282710409985
-6.409469144881656
-6.4317143967657175
-6.451993107049295
-6.470329774318399
-6.486789153647178
-6.501466399834771
-6.514477759770165
-6.5259523393511545
-6.536025218708439
-6.544831990060756
-6.552504652563871
-6.559168713468832
-6.564941304127869
-6.5699301104903425
-6.574232929283173
-6.577937683872875
-6.5811227612101835
-6.583857558910285
-6.5862031568920685
-6.588213049867621
-6.589933894973887
-6.591406243124148
-6.592665233641926
-6.593741239945115
-6.594660460002753
-6.595445449473586
-6.596115598271989
-6.596687553134525
-6.597175589852778
-6.597591939408111
-6.597947072450526
-6.598249946529664
-6.598508220295689
-6.598728438606852
-6.598916192150517
-6.599076254837561
-6.599212701884336
-6.599329011165986
-6.599428150116197
-6.599512650165563
-6.599584670455916
-6.599646052339146
-6.599698365967277
-6.599742950102434
-6.599780946119525
-6.599813327038732
-6.599840922307163
-6.599864438946483
-6.599884479595919
-6.599901557903376
-6.59991611165252
-6.599928513957389
-6.599939082807951
-6.599948089208706
-6.599955764117211
-6.599962304359035
-6.599967877669894
-6.599972626993404
-6.599976674144439
-6.599980122931371
-6.599983061817195
-6.599985566187543
-6.599987700283551
-6.599989518849192
-6.599991068535144
-6.599992389095129
-6.599993514405565
-6.59999447333436
-6.599995290481386
-6.599995986809477
-6.599996580182083
-6.59999708582156
-6.599997516699602
-6.5999978838700235
-6.599998196752275
-6.599998463373139
-6.599998690572594
-6.599998884179298
-6.599999049160124
-6.599999189747566
-6.599999309548316
-6.599999411635803
-6.599999498629055
-6.599999572759827
-6.599999635929909
-6.599999689759915
-6.5999997356308215
-6.599999774719438
-6.599999808028553
-6.599999836412721
-6.599999860600113
-6.5999998812112555
-6.599999898774897
-6.599999913741656
-6.599999926495492
-6.599999937363585
-6.599999946624771
-6.599999954516628
-6.5999999612416325
-6.599999966972292
-6.599999971855645
-6.599999976016961
-6.599999979563004
-6.599999982584736
-6.599999985159695
-6.599999987353923
-6.599999989223724
-6.59999999081707
-6.599999992174822
-6.599999993331815
-6.599999994317756
-6.5999999951579085
-6.599999995873835
-6.599999996483918
-6.5999999970037955
-6.599999997446801
-6.599999997824306
-6.599999998145995
-6.599999998420122
-6.599999998653713
-6.599999998852768
-6.599999999022396
-6.599999999166942
-6.59999999929011
-6.599999999395082
-6.599999999484515
-6.599999999560736
-6.599999999625686
-6.599999999681024
-6.59999999972819
-6.599999999768378
-6.599999999802629
-6.599999999831805
-6.599999999856682
-6.599999999877868
-6.599999999895933
-6.59999999991131
-6.599999999924424
-6.599999999935601
-6.59999999994512
-6.599999999953232
-6.599999999960145
-6.599999999966037
-6.599999999971069
-6.599999999975344
-6.5999999999789924
-6.599999999982096
-6.599999999984748
-6.599999999986993
-6.599999999988926
-6.599999999990554
-6.599999999991955
-6.599999999993139
-6.599999999994158
-6.599999999995022
-6.5999999999957595
-6.599999999996388
-6.599999999996916
-6.599999999997378
-6.599999999997764
-6.599999999998091
-6.5999999999983725
-6.599999999998609
-6.599999999998821
-6.599999999998997
-6.599999999999142
-6.599999999999273
-6.599999999999377
-6.5999999999994765
-6.599999999999549
-6.599999999999611
-6.5999999999996675
-6.599999999999718
-6.599999999999761
-6.599999999999793
-6.599999999999832
-6.59999999999985
-6.599999999999875
-6.599999999999893
-6.59999999999991
-6.59999999999992
-6.599999999999929
-6.599999999999942
-6.599999999999956
-6.599999999999959
-6.599999999999966
-6.59999999999997
-6.599999999999973
-6.599999999999982
-6.599999999999981
-6.599999999999984
-6.599999999999983
-6.599999999999987
-6.599999999999994
-6.599999999999992
-6.599999999999991
-6.599999999999989
-6.599999999999997
-6.599999999999997
-6.599999999999996
-6.599999999999996
-6.599999999999993
-6.599999999999993
-6.600000000000001
-6.600000000000001
-6.599999999999993
-6.6000000000000005
-6.6000000000000005
-6.6000000000000005
-6.6000000000000005
-6.6000000000000005
-6.5999999999999925
-6.5999999999999925
-6.599999999999998
-6.599999999999998
-6.599999999999998
-6.599999999999998
-6.599999999999998
-6.599999999999998
-6.599999999999998
-6.599999999999998
-6.599999999999998
-6.599999999999998
-6.599999999999998
-6.599999999999998
-6.599999999999998
-6.599999999999998
-6.599999999999998
-6.599999999999998
-6.599999999999998
-6.599999999999998
-6.599999999999998
-6.599999999999998
-6.599999999999998
-6.599999999999998
-6.599999999999998
-6.599999999999998
-6.599999999999998
-6.599999999999998
-6.599999999999998
-6.599999999999998
-6.599999999999998
-6.599999999999998
-6.599999999999998
-6.599999999999998
-6.599999999999998
-6.599999999999998
-6.599999999999998
-6.599999999999998
-6.599999999999998
-6.599999999999998
-6.599999999999998
-6.599999999999998
-6.599999999999998
-6.599999999999998
-6.599999999999998
-6.599999999999998
-6.599999999999998
-6.599999999999998
-6.599999999999998
-6.599999999999998
-6.599999999999998
-6.599999999999998
-6.599999999999998
-6.599999999999998
-6.599999999999998
-6.599999999999998
-6.599999999999998
-6.599999999999998
-6.599999999999998
-6.599999999999998
-6.599999999999998
-6.599999999999998
-6.599999999999998
-6.599999999999998
-6.599999999999998
-6.599999999999998
-6.599999999999998
-6.599999999999998
-6.599999999999998
-6.599999999999998
-6.599999999999998
-6.599999999999998
-6.599999999999998
-6.599999999999998
-6.599999999999998
-6.599999999999998
-6.599999999999998
-6.599999999999998
-6.599999999999998
-6.599999999999998
-6.599999999999998
-6.599999999999998
-6.599999999999998
-6.599999999999998
-6.599999999999998
-6.599999999999998
-6.599999999999998
-6.599999999999998
-6.599999999999998
-6.599999999999998
-6.599999999999998
-6.599999999999998
-6.599999999999998
-6.599999999999998
-6.599999999999998
-6.599999999999998
-6.599999999999998
-6.599999999999998
-6.599999999999998
-6.599999999999998
-6.599999999999998
-6.599999999999998
-6.599999999999998
-6.599999999999998
-6.599999999999998
-6.599999999999998
-6.599999999999998
-6.599999999999998
-6.599999999999998
-6.599999999999998
-6.599999999999998
-6.599999999999998
-6.599999999999998
-6.599999999999998
-6.599999999999998
-6.599999999999998
-6.599999999999998
-6.599999999999998
-6.599999999999998
-6.599999999999998
-6.599999999999998
-6.599999999999998
-6.599999999999998
-6.599999999999998
-6.599999999999998
-6.599999999999998
-6.599999999999998
-6.599999999999998
-6.599999999999998
-6.599999999999998
-6.599999999999998
-6.599999999999998
-6.599999999999998
-6.599999999999998
-6.599999999999998
-6.599999999999998
-6.599999999999998
-6.599999999999998
-6.599999999999998
-6.599999999999998
-6.599999999999998
-6.599999999999998
-6.599999999999998
-6.599999999999998
-6.599999999999998
-6.599999999999998
-6.599999999999998
-6.599999999999998
-6.599999999999998
-6.599999999999998
-6.599999999999998
-6.599999999999998
-6.599999999999998
-6.599999999999998
-6.599999999999998
-6.599999999999998
-6.599999999999998
-6.599999999999998
-6.599999999999998
-6.599999999999998
-6.599999999999998
-6.599999999999998
-6.599999999999998
-6.599999999999998
-6.599999999999998
-6.599999999999998
-6.599999999999998
-6.599999999999998
-6.599999999999998
-6.599999999999998
-6.599999999999998
-6.599999999999998
-6.599999999999998
-6.599999999999998
-6.599999999999998
-6.599999999999998
-6.599999999999998
-6.599999999999998
-6.599999999999998
-6.599999999999998
-6.599999999999998
-6.599999999999998
-6.599999999999998
-6.599999999999998
-6.599999999999998
-6.599999999999998
-6.599999999999998
-6.599999999999998
-6.599999999999998
-6.599999999999998
-6.599999999999998
-6.599999999999998
-6.599999999999998
-6.599999999999998
-6.599999999999998
-6.599999999999998
-6.599999999999998
-6.599999999999998
-6.599999999999998
-6.599999999999998
-6.599999999999998
-6.599999999999998
-6.599999999999998
-6.599999999999998
-6.599999999999998
-6.599999999999998
-6.599999999999998
-6.599999999999998
-6.599999999999998
-6.599999999999998
-6.599999999999998
-6.599999999999998
-6.599999999999998
-6.599999999999998
-6.599999999999998
-6.599999999999998
-6.599999999999998
-6.599999999999998
-6.599999999999998
-6.599999999999998
-6.599999999999998
-6.599999999999998
-6.599999999999998
-6.599999999999998
-6.599999999999998
-6.599999999999998
-6.599999999999998
-6.599999999999998
-6.599999999999998
-6.599999999999998
-6.599999999999998
-6.599999999999998
-6.599999999999998
-6.599999999999998
-6.599999999999998
-6.599999999999998
-6.599999999999998
-6.599999999999998
-6.599999999999998
-6.599999999999998
-6.599999999999998
-6.599999999999998
-6.599999999999998
-6.599999999999998
-6.599999999999998
-6.599999999999998
-6.599999999999998
-6.599999999999998
-6.599999999999998
-6.599999999999998
-6.599999999999998
-6.599999999999998
-6.599999999999998
-6.599999999999998
-6.599999999999998
-6.599999999999998
-6.599999999999998
-6.599999999999998
-6.599999999999998
-6.599999999999998
-6.599999999999998
-6.599999999999998
-6.599999999999998
-6.599999999999998
-6.599999999999998
-6.599999999999998
-6.599999999999998
-6.599999999999998
-6.599999999999998
-6.599999999999998
-6.599999999999998
-6.599999999999998
-6.599999999999998
-6.599999999999998
-6.599999999999998
-6.599999999999998
-6.599999999999998
-6.599999999999998
-6.599999999999998
-6.599999999999998
-6.599999999999998
-6.599999999999998
-6.599999999999998
-6.599999999999998
-6.599999999999998
-6.599999999999998
-6.599999999999998
-6.599999999999998
-6.599999999999998
-6.599999999999998
-6.599999999999998
-6.599999999999998
-6.599999999999998
-6.599999999999998
-6.599999999999998
-6.599999999999998
-6.599999999999998
-6.599999999999998
-6.599999999999998
-6.599999999999998
-6.599999999999998
-6.599999999999998
-6.599999999999998
-6.599999999999998
-6.599999999999998
-6.599999999999998
-6.599999999999998
-6.599999999999998
-6.599999999999998
-6.599999999999998
-6.599999999999998
-6.599999999999998
-6.599999999999998
-6.599999999999998
-6.599999999999998
-6.599999999999998
-6.599999999999998
-6.599999999999998
-6.599999999999998
-6.599999999999998
-6.599999999999998
-6.599999999999998
-6.599999999999998
-6.599999999999998
-6.599999999999998
-6.599999999999998
-6.599999999999998
-6.599999999999998
-6.599999999999998
-6.599999999999998
-6.599999999999998
-6.599999999999998
-6.599999999999998
-6.599999999999998
-6.599999999999998
-6.599999999999998
-6.599999999999998
-6.599999999999998
-6.599999999999998
-6.599999999999998
-6.599999999999998
-6.599999999999998
-6.599999999999998
-6.599999999999998
-6.599999999999998
-6.599999999999998
-6.599999999999998
-6.599999999999998
-6.599999999999998
-6.599999999999998
-6.599999999999998
-6.599999999999998
-6.599999999999998
-6.599999999999998
-6.599999999999998
-6.599999999999998
-6.599999999999998
-6.599999999999998
-6.599999999999998
-6.599999999999998
-6.599999999999998
-6.599999999999998
-6.599999999999998
-6.599999999999998
-6.599999999999998
-6.599999999999998
-6.599999999999998
-6.599999999999998
-6.599999999999998
-6.599999999999998
-6.599999999999998
-6.599999999999998
-6.599999999999998
-6.599999999999998
-6.599999999999998
-6.599999999999998
-6.599999999999998
-6.599999999999998
-6.599999999999998
-6.599999999999998
-6.599999999999998
-6.599999999999998
-6.599999999999998
-6.599999999999998
-6.599999999999998
-6.599999999999998
-6.599999999999998
-6.599999999999998
-6.599999999999998
-6.599999999999998
-6.599999999999998
-6.599999999999998
-6.599999999999998
-6.599999999999998
-6.599999999999998
-6.599999999999998
-6.599999999999998
-6.599999999999998
-6.599999999999998
-6.599999999999998
-6.599999999999998
-6.599999999999998
-6.599999999999998
-6.599999999999998
-6.599999999999998
-6.599999999999998
-6.599999999999998
-6.599999999999998
-6.599999999999998
-6.599999999999998
-6.599999999999998
-6.599999999999998
-6.599999999999998
-6.599999999999998
-6.599999999999998
-6.599999999999998
-6.599999999999998
-6.599999999999998
-6.599999999999998
-6.599999999999998
-6.599999999999998
-6.599999999999998
-6.599999999999998
-6.599999999999998
-6.599999999999998
-6.599999999999998
-6.599999999999998
-6.599999999999998
-6.599999999999998
-6.599999999999998
-6.599999999999998
-6.599999999999998
-6.599999999999998
-6.599999999999998
-6.599999999999998
-6.599999999999998
-6.599999999999998
-6.599999999999998
-6.599999999999998
-6.599999999999998
-6.599999999999998
-6.599999999999998
-6.599999999999998
-6.599999999999998
-6.599999999999998
-6.599999999999998
-6.599999999999998
-6.599999999999998
-6.599999999999998
-6.599999999999998
-6.599999999999998
-6.599999999999998
-6.599999999999998
-6.599999999999998
-6.599999999999998
-6.599999999999998
-6.599999999999998
-6.599999999999998
-6.599999999999998
-6.599999999999998
-6.599999999999998
-6.599999999999998
-6.599999999999998
-6.599999999999998
-6.599999999999998
-6.599999999999998
-6.599999999999998
-6.599999999999998
-6.599999999999998
-6.599999999999998
-6.599999999999998
-6.599999999999998
-6.599999999999998
-6.599999999999998
-6.599999999999998
-6.599999999999998
-6.599999999999998
-6.599999999999998
-6.599999999999998
-6.599999999999998
-6.599999999999998
-6.599999999999998
-6.599999999999998
-6.599999999999998
-6.599999999999998
-6.599999999999998
-6.599999999999998
-6.599999999999998
-6.599999999999998
-6.599999999999998
-6.599999999999998
-6.599999999999998
-6.599999999999998
-6.599999999999998
-6.599999999999998
-6.599999999999998
-6.599999999999998
-6.599999999999998
-6.599999999999998
-6.599999999999998
-6.599999999999998
-6.599999999999998
-6.599999999999998
-6.599999999999998
-6.599999999999998
-6.599999999999998
-6.599999999999998
-6.599999999999998
-6.599999999999998
-6.599999999999998
-6.599999999999998
-6.599999999999998
-6.599999999999998
-6.599999999999998
-6.599999999999998
-6.599999999999998
-6.599999999999998
-6.599999999999998
-6.599999999999998
-6.599999999999998
-6.599999999999998
-6.599999999999998
-6.599999999999998
-6.599999999999998
-6.599999999999998
-6.599999999999998
-6.599999999999998
-6.599999999999998
-6.599999999999998
-6.599999999999998
-6.599999999999998
-6.599999999999998
-6.599999999999998
-6.599999999999998
-6.599999999999998
-6.599999999999998
-6.599999999999998
-6.599999999999998
-6.599999999999998
-6.599999999999998
-6.599999999999998
-6.599999999999998
-6.599999999999998
-6.599999999999998
-6.599999999999998
-6.599999999999998
-6.599999999999998
-6.599999999999998
-6.599999999999998
-6.599999999999998
-6.599999999999998
-6.599999999999998
-6.599999999999998
-6.599999999999998
-6.599999999999998
-6.599999999999998
-6.599999999999998
-6.599999999999998
-6.599999999999998
-6.599999999999998
-6.599999999999998
-6.599999999999998
-6.599999999999998
-6.599999999999998
-6.599999999999998
-6.599999999999998
-6.599999999999998
-6.599999999999998
-6.599999999999998
-6.599999999999998
-6.599999999999998
-6.599999999999998
-6.599999999999998
-6.599999999999998
-6.599999999999998
-6.599999999999998
-6.599999999999998
-6.599999999999998
-6.599999999999998
-6.599999999999998
-6.599999999999998
-6.599999999999998
-6.599999999999998
-6.599999999999998
-6.599999999999998
-6.599999999999998
-6.599999999999998
-6.599999999999998
-6.599999999999998
-6.599999999999998
-6.599999999999998
-6.599999999999998
-6.599999999999998
-6.599999999999998
-6.599999999999998
-6.599999999999998
-6.599999999999998
-6.599999999999998
-6.599999999999998
-6.599999999999998
-6.599999999999998
-6.599999999999998
-6.599999999999998
-6.599999999999998
-6.599999999999998
-6.599999999999998
-6.599999999999998
-6.599999999999998
-6.599999999999998
-6.599999999999998
-6.599999999999998
-6.599999999999998
-6.599999999999998
-6.599999999999998
-6.599999999999998
-6.599999999999998
-6.599999999999998
-6.599999999999998
-6.599999999999998
-6.599999999999998
-6.599999999999998
-6.599999999999998
-6.599999999999998
-6.599999999999998
-6.599999999999998
-6.599999999999998
-6.599999999999998
-6.599999999999998
-6.599999999999998
-6.599999999999998
-6.599999999999998
-6.599999999999998
-6.599999999999998
-6.599999999999998
-6.599999999999998
-6.599999999999998
-6.599999999999998
-6.599999999999998
-6.599999999999998
-6.599999999999998
-6.599999999999998
-6.599999999999998
-6.599999999999998
-6.599999999999998
-6.599999999999998
-6.599999999999998
-6.599999999999998
-6.599999999999998
-6.599999999999998
-6.599999999999998
-6.599999999999998
-6.599999999999998
-6.599999999999998
-6.599999999999998
-6.599999999999998
-6.599999999999998
-6.599999999999998
-6.599999999999998
-6.599999999999998
-6.599999999999998
-6.599999999999998
-6.599999999999998
-6.599999999999998
-6.599999999999998
-6.599999999999998
-6.599999999999998
-6.599999999999998
-6.599999999999998
-6.599999999999998
-6.599999999999998
-6.599999999999998
-6.599999999999998
-6.599999999999998
-6.599999999999998
-6.599999999999998
-6.599999999999998
-6.599999999999998
-6.599999999999998
-6.599999999999998
-6.599999999999998
-6.599999999999998
-6.599999999999998
-6.599999999999998
-6.599999999999998
-6.599999999999998
-6.599999999999998
-6.599999999999998
-6.599999999999998
-6.599999999999998
-6.599999999999998
-6.599999999999998
-6.599999999999998
-6.599999999999998
-6.599999999999998
-6.599999999999998
-6.599999999999998
-6.599999999999998
-6.599999999999998
-6.599999999999998
-6.599999999999998
-6.599999999999998
-6.599999999999998
-6.599999999999998
-6.599999999999998
-6.599999999999998
-6.599999999999998
-6.599999999999998
-6.599999999999998
-6.599999999999998
-6.599999999999998
-6.599999999999998
-6.599999999999998
-6.599999999999998
-6.599999999999998
-6.599999999999998
-6.599999999999998
-6.599999999999998
-6.599999999999998
-6.599999999999998
-6.599999999999998
-6.599999999999998
-6.599999999999998
-6.599999999999998
-6.599999999999998
-6.599999999999998
-6.599999999999998
-6.599999999999998
-6.599999999999998
-6.599999999999998
-6.599999999999998
-6.599999999999998
-6.599999999999998
-6.599999999999998
-6.599999999999998
-6.599999999999998
-6.599999999999998
-6.599999999999998
-6.599999999999998
-6.599999999999998
-6.599999999999998
-6.599999999999998
-6.599999999999998
-6.599999999999998
-6.599999999999998
-6.599999999999998
-6.599999999999998
-6.599999999999998
-6.599999999999998
-6.599999999999998
-6.599999999999998
-6.599999999999998
-6.599999999999998
-6.599999999999998
-6.599999999999998
-6.599999999999998
-6.599999999999998
-6.599999999999998
-6.599999999999998
-6.599999999999998
-6.599999999999998
-6.599999999999998
-6.599999999999998
-6.599999999999998
-6.599999999999998
-6.599999999999998
-6.599999999999998
-6.599999999999998
-6.599999999999998
