4.019759093728968e-09
1.2474454643427265e-05
1.247445464324835e-05
-0.000614153377721478
1.2474454642864161e-05
-0.0006141533777215322
-0.0006141533777205727
-0.3532168806200586
1.2474454643136225e-05
1.975198084645531e-05
1.97519808462189e-05
-7.83058449813486e-05
-0.20039583059082747
0.14391888026974123
0.14391888026974173
-0.0006141533777200578
1.2474454643203516e-05
-0.2003958305908281
1.9751980846133424e-05
0.14391888026974078
1.9751980846921107e-05
0.14391888026974176
-7.830584498065618e-05
-0.000614153377720587
-0.0006141533777210987
0.14391888026974178
-7.83058449810504e-05
1.9751980846904027e-05
0.1439188802697403
-0.20039583059082844
1.9751980846577652e-05
1.2474454643196516e-05
1.2474454643196516e-05
1.9751980846577652e-05
-0.20039583059082844
0.1439188802697403
1.9751980846904027e-05
-7.83058449810504e-05
0.14391888026974178
-0.0006141533777210987
-0.000614153377720587
-7.830584498065618e-05
0.14391888026974176
1.9751980846921107e-05
0.14391888026974078
1.9751980846133424e-05
-0.2003958305908281
1.2474454643203516e-05
-0.0006141533777200578
0.14391888026974173
0.14391888026974123
-0.20039583059082747
-7.83058449813486e-05
1.97519808462189e-05
1.975198084645531e-05
1.2474454643136225e-05
-0.3532168806200586
-0.0006141533777205727
-0.0006141533777215322
1.2474454642864161e-05
-0.000614153377721478
1.247445464324835e-05
1.2474454643427265e-05
4.019759093728968e-09
