-2.4580922851318767e-15
9.556908716577207e-11
9.556333902292492e-11
1.1357969709403374e-05
9.55698226028344e-11
1.1357969706773504e-05
1.1357969707659802e-05
-0.35542670640804463
9.556861093977522e-11
-1.4524605202742092e-11
-1.4515976820700492e-11
-7.093404673446636e-11
-1.1738855640471256e-06
-8.340558523344047e-07
-8.340558478930895e-07
1.1357969702071382e-05
9.556918785861527e-11
-1.1738855621003576e-06
-1.4527444141200668e-11
-8.34055839819601e-07
-1.4522415462476204e-11
-8.340558466764623e-07
-7.093791057598818e-11
1.1357969703890844e-05
1.1357969698352518e-05
-8.340558464343968e-07
-7.093851286892901e-11
-1.4528978692142951e-11
-8.34055849264217e-07
-1.1738855633766719e-06
-1.452317605861615e-11
9.556946310304767e-11
9.556946310304767e-11
-1.452317605861615e-11
-1.1738855633766719e-06
-8.34055849264217e-07
-1.4528978692142951e-11
-7.093851286892901e-11
-8.340558464343968e-07
1.1357969698352518e-05
1.1357969703890844e-05
-7.093791057598818e-11
-8.340558466764623e-07
-1.4522415462476204e-11
-8.34055839819601e-07
-1.4527444141200668e-11
-1.1738855621003576e-06
9.556918785861527e-11
1.1357969702071382e-05
-8.340558478930895e-07
-8.340558523344047e-07
-1.1738855640471256e-06
-7.093404673446636e-11
-1.4515976820700492e-11
-1.4524605202742092e-11
9.556861093977522e-11
-0.35542670640804463
1.1357969707659802e-05
1.1357969706773504e-05
9.55698226028344e-11
1.1357969709403374e-05
9.556333902292492e-11
9.556908716577207e-11
-2.4580922851318767e-15
