-2.2975232987235886e-16
-4.1286882658826415e-17
3.9972853176250854e-17
5.085153865700904e-16
1.9779677985067447e-17
3.3539518871086537e-16
-5.935257638265766e-17
3.332872276685362e-14
5.1624192412682944e-17
9.470868850592605e-17
3.549593142747336e-16
-2.1093551861951753e-15
8.221937240205776e-12
-1.2113115597797238e-11
-1.2112963579040968e-11
-3.081723561854055e-13
-8.231482772197993e-17
8.22208079234392e-12
6.378098983861786e-17
-1.2113014929758879e-11
2.936178265796031e-16
-1.2113265600012644e-11
-2.1851963922886594e-15
-3.0853466796776696e-13
4.867557253664379e-16
-1.2113345119397815e-11
-2.3760117726065138e-15
3.365771647412566e-13
-1.2113122146924005e-11
4.695135870803474e-11
3.3646139034740437e-13
6.07929678488572e-13
9.457242522516932e-18
-2.786098228978607e-17
8.221676675143433e-12
-1.2112630339171019e-11
7.049181800387937e-17
-2.127330266118896e-15
-1.2113245572042777e-11
-3.0824547355502193e-13
1.9447155788738112e-16
-2.285438990964245e-15
-1.2113190312748822e-11
3.365459316424688e-13
-1.2112987589852659e-11
3.3639488597045983e-13
4.695141277425626e-11
6.077573570348105e-13
3.859002284859547e-16
-1.2113084454194761e-11
-1.2113095382042252e-11
4.695136719428117e-11
-2.102254113580649e-15
3.367290382003843e-13
3.36460550036502e-13
6.078039852694456e-13
3.357072406508178e-14
-3.0840686803379175e-13
-3.0848015256499444e-13
6.083880912148879e-13
-3.0858861899276727e-13
6.080458800924087e-13
6.080204264858774e-13
3.2705582910266643e-16
-1.2247024111917392e-17
8.221876585994665e-12
1.2005687443898063e-16
-2.8198211438566564e-11
1.822784431579121e-16
-2.8198056539219618e-11
-1.382320617116928e-12
9.975770317462982e-10
-6.540131871627677e-18
-1.0035771089261149e-11
1.159949810422914e-12
2.9793721860646134e-14
-2.4948740234893517e-11
2.1042312339331195e-09
4.676239936288522e-10
-6.63459783496132e-10
8.222139488630017e-12
-4.905545410691996e-07
-2.4948223117271254e-11
1.0014327495313607e-06
-2.4948351642023144e-11
1.0014327496924748e-06
-1.7921845161563959e-09
-3.2830862981263418e-09
-1.2113189580063343e-11
2.9207542607162964e-07
8.329703241344925e-14
-2.0143016408065516e-10
-6.617983353884234e-10
-8.560719426047543e-07
8.527876045959071e-10
-2.942699595338502e-09
2.620103429079544e-16
-1.003582698619228e-11
-2.4948393130327367e-11
2.1042312819890383e-09
1.1597694015514676e-12
2.91448012840197e-14
4.676241463188002e-10
-6.634601159039954e-10
-2.171169051429845e-15
-8.245202373789735e-13
8.3414704224298e-14
4.102345787753094e-13
8.338437765834468e-14
4.0984443259874316e-13
-7.447802772725849e-10
7.520256185535702e-14
-1.211324050721596e-11
2.920754259257779e-07
-6.617984360441314e-10
-8.560719424437544e-07
8.330509822495753e-14
-2.0142992208476866e-10
8.527880330855876e-10
-2.9426998592151677e-09
-3.080532386430421e-13
-1.29111275323368e-10
1.1785014580334183e-12
2.3107533801945464e-11
1.1783614773768874e-12
2.3107443252940347e-11
-1.8066220239759124e-12
6.081837055688777e-13
-1.5469466950745712e-16
-1.285381517368657e-16
8.222188640343225e-12
-2.8198610992534407e-11
1.0598867712990151e-16
-1.3823596438770213e-12
-2.8198205197043842e-11
9.975763798330059e-10
3.8273939069277956e-16
1.1601703356683104e-12
-1.0035825698912825e-11
2.96231166291132e-14
-2.4948376736332802e-11
4.676239954335679e-10
2.1042316189414723e-09
-6.63460114729302e-10
1.8723889093054507e-16
-2.4948306784979767e-11
-1.0035750367834049e-11
2.104230924161349e-09
1.160002206289065e-12
4.676234915456385e-10
2.954717481492496e-14
-6.6346028381498e-10
-2.134452122284491e-15
8.328940605986738e-14
-8.246794199595654e-13
4.101389834905523e-13
8.312441438575337e-14
-7.447803200414533e-10
4.103121324580289e-13
7.495854617646801e-14
8.221720035956051e-12
-2.4948404095667462e-11
-4.905545407518065e-07
1.0014327490755974e-06
-2.4948455064064264e-11
-1.7921843225075349e-09
1.0014327498182935e-06
-3.2830859959575064e-09
-1.211325911036751e-11
8.319805294359406e-14
2.9207542611057876e-07
-2.0143014462312932e-10
-6.617985057331137e-10
8.527870879125193e-10
-8.560719425208388e-07
-2.9427001444264904e-09
-1.211284837131604e-11
-6.617979357098713e-10
2.9207542640806467e-07
-8.560719428354567e-07
8.349297743983967e-14
8.527875051310843e-10
-2.0143025052436814e-10
-2.9427001121495083e-09
-3.0842458965391146e-13
1.1782953231550872e-12
-1.2911169296989543e-10
2.3107621835682425e-11
1.1779840278008732e-12
-1.8062531893280386e-12
2.310764905477115e-11
6.078536991920302e-13
2.4682360041178586e-16
-2.819801406632183e-11
-2.8198308658352703e-11
-1.984997622657486e-09
-1.3823043612919572e-12
-1.0541140566784392e-09
-1.0541142795872621e-09
-1.2438970873887553e-05
-2.3040611564938943e-15
2.9595559689840667e-14
2.9487215197811206e-14
3.524031892781399e-09
-1.7921846776324371e-09
-1.1169642053138973e-09
-1.1169644527597932e-09
-7.839735162490042e-10
-1.211333393302273e-11
1.0014327494710123e-06
2.1042310934461804e-09
-1.0107474516679313e-05
4.676239139738894e-10
-7.834180836953364e-08
-1.1169642544915735e-09
-4.4459389716237475e-06
3.3627178952963724e-13
-2.014298964085831e-10
4.0981483334019873e-13
-1.1843259972106065e-09
8.527876087626915e-10
7.853933069976776e-10
8.019596362745574e-11
-6.634600872271324e-10
-1.211293612063813e-11
2.1042313164364984e-09
1.0014327497507225e-06
-1.0107474516508709e-05
4.676239421519226e-10
-1.1169646809679124e-09
-7.834180939267633e-08
-4.445938971887228e-06
3.365605763966126e-13
4.100058845516059e-13
-2.0142968848335893e-10
-1.184325879747605e-09
8.527876119167018e-10
8.019618763772443e-11
7.853928353438932e-10
-6.634603388703841e-10
4.6951460622543993e-11
-8.560719424940793e-07
-8.560719425776124e-07
1.5504226447231086e-05
-7.447805327974946e-10
7.853932496903542e-10
7.853934074426985e-10
-3.2830859275227863e-09
6.081474419274548e-13
2.3107543786080255e-11
2.3107805240417006e-11
-1.2911166137401122e-10
-1.8065802183648457e-12
1.178461733200377e-12
1.1784357006170758e-12
-3.084962736369291e-13
2.1184339182467342e-17
3.423362151829636e-16
1.2968058721752332e-16
-1.382448647211001e-12
8.222378672257181e-12
-2.819852739096086e-11
-2.819838905752283e-11
9.97576556136196e-10
8.221887985268236e-12
-2.4948525885072896e-11
-2.4948285534550417e-11
-1.7921842429202044e-09
-4.905545406205548e-07
1.0014327496646392e-06
1.0014327494957088e-06
-3.2830860768908593e-09
-2.2091782773294388e-17
-2.49487590894879e-11
1.1601213033420228e-12
4.676239212259324e-10
-1.0035772954598644e-11
2.104231131490013e-09
2.931690492543123e-14
-6.634598895207832e-10
-1.2113325391693755e-11
-6.617984080398722e-10
8.335382705855596e-14
8.527879362528068e-10
2.920754261742271e-07
-8.560719424743198e-07
-2.0142993427731147e-10
-2.9426995160791417e-09
2.527197550624004e-16
1.160183121831971e-12
-2.4948302974948277e-11
4.676239393582965e-10
-1.003604047545548e-11
2.927362666431212e-14
2.1042313072854233e-09
-6.634598366337823e-10
-1.2113075775745679e-11
8.34201691685631e-14
-6.617984709488004e-10
8.527876172176104e-10
2.920754262831365e-07
-2.0142999762033734e-10
-8.560719431863497e-07
-2.9427002371252455e-09
-1.9308671464552163e-15
8.342756122034286e-14
8.295398673423006e-14
-7.447802053322152e-10
-8.24493297003242e-13
4.1028756512519527e-13
4.102616265971045e-13
7.467571829371907e-14
-3.08651670221137e-13
1.1786292465946058e-12
1.1780764888641226e-12
-1.8065758094439194e-12
-1.2911189401457472e-10
2.3107125536578663e-11
2.3107436804159728e-11
6.079507319665556e-13
3.6972867661812523e-16
-2.8198178331524013e-11
-1.3822743604347e-12
-1.0541138885714938e-09
-2.8198256316284606e-11
-1.984998253599152e-09
-1.0541146142273316e-09
-1.2438970875286313e-05
-1.2112995379124893e-11
2.104231248530398e-09
4.676237196403603e-10
-1.1169639885334615e-09
1.0014327495219387e-06
-1.0107474515978922e-05
-7.834180859036956e-08
-4.445938972341001e-06
-1.2113578768623353e-11
1.0014327492700224e-06
4.676236085213745e-10
-7.834180917937786e-08
2.104230928540203e-09
-1.0107474516250803e-05
-1.1169644870936054e-09
-4.445938971747237e-06
4.6951875756903755e-11
-8.56071942130793e-07
-7.44780389618762e-10
7.853928794811571e-10
-8.560719426110977e-07
1.5504226447850156e-05
7.853929678335576e-10
-3.2830860639592916e-09
-1.953059849485854e-15
2.965008562049422e-14
-1.7921846267726763e-09
-1.116964550880273e-09
2.9653123152635294e-14
3.5240319680476682e-09
-1.116964781233416e-09
-7.839735196690721e-10
3.364088096628351e-13
4.1014714212413247e-13
8.527877164744122e-10
8.01963769979087e-11
-2.0142953597693113e-10
-1.1843262092571429e-09
7.853933757435804e-10
-6.63460134207191e-10
3.3660820650569175e-13
-2.0142960015464165e-10
8.527877064194726e-10
7.8539293311529e-10
4.0993281808759177e-13
-1.1843258709297454e-09
8.019611445775168e-11
-6.634598991117666e-10
6.077822628512443e-13
2.3107556643285725e-11
-1.8064936221875098e-12
1.178338865521566e-12
2.3107609790557654e-11
-1.2911183891393182e-10
1.1781827806756405e-12
-3.081615205688681e-13
3.3387396378618447e-16
-1.3823669140334853e-12
-2.8198305789150506e-11
-1.0541144527913296e-09
-2.81982389833595e-11
-1.0541146824920499e-09
-1.9849982208122235e-09
-1.2438970874391077e-05
-1.2112990589029302e-11
4.676240652396788e-10
2.1042312863005626e-09
-1.1169645299275025e-09
1.0014327496311968e-06
-7.834180858774087e-08
-1.0107474515831715e-05
-4.4459389717900845e-06
-2.094481114868966e-15
-1.7921845926265835e-09
2.963897404829462e-14
-1.1169647576198297e-09
2.978008052808973e-14
-1.1169646337940092e-09
3.5240323564317336e-09
-7.839740229766059e-10
3.363465989850147e-13
8.527877488422863e-10
4.0996204742747554e-13
8.019593710381987e-11
-2.0142973134459592e-10
7.853932818519412e-10
-1.18432595610704e-09
-6.634599638056924e-10
-1.21133556940489e-11
4.67623726074429e-10
1.001432749839672e-06
-7.834180889972862e-08
2.1042314518375767e-09
-1.1169643240397308e-09
-1.0107474516057659e-05
-4.445938971129634e-06
4.6951605306868574e-11
-7.447807525434433e-10
-8.560719425929506e-07
7.853927339423306e-10
-8.560719422602431e-07
7.853934245766654e-10
1.5504226447635568e-05
-3.2830861102675e-09
3.365239482201004e-13
8.527874805457576e-10
-2.014298105903681e-10
7.853934409171709e-10
4.0981845971398985e-13
8.01962183664963e-11
-1.1843254890891467e-09
-6.634602555060515e-10
6.082300491609205e-13
-1.8067269519366638e-12
2.3107855253865825e-11
1.1783252347568356e-12
2.310745347868222e-11
1.1783800505813845e-12
-1.291121749201435e-10
-3.0803469869518457e-13
3.356583769858484e-14
9.975767217347016e-10
9.975766900889103e-10
-1.2438970873368484e-05
9.975765860862647e-10
-1.2438970874535165e-05
-1.2438970875148629e-05
0.12501366819649343
-3.0847678081665447e-13
-6.634596946968533e-10
-6.634600010409547e-10
-7.839736894836326e-10
-3.283086172084179e-09
-4.445938971360841e-06
-4.4459389716064e-06
-1.2438970875741749e-05
-3.084822045881968e-13
-3.283085733417728e-09
-6.63460042041967e-10
-4.445938971346116e-06
-6.634599011589841e-10
-4.445938971334025e-06
-7.839743212193512e-10
-1.243897087399491e-05
6.078332136026895e-13
-2.9427001944413486e-09
7.514078980017786e-14
-6.634601373551968e-10
-2.9426998695341743e-09
-3.283085876979217e-09
-6.634598501232232e-10
9.975770950356506e-10
-3.0842026307913423e-13
-6.634600630961886e-10
-3.2830853511881617e-09
-4.445938971192818e-06
-6.634599854619334e-10
-7.83974018376476e-10
-4.445938972182659e-06
-1.2438970873886479e-05
6.07962000237716e-13
7.534320900202133e-14
-2.942699856384558e-09
-6.634599298104375e-10
-2.942700244960248e-09
-6.634597704057838e-10
-3.2830863548533335e-09
9.97577129476859e-10
6.07997106544061e-13
-2.942700176148175e-09
-2.942700134302005e-09
-3.283086029994964e-09
7.51488221735257e-14
-6.634600975554171e-10
-6.634600435945722e-10
9.975769369214463e-10
2.967925602560018e-16
6.079645911131474e-13
6.079732433123565e-13
-3.084529439646815e-13
6.079717942729774e-13
-3.083572125839354e-13
-3.0829494252722926e-13
3.369198083313392e-14
-2.2930116282473946e-16
3.2120923275040963e-16
2.1720880714150643e-16
-2.333480191680249e-15
8.22191699036699e-12
-1.2113100325690871e-11
-1.2113335233699224e-11
-3.0821407171459323e-13
8.222172288251992e-12
-1.0036028798884156e-11
-1.0035893072296215e-11
-8.244820850986388e-13
-4.905545406860394e-07
2.9207542640287527e-07
2.9207542601344346e-07
-1.2911189307989415e-10
1.306464224764903e-16
-2.4948452283232077e-11
1.1597658795423897e-12
8.309322480013037e-14
-2.494833114798911e-11
-6.617980631881678e-10
8.335088288203754e-14
1.1783137523548245e-12
-2.8198439903326026e-11
2.1042312129711067e-09
2.958851398744463e-14
4.1034930441158055e-13
1.001432749391372e-06
-8.560719422443843e-07
-2.0142967779897113e-10
2.3107555777391046e-11
3.841039050694095e-16
1.1600739588182704e-12
-2.494838065997417e-11
8.328241759560745e-14
-2.494878753396305e-11
8.304394849181548e-14
-6.617980798488543e-10
1.1779940839209287e-12
-2.8198125839233736e-11
2.956517414558065e-14
2.104231164140247e-09
4.102427231955212e-13
1.0014327494381945e-06
-2.0142993255310896e-10
-8.560719425092872e-07
2.3107663269266712e-11
-1.382469111782737e-12
4.676237168077325e-10
4.676241863320306e-10
-7.447805185609446e-10
-1.7921840192310736e-09
8.527875361545328e-10
8.52787456100232e-10
-1.806497894980431e-12
9.975768537337146e-10
-6.634598837966855e-10
-6.634599178335093e-10
7.482971032502802e-14
-3.283086173309977e-09
-2.942700073390295e-09
-2.9427005595441257e-09
6.079882264001356e-13
5.725052368325671e-17
-1.0035925483624669e-11
1.1601228222999027e-12
2.95032305460236e-14
-2.4948577633102603e-11
2.104231260552513e-09
4.676238495985537e-10
-6.634600535659678e-10
-1.0035931389782877e-11
3.8927812386225936e-11
9.976938633628489e-12
2.0971867874717147e-13
8.74211291944956e-07
-7.498900878933851e-07
-3.847184632604603e-07
-1.184325550905253e-09
-2.4948342576120234e-11
8.742112918198142e-07
3.1713179886743076e-12
-7.904931588556202e-10
-3.75721002794743e-09
-5.797708950146833e-06
-7.367098616650161e-10
7.853930298839177e-10
2.1042312921543547e-09
-7.498900874968402e-07
2.1104642429678948e-11
2.97048743123707e-11
-5.7977089505246845e-06
8.993864646697794e-06
9.174279065158343e-10
-2.014302448944432e-10
1.1598626976689435e-12
9.97682560174704e-12
3.171313273174044e-12
2.11045699705977e-11
3.1716943819181266e-12
2.1104808576026713e-11
-3.268938728518638e-09
8.019596410783154e-11
2.958838732725914e-14
2.0969867530651977e-13
2.110467732950436e-11
-5.758221271385305e-13
-7.904929149785615e-10
2.970500082903279e-11
1.6273378036709008e-09
4.102295450519874e-13
4.676239810352938e-10
-3.847184629587918e-07
-3.268938934360331e-09
1.627337446602527e-09
-7.367099781246493e-10
9.174279123328103e-10
-5.571926325048931e-10
8.527874217786837e-10
-6.634602124405657e-10
-1.1843256934654426e-09
8.019629454289096e-11
4.1001939070467415e-13
7.853929869795464e-10
-2.0143014752833728e-10
8.527878006154875e-10
3.3631230006185207e-13
1.6695179278168581e-16
1.1601669495230253e-12
-1.0035841426831051e-11
2.934842728707044e-14
-2.4948301409604343e-11
4.676238082610484e-10
2.1042311543127773e-09
-6.634599426838072e-10
-1.0035726546904084e-11
9.977184662761244e-12
3.892818841299505e-11
2.0953589044735474e-13
8.742112919325521e-07
-3.8471846411910306e-07
-7.498900875304615e-07
-1.184325648933564e-09
1.159726983731562e-12
3.171324500424833e-12
9.976946971956287e-12
2.110462786547349e-11
3.171516709459101e-12
-3.2689389221065737e-09
2.1104658366186402e-11
8.019651427622247e-11
2.919559853340512e-14
2.11048386521973e-11
2.0991859189452092e-13
-5.760796785230772e-13
-7.904927813383681e-10
1.627337871429847e-09
2.970499533784449e-11
4.099184584083334e-13
-2.4948575564888313e-11
3.1716875604442946e-12
8.742112919925348e-07
-7.904931330898897e-10
-3.757210433247577e-09
-7.367097291286905e-10
-5.797708949716977e-06
7.853929218168575e-10
2.1042311684829445e-09
2.110467510397834e-11
-7.498900873448777e-07
2.9704665810151855e-11
-5.797708950167082e-06
9.174284459327587e-10
8.993864647366228e-06
-2.014299878586543e-10
4.67624347981885e-10
-3.2689389357348065e-09
-3.8471846332411674e-07
1.6273378582948665e-09
-7.367100125803287e-10
-5.571929078582977e-10
9.174284631066356e-10
8.527875792413029e-10
-6.634602087172104e-10
8.019625692582467e-11
-1.1843255104235829e-09
4.0996789819252773e-13
7.853932939987318e-10
8.52787769918247e-10
-2.0143033810112536e-10
3.36256292786142e-13
-2.3338155929372172e-15
2.9307558375613344e-14
2.9600589468099727e-14
3.5240319290705273e-09
-1.7921841809885717e-09
-1.1169641766305725e-09
-1.1169646432358226e-09
-7.839738212705513e-10
-8.245684030915403e-13
2.0962114899232531e-13
2.0981452172066895e-13
-5.362313885869385e-13
-2.1322452417683854e-09
7.485176838212358e-10
7.485176922023569e-10
3.524032424664627e-09
8.347012025952994e-14
-7.904922622982437e-10
2.1104802559096177e-11
7.485173820838316e-10
-7.367098393350343e-10
4.483893691515975e-08
-2.618749448496741e-09
-1.116964519024515e-09
4.1022907635854003e-13
2.970495794621688e-11
-5.759226138767039e-13
2.0976465203649728e-13
1.6273375957569369e-09
-7.904926528042827e-10
2.1104775550672846e-11
2.948135844874205e-14
8.340073134302507e-14
2.1104687335362186e-11
-7.904927999695403e-10
7.485175617801598e-10
-7.367096071835015e-10
-2.6187498391899044e-09
4.483893664666978e-08
-1.1169646297176032e-09
4.1004477214284947e-13
-5.759755121100323e-13
2.9704670015303584e-11
2.0981416623718194e-13
1.6273369812277454e-09
2.1104901706071305e-11
-7.904930700850414e-10
2.937685700563521e-14
-7.447802787761297e-10
1.6273377126095195e-09
1.6273377202222893e-09
-2.1322463229615962e-09
-1.9575386967747077e-09
-7.36709531655422e-10
-7.367096956836735e-10
-1.7921846712962671e-09
7.510889169041312e-14
4.1017637950622007e-13
4.0998005707703684e-13
-8.247663762485294e-13
-7.447801382224214e-10
8.351222814097536e-14
8.312287754840048e-14
-2.1047712712487343e-15
8.222020765635853e-12
-2.4948549943854025e-11
-2.4948132509732316e-11
-1.7921845647988519e-09
-4.905545410575986e-07
1.001432749549769e-06
1.0014327492416182e-06
-3.2830862111473565e-09
-4.905545403431421e-07
8.742112922782218e-07
8.742112917585857e-07
-2.132245884030496e-09
-0.09120305633175084
0.053323166306803484
0.0533231663068018
1.5504226447584906e-05
-2.4948470858032702e-11
-3.757210199385652e-09
3.1714467273690525e-12
-7.36710017016876e-10
8.742112914446728e-07
-5.7977089506385485e-06
-7.90492434560517e-10
7.853930233972341e-10
1.0014327493963836e-06
-5.797708949751332e-06
-7.904924587223345e-10
1.6273370477268138e-09
0.05332316630680309
-0.04544223291759665
8.99386464693825e-06
-8.560719428383267e-07
-2.49485085516373e-11
3.171749740108526e-12
-3.757210068869132e-09
-7.367097615850244e-10
8.742112920798725e-07
-7.904925617052352e-10
-5.797708950549089e-06
7.853926067489463e-10
1.0014327490563715e-06
-7.904930839798359e-10
-5.7977089501948185e-06
1.6273376675325658e-09
0.053323166306802804
8.993864646579189e-06
-0.04544223291759517
-8.56071942555782e-07
-1.7921843266220067e-09
-7.367096398449749e-10
-7.367097311401373e-10
-1.9575388795826223e-09
-2.1322453697611894e-09
1.6273374598649675e-09
1.627337676220231e-09
-7.447803419067912e-10
-3.2830861483334156e-09
7.853935415137234e-10
7.853926242665119e-10
-7.447800601082925e-10
1.5504226447216863e-05
-8.560719427669093e-07
-8.56071942650238e-07
4.6951507199728576e-11
-1.2113151468300097e-11
2.1042314243505883e-09
4.676238949751503e-10
-1.1169642984648547e-09
1.0014327496843384e-06
-1.0107474515249095e-05
-7.83418091367784e-08
-4.4459389723169136e-06
2.920754261364514e-07
-7.498900876697403e-07
-3.847184636306597e-07
7.48517209664287e-10
0.05332316630680385
-0.04548403977416048
-0.022619103037046194
-1.0107474517447057e-05
-6.617982791338937e-10
-5.797708951018957e-06
-3.2689384571636476e-09
4.4838937151700655e-08
-5.797708950703455e-06
-0.022619103037046562
4.483893634185027e-08
-7.834180842630825e-08
-8.560719427483423e-07
8.993864647137609e-06
1.6273377497869222e-09
-7.90492605039884e-10
-0.04544223291759625
0.05332316630680411
-5.79770894993863e-06
1.00143274966035e-06
8.336694683738087e-14
2.1104551074681184e-11
-7.36709654406441e-10
-2.618749286594086e-09
-7.904926240029345e-10
7.485173435399169e-10
4.4838936645797826e-08
-1.1169648333530461e-09
-2.014296250208919e-10
2.970435517538621e-11
9.174283263954731e-10
2.1104980232987426e-11
8.993864647213101e-06
-7.498900875886463e-07
-5.797708950151353e-06
2.10423106315242e-09
8.527880006750522e-10
9.174273714621734e-10
-5.571932811578895e-10
-7.367097580729457e-10
1.6273378895894277e-09
-3.8471846335781356e-07
-3.2689382666363094e-09
4.676240213035323e-10
-2.942700044792437e-09
-2.014296632861536e-10
8.527873432645766e-10
8.306267316348033e-14
-8.560719428601413e-07
2.92075426384762e-07
-6.617984695407015e-10
-1.2113115144293104e-11
-1.2113008515102832e-11
4.676238665359064e-10
2.104231390001934e-09
-1.116964438810173e-09
1.0014327495910388e-06
-7.834180888667943e-08
-1.0107474516026593e-05
-4.4459389721819516e-06
2.920754260098046e-07
-3.8471846344731895e-07
-7.498900875096345e-07
7.485174932519533e-10
0.0533231663068053
-0.022619103037043835
-0.04548403977415863
-1.0107474516419132e-05
8.33230359288776e-14
-7.367094348294836e-10
2.110467231829371e-11
-2.61874912345278e-09
-7.904928146258773e-10
4.483893680455969e-08
7.485174079151567e-10
-1.116964307591879e-09
-2.014299935691039e-10
9.174277534027039e-10
2.970482175695099e-11
2.1104548057101058e-11
8.993864646875742e-06
-5.797708950090425e-06
-7.498900871480897e-07
2.104231114356167e-09
-6.617983807223062e-10
-3.2689392117577676e-09
-5.797708949859349e-06
4.483893739494882e-08
-5.797708950715127e-06
4.483893656893742e-08
-0.02261910303704413
-7.834180837442318e-08
-8.560719429050161e-07
1.6273376768702876e-09
8.993864647146533e-06
-7.904927088544607e-10
-0.045442232917596574
-5.797708950131501e-06
0.05332316630680232
1.0014327493998929e-06
8.527876597066121e-10
-5.571926943099491e-10
9.174276897096927e-10
-7.367099382851036e-10
1.6273374242362254e-09
-3.2689388092710313e-09
-3.847184629852066e-07
4.676237807653161e-10
-2.9427003142682695e-09
8.527877617540399e-10
-2.0142966254165226e-10
8.335567361704772e-14
-8.560719428228115e-07
-6.617982934267745e-10
2.920754259951002e-07
-1.2113108611875052e-11
-3.081520142018751e-13
-6.634598881622095e-10
-6.634598048363782e-10
-7.839737878256254e-10
-3.2830865396835538e-09
-4.445938971819886e-06
-4.445938971769022e-06
-1.2438970873736795e-05
-1.2911191100217164e-10
-1.184325887218545e-09
-1.1843261217207543e-09
3.5240320278100542e-09
1.5504226447079867e-05
-1.0107474515847588e-05
-1.0107474516493081e-05
-1.9849975826108745e-09
1.1782278052146165e-12
7.853935481245703e-10
8.019660690094915e-11
-1.1169640333905168e-09
7.85392932142222e-10
-7.834180833601324e-08
-1.1169643587697879e-09
-1.0541144502250483e-09
2.3107253546868082e-11
-2.0142948631989157e-10
4.097710376983673e-13
2.9413228221893134e-14
-8.560719430729751e-07
1.0014327494102458e-06
2.1042310900439344e-09
-2.8198001759996418e-11
1.1780753163374757e-12
8.019629692307642e-11
7.853931964090661e-10
-1.1169641129679244e-09
7.853931678950726e-10
-1.116964591791919e-09
-7.834180793683234e-08
-1.0541139778710837e-09
2.3107657852194192e-11
4.100555685319105e-13
-2.0142987007876255e-10
2.9451473970646375e-14
-8.560719421538918e-07
2.1042307300748264e-09
1.0014327492050023e-06
-2.819783965152221e-11
-1.8068219522520498e-12
8.527872490323391e-10
8.527876618811707e-10
-1.7921842592956775e-09
-7.447802918279532e-10
4.676236924639787e-10
4.676236210918923e-10
-1.3819692189404591e-12
6.077626408087993e-13
3.3628761635803955e-13
3.3617223256876414e-13
-2.2563679540650756e-15
4.695155655733257e-11
-1.2113296652331598e-11
-1.2112940740900792e-11
2.6776012274882626e-17
-1.1309115025538634e-17
8.22164761643108e-12
6.641654931007977e-17
-1.2113293631733185e-11
3.9419772642456544e-16
-1.2113105081684213e-11
-2.402759254984616e-15
-3.0846701656019275e-13
1.109797649647429e-16
-2.494842073189987e-11
1.1600857213356443e-12
8.284601554203067e-14
-2.494862583684282e-11
-6.617985488273084e-10
8.328233418697663e-14
1.1784062409758185e-12
8.222194987919278e-12
-4.905545408814897e-07
-1.0035666036993747e-11
2.920754260213875e-07
-1.0035793052663153e-11
2.92075426025252e-07
-8.244334358948286e-13
-1.2911185008082793e-10
-2.8198068028853287e-11
1.0014327493129875e-06
2.9520880094882103e-14
-2.0142986689181147e-10
2.1042314906332027e-09
-8.560719418918574e-07
4.0990658415134884e-13
2.3107773755314148e-11
2.7964723319910335e-16
-2.4948211418000668e-11
-2.4948431752216876e-11
-6.617986597316426e-10
1.1601726859313606e-12
8.326285984282512e-14
8.342640987390938e-14
1.1781300999926455e-12
-1.3823262242927505e-12
-1.7921844691855217e-09
4.676239293131534e-10
8.527873892200942e-10
4.676236867526601e-10
8.527874911111659e-10
-7.447804255407268e-10
-1.8063791133043333e-12
-2.8198246420544225e-11
1.0014327492782422e-06
2.104230990760083e-09
-8.560719426244284e-07
2.965287663519324e-14
-2.0142974656012684e-10
4.100534366447015e-13
2.3107550066724087e-11
9.975772170723444e-10
-3.2830861604796013e-09
-6.634598095571219e-10
-2.9426999278264614e-09
-6.63459671531924e-10
-2.9427000305481404e-09
7.497640989500013e-14
6.077035685727461e-13
8.221866229421775e-12
-4.905545409596463e-07
-2.494813802968368e-11
1.0014327496322203e-06
-2.4947966637362838e-11
1.001432749325687e-06
-1.7921843706015044e-09
-3.2830861918625947e-09
-2.4948027655960847e-11
8.74211291439284e-07
3.1715550396487933e-12
-7.904923117429814e-10
-3.757209832063283e-09
-5.797708949723157e-06
-7.367097255740416e-10
7.85393678584631e-10
-4.905545405510018e-07
-0.09120305633174883
8.742112923994041e-07
0.05332316630680415
8.742112917904474e-07
0.05332316630680289
-2.1322451750242013e-09
1.5504226447330497e-05
1.0014327495433631e-06
0.053323166306803706
-7.90492615277941e-10
8.993864647143597e-06
-5.7977089504923405e-06
-0.04544223291759529
1.627337942985292e-09
-8.560719420982475e-07
-2.4948156819207164e-11
8.742112916940762e-07
-3.757210192161078e-09
-5.797708950257135e-06
3.1717280850176544e-12
-7.904924139562551e-10
-7.36709858566613e-10
7.853929062177629e-10
-1.7921838318197837e-09
-2.132245110167078e-09
-7.367096757386523e-10
1.6273378184232842e-09
-7.36709948804256e-10
1.6273378223291848e-09
-1.9575393152902103e-09
-7.447803391608651e-10
1.00143274967183e-06
0.05332316630680445
-5.797708950260521e-06
-0.04544223291759429
-7.904927790063319e-10
8.993864646593776e-06
1.6273376988541544e-09
-8.560719424436385e-07
-3.2830859775992216e-09
1.5504226447927452e-05
7.853929514524414e-10
-8.560719427402005e-07
7.853933228937847e-10
-8.560719426031384e-07
-7.447802492287803e-10
4.69514977212856e-11
1.8746605989969985e-16
-2.4948074959341273e-11
-1.0036004999192794e-11
2.1042310490356913e-09
1.1603535721090652e-12
4.676243648468766e-10
2.988272217988453e-14
-6.634601420797506e-10
1.1601152502598403e-12
3.171604802578381e-12
9.976623270947564e-12
2.1104777535602046e-11
3.171273662033633e-12
-3.268939328986844e-09
2.1105059993215946e-11
8.019630554573299e-11
-1.003608661314581e-11
8.742112918350194e-07
3.8927683536299166e-11
-7.498900871557348e-07
9.976732468624348e-12
-3.847184630577137e-07
2.091935206334658e-13
-1.1843256653547118e-09
2.9584463231779056e-14
-7.904924421369999e-10
2.0991104951231355e-13
2.970478849160941e-11
2.110498705491142e-11
1.627337309213643e-09
-5.763981793330323e-13
4.0990478285412917e-13
-2.494813931369236e-11
-3.757210177545765e-09
8.742112924038325e-07
-5.797708949976124e-06
3.1715247917029133e-12
-7.367100463984302e-10
-7.904925499780444e-10
7.853924744530008e-10
4.676242469810754e-10
-7.367098286489737e-10
-3.847184637988698e-07
9.174275341507424e-10
-3.2689385475586083e-09
-5.571926611175813e-10
1.627338098650806e-09
8.527876471940455e-10
2.1042311094847145e-09
-5.797708950024172e-06
-7.498900879105437e-07
8.99386464719294e-06
2.1104654776636657e-11
9.174274142198282e-10
2.9704821443538047e-11
-2.014298456763195e-10
-6.63460047642285e-10
7.853934332353642e-10
-1.18432571832076e-09
-2.0143012177473724e-10
8.019655749412111e-11
8.527876825007625e-10
4.094569196457124e-13
3.362373246176152e-13
-1.2113001636857027e-11
1.0014327497618555e-06
2.104231182027802e-09
-1.010747451559352e-05
4.676239469175733e-10
-7.834180890251369e-08
-1.1169646278059177e-09
-4.445938971966263e-06
8.315291641761197e-14
-7.90492403362537e-10
2.110448778138172e-11
7.485170520538176e-10
-7.367099714994236e-10
4.483893697952571e-08
-2.6187497409684308e-09
-1.116964078005072e-09
2.9207542627453776e-07
0.053323166306806835
-7.498900873243784e-07
-0.045484039774153884
-3.8471846314220434e-07
-0.02261910303704747
7.485175818663717e-10
-1.0107474517169493e-05
-2.014299240200094e-10
8.993864647131668e-06
2.970484854394037e-11
-7.498900872130934e-07
9.174277949674108e-10
-5.797708950705363e-06
2.110450212509165e-11
2.1042313129422394e-09
-6.617982592427086e-10
-5.797708951371107e-06
-5.797708950543047e-06
-0.022619103037047505
-3.2689384639770387e-09
4.483893605311907e-08
4.4838937476455495e-08
-7.834180853285226e-08
8.527874005859881e-10
1.627337427415708e-09
9.174276963998399e-10
-3.8471846343522104e-07
-5.571924725944532e-10
-3.268938895483844e-09
-7.367100927575314e-10
4.676237639672991e-10
-8.560719424251993e-07
-0.04544223291759385
8.993864646870424e-06
0.053323166306803636
1.627337929012571e-09
-5.797708950516127e-06
-7.904931671974442e-10
1.0014327493526164e-06
-2.942700022597338e-09
-8.560719424349969e-07
-2.0142988279546252e-10
2.920754258601804e-07
8.527875493874335e-10
-6.617982275424404e-10
8.319523476883163e-14
-1.211325765984837e-11
2.65308692699723e-16
-2.4947858767010425e-11
1.1598321261372125e-12
4.676237746216827e-10
-1.0036147071364142e-11
2.1042309000722622e-09
2.916294027911855e-14
-6.634599572235327e-10
-2.4948456406928645e-11
-3.757209769612602e-09
3.17110787024928e-12
-7.367099223449854e-10
8.742112917784893e-07
-5.7977089500244454e-06
-7.904932319485328e-10
7.853930408476544e-10
-1.0035920280698153e-11
8.742112916479562e-07
9.976732399897074e-12
-3.8471846368442856e-07
3.892801559209152e-11
-7.498900877673954e-07
2.0963198935933066e-13
-1.1843258979837933e-09
2.104230898701143e-09
-5.797708950926907e-06
2.1104865289665933e-11
9.174278827927408e-10
-7.498900870676577e-07
8.993864647217916e-06
2.9704724537977776e-11
-2.014294452301041e-10
1.159905295371855e-12
3.1714427575504404e-12
3.171488598301483e-12
-3.268939174706752e-09
9.977075865945461e-12
2.1104556907164354e-11
2.1104860901958394e-11
8.019651860612945e-11
4.676238817303308e-10
-7.367100721098295e-10
-3.268938711406153e-09
-5.571922153556018e-10
-3.8471846369242006e-07
9.174277979547615e-10
1.6273378567826914e-09
8.527872191172566e-10
2.937849217981695e-14
-7.904924108737802e-10
2.110458433454678e-11
1.6273375313441427e-09
2.0985188084038054e-13
2.9704630546736964e-11
-5.76047459723913e-13
4.1001792782604133e-13
-6.634600106842321e-10
7.853929816013281e-10
8.019622887963163e-11
8.52787707065539e-10
-1.1843257256703855e-09
-2.0143014405421347e-10
4.1024293497525616e-13
3.363751167557194e-13
-1.2113505037942398e-11
1.0014327493234748e-06
4.676239132733724e-10
-7.834180853823013e-08
2.1042312032815713e-09
-1.0107474515889467e-05
-1.1169647271273879e-09
-4.445938971462293e-06
-6.617980966088455e-10
-5.797708950965786e-06
-3.268939068288795e-09
4.483893750505703e-08
-5.79770895056292e-06
-0.022619103037045726
4.483893689339192e-08
-7.83418086766875e-08
2.920754262405206e-07
0.05332316630680497
-3.8471846358338923e-07
-0.022619103037044588
-7.498900871092761e-07
-0.045484039774155785
7.485170615480813e-10
-1.010747451661624e-05
-8.560719422156269e-07
-0.04544223291759669
1.6273370786648748e-09
-5.797708949855946e-06
8.993864646193912e-06
0.05332316630680582
-7.904923974783361e-10
1.0014327492953428e-06
8.336118358216129e-14
-7.904932397308156e-10
-7.367094038298042e-10
4.4838937355632896e-08
2.1104601383369208e-11
7.485176480855159e-10
-2.6187495794210365e-09
-1.1169646758596424e-09
8.527876140444052e-10
1.6273376284736606e-09
-5.571923119976116e-10
-3.2689387032325868e-09
9.174279742103092e-10
-3.8471846337625897e-07
-7.367096090565326e-10
4.67624076726154e-10
-2.0143018522403548e-10
8.993864647549667e-06
9.174282902512036e-10
-5.797708950113174e-06
2.970492644925355e-11
-7.49890087430637e-07
2.110433437333855e-11
2.1042314295735125e-09
-2.9427001643544567e-09
-8.560719427866097e-07
8.52787675377079e-10
-6.617986626087458e-10
-2.0142989713516822e-10
2.9207542649443297e-07
8.309521381286356e-14
-1.2112942225596585e-11
-2.3273803109739114e-15
-1.7921848980132538e-09
2.970273850874325e-14
-1.116964447342929e-09
2.921725765756681e-14
-1.116964843654154e-09
3.524031968791394e-09
-7.839739321311934e-10
8.330413543644943e-14
-7.367102989330141e-10
2.1104531566441417e-11
-2.6187490687499577e-09
-7.904934443112789e-10
4.483893711302604e-08
7.48516660474662e-10
-1.1169644718259149e-09
-8.241733665874613e-13
-2.1322449508919257e-09
2.097136635339183e-13
7.485175854937801e-10
2.0985013285008086e-13
7.485175165398539e-10
-5.36137039649431e-13
3.524032108240876e-09
4.102841624151103e-13
1.6273375301328939e-09
-5.756930043374631e-13
2.11050680657354e-11
2.970469935121673e-11
-7.904920214828779e-10
2.094119559435839e-13
2.9485231564351195e-14
8.318054931731428e-14
-7.367096318203339e-10
-7.904929120163816e-10
4.483893710908348e-08
2.1104762264139245e-11
-2.618749547640309e-09
7.485179408716286e-10
-1.1169640565018343e-09
-7.447805088982304e-10
-1.9575385599221466e-09
1.6273374290394177e-09
-7.36709775936555e-10
1.6273378431306712e-09
-7.367098209384495e-10
-2.132245647261262e-09
-1.7921846240742847e-09
4.100689212773308e-13
1.6273371108943636e-09
2.970483656985141e-11
-7.90492798824902e-10
-5.758862992584789e-13
2.110457124936063e-11
2.0970405472263177e-13
2.989508594979673e-14
7.513570768178618e-14
-7.447804595972377e-10
4.1019479081911646e-13
8.3203208019175e-14
4.0988919288096046e-13
8.330392708949073e-14
-8.245478927718042e-13
-2.3840156635801612e-15
-3.0815823112614673e-13
-3.2830862168853364e-09
-6.634597744315009e-10
-4.4459389719959635e-06
-6.634603980603433e-10
-4.445938970880372e-06
-7.83973986852915e-10
-1.2438970875142862e-05
1.1781225121095088e-12
7.853928700256625e-10
8.019630325159282e-11
-1.116964462814376e-09
7.853927769090611e-10
-7.834180841627766e-08
-1.1169648081897028e-09
-1.054114001952369e-09
-1.2911190335070824e-10
1.5504226447306804e-05
-1.184326066444498e-09
-1.0107474516542357e-05
-1.1843256821317664e-09
-1.0107474516752915e-05
3.5240319625507383e-09
-1.984997531147183e-09
2.3107801100641907e-11
-8.560719425862842e-07
4.1014373116255225e-13
2.1042310678712907e-09
-2.0143018546909252e-10
1.0014327491243709e-06
2.954693593733638e-14
-2.819853798736715e-11
1.1788620717729393e-12
7.853934378231679e-10
7.853929320647824e-10
-7.83418092128249e-08
8.019637838227292e-11
-1.1169644751602123e-09
-1.1169643973968955e-09
-1.054114349096125e-09
-1.8063372643961334e-12
-7.447804231889053e-10
8.527874857698835e-10
4.676237586106755e-10
8.527873386247146e-10
4.676237494855697e-10
-1.7921844471377335e-09
-1.3823610687956385e-12
2.3107780906044105e-11
-8.560719422396584e-07
-2.0143010209080354e-10
1.0014327489741e-06
4.100705107940567e-13
2.10423131136448e-09
2.976204783726417e-14
-2.8198344549413318e-11
6.076454759373009e-13
4.6951792936005506e-11
3.3629972296668634e-13
-1.2113267122440919e-11
3.3622945662909905e-13
-1.2113198161721392e-11
-2.1686643335160095e-15
4.1376124180486964e-16
1.375104653646391e-16
-1.2113012846133276e-11
-2.269359035870448e-15
3.3637493139984215e-13
-1.2113187658134787e-11
4.6951554648839176e-11
3.365615752128987e-13
6.076919828352277e-13
-2.8198322321274314e-11
2.1042312906268445e-09
2.9795302428440856e-14
4.0986858249525865e-13
1.0014327493908544e-06
-8.560719424423936e-07
-2.0142971936412467e-10
2.3107518387273665e-11
-2.8198114012653673e-11
1.001432749536878e-06
2.958208838220025e-14
-2.0143020062049404e-10
2.104231211074277e-09
-8.56071942573338e-07
4.100961042514493e-13
2.3107231695813842e-11
-1.984997237063092e-09
-1.0107474516311001e-05
3.5240325546612602e-09
-1.1843255097950123e-09
-1.0107474516248797e-05
1.550422644737273e-05
-1.184325645853853e-09
-1.2911172020366995e-10
-1.3825066319519993e-12
4.676239566183064e-10
-1.7921845892844347e-09
8.527873157633361e-10
4.676237153963059e-10
-7.447808054859796e-10
8.527874894840164e-10
-1.8067489138562686e-12
-1.0541146619583773e-09
-1.1169648959497217e-09
-1.1169643612091817e-09
8.019639578155129e-11
-7.834180892190597e-08
7.853931263039159e-10
7.853930783361278e-10
1.1785858439368394e-12
-1.0541141710766146e-09
-7.834180765114001e-08
-1.116964507681924e-09
7.85392926026599e-10
-1.1169646681571997e-09
7.853927505761325e-10
8.019638680546486e-11
1.178344999500596e-12
-1.2438970874708294e-05
-4.445938971932084e-06
-7.839738442218301e-10
-6.634601005635952e-10
-4.445938971338361e-06
-3.2830861240857893e-09
-6.634597048606286e-10
-3.0868105194423734e-13
-1.2113270365990484e-11
2.920754261254619e-07
8.299483693365108e-14
-2.0142991905082821e-10
-6.617984297343678e-10
-8.560719422573838e-07
8.527875730244732e-10
-2.9426997695447436e-09
2.1042313311653033e-09
-7.498900868700551e-07
2.1104809027114904e-11
2.9704869869075467e-11
-5.797708949638731e-06
8.9938646473453e-06
9.174273048178203e-10
-2.0143012650734418e-10
1.0014327492399921e-06
0.05332316630680288
-7.904927110301821e-10
8.993864646812387e-06
-5.79770894975736e-06
-0.045442232917594944
1.6273371976252832e-09
-8.560719426632709e-07
-1.0107474516349523e-05
-0.04548403977415615
7.485172817329556e-10
-7.498900874529204e-07
-0.02261910303704495
0.053323166306805406
-3.847184634341033e-07
2.92075426081503e-07
4.676235321329159e-10
-3.847184635558687e-07
-7.367096521363565e-10
9.174274575147763e-10
-3.2689389658202587e-09
1.6273373519329903e-09
-5.571924589891954e-10
8.527872443251001e-10
-1.1169640937095885e-09
7.485179366916552e-10
-2.618749561243358e-09
2.1105013835656615e-11
4.483893721792124e-08
-7.90493105201399e-10
-7.367097115912669e-10
8.336076454104385e-14
-7.834180826976665e-08
-0.02261910303704279
4.483893701420412e-08
-5.7977089511021254e-06
4.4838937187741615e-08
-5.797708950319351e-06
-3.268939212772229e-09
-6.617982308968612e-10
-4.445938971612717e-06
-1.0107474516639459e-05
-1.1169644792501415e-09
2.1042310474078408e-09
-7.834180906577389e-08
1.0014327496280296e-06
4.676240189015071e-10
-1.2113426584267852e-11
-2.2100528596298305e-15
8.325996267228796e-14
-8.246613224903007e-13
4.1052440009066344e-13
8.272705835467381e-14
-7.447808318419164e-10
4.100313344075365e-13
7.527844361309332e-14
2.945942111390575e-14
2.1104732865884243e-11
2.0956721791686577e-13
-5.760908065015328e-13
-7.904933484089158e-10
1.6273381427948748e-09
2.9704693546624245e-11
4.09737477758183e-13
2.9466750929885226e-14
-7.904918943570651e-10
2.094332325437158e-13
2.970479631729436e-11
2.1104698689725598e-11
1.6273374245075116e-09
-5.757744989853433e-13
4.100061810134089e-13
3.5240319215294174e-09
7.485169260104377e-10
-5.360639790855073e-13
2.0950000933235837e-13
7.48517409186287e-10
-2.1322457548708405e-09
2.0970049325344544e-13
-8.245775249862807e-13
-1.7921849460278134e-09
-7.367101473521354e-10
-2.1322459938329904e-09
1.6273371189409272e-09
-7.36709360673335e-10
-1.957538648079872e-09
1.6273372218589618e-09
-7.447805045119988e-10
-1.1169639026713664e-09
-2.6187494419307126e-09
7.485174088774081e-10
2.1105056958073722e-11
4.4838936648023994e-08
-7.367102965544187e-10
-7.904929513144747e-10
8.358047989626181e-14
-1.1169637982642117e-09
4.483893678314372e-08
7.485173861710106e-10
-7.904925938060413e-10
-2.6187494634232704e-09
-7.367091661801928e-10
2.1104662424760114e-11
8.287424082659013e-14
-7.839741687714877e-10
-1.116964214086399e-09
3.5240319873534177e-09
2.9375439279607864e-14
-1.1169643905824315e-09
-1.7921843924416935e-09
2.954900323775103e-14
-2.3546045257969637e-15
3.36071494760521e-13
-2.014302580948087e-10
4.103915600929862e-13
-1.1843257095688244e-09
8.527876672104871e-10
7.853934240566302e-10
8.01960157172086e-11
-6.634598976105833e-10
4.10066847142699e-13
2.970480530948279e-11
-5.762158361815416e-13
2.0961369441503394e-13
1.6273376252234285e-09
-7.904924035021331e-10
2.1104472620696172e-11
2.920134668651338e-14
-2.014301675210389e-10
8.993864646817291e-06
2.9705214511816896e-11
-7.498900873451717e-07
9.174278405410724e-10
-5.797708950219389e-06
2.110463829615202e-11
2.1042311704370884e-09
-1.184325630676606e-09
-7.498900874895732e-07
2.0963536741723526e-13
3.8928245429595744e-11
-3.8471846317046417e-07
8.742112919710987e-07
9.977051421731047e-12
-1.003602752852658e-11
8.527879368294119e-10
9.174273407766892e-10
1.6273376131944425e-09
-3.8471846333033856e-07
-5.571928178458104e-10
-7.367095627540624e-10
-3.268938550496661e-09
4.676237593918152e-10
8.019669531375086e-11
2.1104756590229074e-11
2.1104984297466877e-11
9.977159216545056e-12
-3.2689386496047777e-09
3.1715671037491217e-12
3.1712618064115034e-12
1.1599229808274334e-12
7.853931421974664e-10
-5.7977089503641065e-06
-7.904928376440237e-10
8.742112920228096e-07
-7.367096194839125e-10
-3.757209926112218e-09
3.1716739266626724e-12
-2.494853633066646e-11
-6.634595841357302e-10
2.104230902579334e-09
2.945023519230082e-14
-1.0035858485389837e-11
4.676239156373402e-10
-2.4948331347318645e-11
1.1601023099437e-12
3.179408130523494e-17
-1.2113237059456807e-11
-6.617983329789069e-10
8.328372267370746e-14
8.527876706552605e-10
2.920754260492722e-07
-8.56071942283834e-07
-2.0142963320177899e-10
-2.942699995584035e-09
1.0014327491243975e-06
-5.7977089497919705e-06
-7.904924301562821e-10
1.6273373071741208e-09
0.05332316630680223
-0.045442232917593944
8.993864647457555e-06
-8.560719429676867e-07
2.104231292354691e-09
-5.797708950600491e-06
2.1104993203606327e-11
9.174279788061945e-10
-7.498900873806229e-07
8.99386464724909e-06
2.970498452236523e-11
-2.014298741262005e-10
-1.0107474517037622e-05
-0.02261910303704698
7.485172723286386e-10
-3.8471846312666663e-07
-0.045484039774157395
0.053323166306806745
-7.4989008732761e-07
2.920754259524e-07
4.676238107555505e-10
-3.2689384890401766e-09
-7.367096446538137e-10
-5.571928706676693e-10
-3.847184635895678e-07
1.6273371117244392e-09
9.174278059118897e-10
8.527874358044565e-10
-7.834180854946141e-08
4.4838936398049913e-08
4.483893688687763e-08
-3.268939010158971e-09
-0.02261910303704537
-5.797708950885335e-06
-5.797708950926978e-06
-6.617984403926539e-10
-1.1169642257730869e-09
4.483893685435528e-08
-2.618749839312447e-09
-7.367098131388207e-10
7.485171203018959e-10
-7.904924277243247e-10
2.1104606601706438e-11
8.311088775117379e-14
-4.4459389710221636e-06
-7.834180881269375e-08
-1.1169641990836753e-09
4.676241389308757e-10
-1.0107474515869912e-05
1.0014327500276229e-06
2.104231250645163e-09
-1.2113336246315208e-11
4.695204993467118e-11
-8.560719420753998e-07
-7.447804042247911e-10
7.853928293159154e-10
-8.560719419095385e-07
1.5504226446866198e-05
7.853930232206891e-10
-3.2830860209719386e-09
-8.560719425928424e-07
8.993864647056263e-06
1.6273375492074178e-09
-7.904922634795325e-10
-0.04544223291759331
0.0533231663068022
-5.7977089505977105e-06
1.0014327496316845e-06
-8.560719431278036e-07
-0.04544223291759389
1.6273376828172416e-09
-5.797708949887616e-06
8.993864646628937e-06
0.05332316630680276
-7.904925252571257e-10
1.0014327492172751e-06
1.5504226447121328e-05
0.053323166306804656
-2.1322451919553175e-09
8.742112922937273e-07
0.053323166306803366
-0.09120305633175403
8.742112921532649e-07
-4.905545408724851e-07
-7.447807822580027e-10
1.6273377687315168e-09
-1.957539081954959e-09
-7.367101409604381e-10
1.6273376450928947e-09
-2.1322451467264853e-09
-7.367097314500112e-10
-1.7921843235440606e-09
7.853927040403316e-10
-7.904927208464807e-10
-7.367101719315517e-10
3.171505297531314e-12
-5.797708950194659e-06
8.742112918261346e-07
-3.757210354315417e-09
-2.4948443875919986e-11
7.853929514729684e-10
-5.797708950180525e-06
-7.367095261738548e-10
-3.7572094838457615e-09
-7.904928456312446e-10
8.742112915482861e-07
3.17166628449435e-12
-2.4948465803037e-11
-3.2830857402993816e-09
1.0014327494918828e-06
-1.7921846154153395e-09
-2.4948494289083696e-11
1.0014327501329779e-06
-4.90554541054036e-07
-2.494852023513936e-11
8.221588009416832e-12
3.3622278977740064e-13
8.527874274661404e-10
4.1028456222443713e-13
8.019635045165926e-11
-2.0142977983426193e-10
7.853933233961114e-10
-1.1843259872484709e-09
-6.634600027456013e-10
-2.0143006367716602e-10
9.174278578704787e-10
2.970471957848863e-11
2.110479790885222e-11
8.993864647056234e-06
-5.797708950365777e-06
-7.498900875792292e-07
2.10423115934426e-09
4.1017767223422736e-13
1.6273374369740776e-09
-5.759536254620051e-13
2.1104756733863863e-11
2.970464611026339e-11
-7.904922269596473e-10
2.0975533856820207e-13
2.953494795117187e-14
-1.1843255528681876e-09
-3.8471846335126997e-07
2.0941940586290806e-13
9.977057069154294e-12
-7.498900874406056e-07
8.742112924619559e-07
3.892785389973019e-11
-1.0036265047737864e-11
8.5278743902321e-10
-5.571922168375524e-10
1.6273380047891486e-09
-3.2689388091712146e-09
9.174276773958986e-10
-7.367100389059445e-10
-3.84718463513387e-07
4.676237998924963e-10
7.853933161250292e-10
-7.367097769182385e-10
-7.904929137484921e-10
3.1711600395204803e-12
-5.797708950775903e-06
-3.757210274385459e-09
8.742112920686853e-07
-2.4948211878379887e-11
8.01964436794549e-11
-3.2689392310663096e-09
2.1105160998099117e-11
3.1714585712412076e-12
2.110443574539238e-11
3.1714685130909284e-12
9.97676649295518e-12
1.1598629182923823e-12
-6.634597418144879e-10
4.676238196691123e-10
2.960061100835116e-14
1.1598618130392451e-12
2.1042310721373763e-09
-2.494846514097888e-11
-1.0036058436513978e-11
8.858316547282104e-17
6.076328350296148e-13
-2.9427002262274147e-09
7.497626178860259e-14
-6.634600815430466e-10
-2.94270039993008e-09
-3.283086107232733e-09
-6.63460059835226e-10
9.975764808299064e-10
2.310763023658453e-11
-2.0142970941322635e-10
4.101995295045969e-13
2.939583880681901e-14
-8.560719424996774e-07
1.0014327494518022e-06
2.1042314085881625e-09
-2.819834739460622e-11
2.310737807288338e-11
-8.560719425080112e-07
4.100919823949362e-13
2.1042312490935224e-09
-2.0142994660734845e-10
1.001432749104307e-06
2.930879287938426e-14
-2.8198378513832542e-11
-1.2911186520924143e-10
2.9207542630482655e-07
-8.247047145997499e-13
-1.0035964923123007e-11
2.9207542620535026e-07
-4.9055454101568e-07
-1.0036042627977576e-11
8.222438329360225e-12
-1.8067190051261978e-12
8.527875825232088e-10
-7.447803064095591e-10
4.67623783192584e-10
8.527875626032942e-10
-1.7921843581110742e-09
4.676237319926551e-10
-1.3828293455607633e-12
1.1783642290626261e-12
8.344342356649287e-14
8.295495546884363e-14
1.1599540410660881e-12
-6.617984928424017e-10
-2.4948203239979473e-11
-2.494862693872019e-11
2.933000139554723e-16
1.1784744790131066e-12
-6.61798031040378e-10
8.324322269521974e-14
-2.4948301923847595e-11
8.302132281026834e-14
-2.494816703032517e-11
1.1599258110487462e-12
1.802711217977727e-16
-3.084100327275847e-13
-1.2113129736498165e-11
-2.458228413267834e-15
6.616761980637475e-17
-1.2113025410564663e-11
8.22181823594942e-12
1.8098704628413578e-16
-2.436283358290483e-18
-2.436283358290483e-18
1.8098704628413578e-16
8.22181823594942e-12
-1.2113025410564663e-11
6.616761980637475e-17
-2.458228413267834e-15
-1.2113129736498165e-11
-3.084100327275847e-13
1.802711217977727e-16
1.1599258110487462e-12
-2.494816703032517e-11
8.302132281026834e-14
-2.4948301923847595e-11
8.324322269521974e-14
-6.61798031040378e-10
1.1784744790131066e-12
2.933000139554723e-16
-2.494862693872019e-11
-2.4948203239979473e-11
-6.617984928424017e-10
1.1599540410660881e-12
8.295495546884363e-14
8.344342356649287e-14
1.1783642290626261e-12
-1.3828293455607633e-12
4.676237319926551e-10
-1.7921843581110742e-09
8.527875626032942e-10
4.67623783192584e-10
-7.447803064095591e-10
8.527875825232088e-10
-1.8067190051261978e-12
8.222438329360225e-12
-1.0036042627977576e-11
-4.9055454101568e-07
2.9207542620535026e-07
-1.0035964923123007e-11
-8.247047145997499e-13
2.9207542630482655e-07
-1.2911186520924143e-10
-2.8198378513832542e-11
2.930879287938426e-14
1.001432749104307e-06
-2.0142994660734845e-10
2.1042312490935224e-09
4.100919823949362e-13
-8.560719425080112e-07
2.310737807288338e-11
-2.819834739460622e-11
2.1042314085881625e-09
1.0014327494518022e-06
-8.560719424996774e-07
2.939583880681901e-14
4.101995295045969e-13
-2.0142970941322635e-10
2.310763023658453e-11
9.975764808299064e-10
-6.63460059835226e-10
-3.283086107232733e-09
-2.94270039993008e-09
-6.634600815430466e-10
7.497626178860259e-14
-2.9427002262274147e-09
6.076328350296148e-13
8.858316547282104e-17
-1.0036058436513978e-11
-2.494846514097888e-11
2.1042310721373763e-09
1.1598618130392451e-12
2.960061100835116e-14
4.676238196691123e-10
-6.634597418144879e-10
1.1598629182923823e-12
9.97676649295518e-12
3.1714685130909284e-12
2.110443574539238e-11
3.1714585712412076e-12
2.1105160998099117e-11
-3.2689392310663096e-09
8.01964436794549e-11
-2.4948211878379887e-11
8.742112920686853e-07
-3.757210274385459e-09
-5.797708950775903e-06
3.1711600395204803e-12
-7.904929137484921e-10
-7.367097769182385e-10
7.853933161250292e-10
4.676237998924963e-10
-3.84718463513387e-07
-7.367100389059445e-10
9.174276773958986e-10
-3.2689388091712146e-09
1.6273380047891486e-09
-5.571922168375524e-10
8.5278743902321e-10
-1.0036265047737864e-11
3.892785389973019e-11
8.742112924619559e-07
-7.498900874406056e-07
9.977057069154294e-12
2.0941940586290806e-13
-3.8471846335126997e-07
-1.1843255528681876e-09
2.953494795117187e-14
2.0975533856820207e-13
-7.904922269596473e-10
2.970464611026339e-11
2.1104756733863863e-11
-5.759536254620051e-13
1.6273374369740776e-09
4.1017767223422736e-13
2.10423115934426e-09
-7.498900875792292e-07
-5.797708950365777e-06
8.993864647056234e-06
2.110479790885222e-11
2.970471957848863e-11
9.174278578704787e-10
-2.0143006367716602e-10
-6.634600027456013e-10
-1.1843259872484709e-09
7.853933233961114e-10
-2.0142977983426193e-10
8.019635045165926e-11
4.1028456222443713e-13
8.527874274661404e-10
3.3622278977740064e-13
8.221588009416832e-12
-2.494852023513936e-11
-4.90554541054036e-07
1.0014327501329779e-06
-2.4948494289083696e-11
-1.7921846154153395e-09
1.0014327494918828e-06
-3.2830857402993816e-09
-2.4948465803037e-11
3.17166628449435e-12
8.742112915482861e-07
-7.904928456312446e-10
-3.7572094838457615e-09
-7.367095261738548e-10
-5.797708950180525e-06
7.853929514729684e-10
-2.4948443875919986e-11
-3.757210354315417e-09
8.742112918261346e-07
-5.797708950194659e-06
3.171505297531314e-12
-7.367101719315517e-10
-7.904927208464807e-10
7.853927040403316e-10
-1.7921843235440606e-09
-7.367097314500112e-10
-2.1322451467264853e-09
1.6273376450928947e-09
-7.367101409604381e-10
-1.957539081954959e-09
1.6273377687315168e-09
-7.447807822580027e-10
-4.905545408724851e-07
8.742112921532649e-07
-0.09120305633175403
0.053323166306803366
8.742112922937273e-07
-2.1322451919553175e-09
0.053323166306804656
1.5504226447121328e-05
1.0014327492172751e-06
-7.904925252571257e-10
0.05332316630680276
8.993864646628937e-06
-5.797708949887616e-06
1.6273376828172416e-09
-0.04544223291759389
-8.560719431278036e-07
1.0014327496316845e-06
-5.7977089505977105e-06
0.0533231663068022
-0.04544223291759331
-7.904922634795325e-10
1.6273375492074178e-09
8.993864647056263e-06
-8.560719425928424e-07
-3.2830860209719386e-09
7.853930232206891e-10
1.5504226446866198e-05
-8.560719419095385e-07
7.853928293159154e-10
-7.447804042247911e-10
-8.560719420753998e-07
4.695204993467118e-11
-1.2113336246315208e-11
2.104231250645163e-09
1.0014327500276229e-06
-1.0107474515869912e-05
4.676241389308757e-10
-1.1169641990836753e-09
-7.834180881269375e-08
-4.4459389710221636e-06
8.311088775117379e-14
2.1104606601706438e-11
-7.904924277243247e-10
7.485171203018959e-10
-7.367098131388207e-10
-2.618749839312447e-09
4.483893685435528e-08
-1.1169642257730869e-09
-6.617984403926539e-10
-5.797708950926978e-06
-5.797708950885335e-06
-0.02261910303704537
-3.268939010158971e-09
4.483893688687763e-08
4.4838936398049913e-08
-7.834180854946141e-08
8.527874358044565e-10
9.174278059118897e-10
1.6273371117244392e-09
-3.847184635895678e-07
-5.571928706676693e-10
-7.367096446538137e-10
-3.2689384890401766e-09
4.676238107555505e-10
2.920754259524e-07
-7.4989008732761e-07
0.053323166306806745
-0.045484039774157395
-3.8471846312666663e-07
7.485172723286386e-10
-0.02261910303704698
-1.0107474517037622e-05
-2.014298741262005e-10
2.970498452236523e-11
8.99386464724909e-06
-7.498900873806229e-07
9.174279788061945e-10
2.1104993203606327e-11
-5.797708950600491e-06
2.104231292354691e-09
-8.560719429676867e-07
8.993864647457555e-06
-0.045442232917593944
0.05332316630680223
1.6273373071741208e-09
-7.904924301562821e-10
-5.7977089497919705e-06
1.0014327491243975e-06
-2.942699995584035e-09
-2.0142963320177899e-10
-8.56071942283834e-07
2.920754260492722e-07
8.527876706552605e-10
8.328372267370746e-14
-6.617983329789069e-10
-1.2113237059456807e-11
3.179408130523494e-17
1.1601023099437e-12
-2.4948331347318645e-11
4.676239156373402e-10
-1.0035858485389837e-11
2.945023519230082e-14
2.104230902579334e-09
-6.634595841357302e-10
-2.494853633066646e-11
3.1716739266626724e-12
-3.757209926112218e-09
-7.367096194839125e-10
8.742112920228096e-07
-7.904928376440237e-10
-5.7977089503641065e-06
7.853931421974664e-10
1.1599229808274334e-12
3.1712618064115034e-12
3.1715671037491217e-12
-3.2689386496047777e-09
9.977159216545056e-12
2.1104984297466877e-11
2.1104756590229074e-11
8.019669531375086e-11
4.676237593918152e-10
-3.268938550496661e-09
-7.367095627540624e-10
-5.571928178458104e-10
-3.8471846333033856e-07
1.6273376131944425e-09
9.174273407766892e-10
8.527879368294119e-10
-1.003602752852658e-11
9.977051421731047e-12
8.742112919710987e-07
-3.8471846317046417e-07
3.8928245429595744e-11
2.0963536741723526e-13
-7.498900874895732e-07
-1.184325630676606e-09
2.1042311704370884e-09
2.110463829615202e-11
-5.797708950219389e-06
9.174278405410724e-10
-7.498900873451717e-07
2.9705214511816896e-11
8.993864646817291e-06
-2.014301675210389e-10
2.920134668651338e-14
2.1104472620696172e-11
-7.904924035021331e-10
1.6273376252234285e-09
2.0961369441503394e-13
-5.762158361815416e-13
2.970480530948279e-11
4.10066847142699e-13
-6.634598976105833e-10
8.01960157172086e-11
7.853934240566302e-10
8.527876672104871e-10
-1.1843257095688244e-09
4.103915600929862e-13
-2.014302580948087e-10
3.36071494760521e-13
-2.3546045257969637e-15
2.954900323775103e-14
-1.7921843924416935e-09
-1.1169643905824315e-09
2.9375439279607864e-14
3.5240319873534177e-09
-1.116964214086399e-09
-7.839741687714877e-10
8.287424082659013e-14
2.1104662424760114e-11
-7.367091661801928e-10
-2.6187494634232704e-09
-7.904925938060413e-10
7.485173861710106e-10
4.483893678314372e-08
-1.1169637982642117e-09
8.358047989626181e-14
-7.904929513144747e-10
-7.367102965544187e-10
4.4838936648023994e-08
2.1105056958073722e-11
7.485174088774081e-10
-2.6187494419307126e-09
-1.1169639026713664e-09
-7.447805045119988e-10
1.6273372218589618e-09
-1.957538648079872e-09
-7.36709360673335e-10
1.6273371189409272e-09
-2.1322459938329904e-09
-7.367101473521354e-10
-1.7921849460278134e-09
-8.245775249862807e-13
2.0970049325344544e-13
-2.1322457548708405e-09
7.48517409186287e-10
2.0950000933235837e-13
-5.360639790855073e-13
7.485169260104377e-10
3.5240319215294174e-09
4.100061810134089e-13
-5.757744989853433e-13
1.6273374245075116e-09
2.1104698689725598e-11
2.970479631729436e-11
2.094332325437158e-13
-7.904918943570651e-10
2.9466750929885226e-14
4.09737477758183e-13
2.9704693546624245e-11
1.6273381427948748e-09
-7.904933484089158e-10
-5.760908065015328e-13
2.0956721791686577e-13
2.1104732865884243e-11
2.945942111390575e-14
7.527844361309332e-14
4.100313344075365e-13
-7.447808318419164e-10
8.272705835467381e-14
4.1052440009066344e-13
-8.246613224903007e-13
8.325996267228796e-14
-2.2100528596298305e-15
-1.2113426584267852e-11
4.676240189015071e-10
1.0014327496280296e-06
-7.834180906577389e-08
2.1042310474078408e-09
-1.1169644792501415e-09
-1.0107474516639459e-05
-4.445938971612717e-06
-6.617982308968612e-10
-3.268939212772229e-09
-5.797708950319351e-06
4.4838937187741615e-08
-5.7977089511021254e-06
4.483893701420412e-08
-0.02261910303704279
-7.834180826976665e-08
8.336076454104385e-14
-7.367097115912669e-10
-7.90493105201399e-10
4.483893721792124e-08
2.1105013835656615e-11
-2.618749561243358e-09
7.485179366916552e-10
-1.1169640937095885e-09
8.527872443251001e-10
-5.571924589891954e-10
1.6273373519329903e-09
-3.2689389658202587e-09
9.174274575147763e-10
-7.367096521363565e-10
-3.847184635558687e-07
4.676235321329159e-10
2.92075426081503e-07
-3.847184634341033e-07
0.053323166306805406
-0.02261910303704495
-7.498900874529204e-07
7.485172817329556e-10
-0.04548403977415615
-1.0107474516349523e-05
-8.560719426632709e-07
1.6273371976252832e-09
-0.045442232917594944
-5.79770894975736e-06
8.993864646812387e-06
-7.904927110301821e-10
0.05332316630680288
1.0014327492399921e-06
-2.0143012650734418e-10
9.174273048178203e-10
8.9938646473453e-06
-5.797708949638731e-06
2.9704869869075467e-11
2.1104809027114904e-11
-7.498900868700551e-07
2.1042313311653033e-09
-2.9426997695447436e-09
8.527875730244732e-10
-8.560719422573838e-07
-6.617984297343678e-10
-2.0142991905082821e-10
8.299483693365108e-14
2.920754261254619e-07
-1.2113270365990484e-11
-3.0868105194423734e-13
-6.634597048606286e-10
-3.2830861240857893e-09
-4.445938971338361e-06
-6.634601005635952e-10
-7.839738442218301e-10
-4.445938971932084e-06
-1.2438970874708294e-05
1.178344999500596e-12
8.019638680546486e-11
7.853927505761325e-10
-1.1169646681571997e-09
7.85392926026599e-10
-1.116964507681924e-09
-7.834180765114001e-08
-1.0541141710766146e-09
1.1785858439368394e-12
7.853930783361278e-10
7.853931263039159e-10
-7.834180892190597e-08
8.019639578155129e-11
-1.1169643612091817e-09
-1.1169648959497217e-09
-1.0541146619583773e-09
-1.8067489138562686e-12
8.527874894840164e-10
-7.447808054859796e-10
4.676237153963059e-10
8.527873157633361e-10
-1.7921845892844347e-09
4.676239566183064e-10
-1.3825066319519993e-12
-1.2911172020366995e-10
-1.184325645853853e-09
1.550422644737273e-05
-1.0107474516248797e-05
-1.1843255097950123e-09
3.5240325546612602e-09
-1.0107474516311001e-05
-1.984997237063092e-09
2.3107231695813842e-11
4.100961042514493e-13
-8.56071942573338e-07
2.104231211074277e-09
-2.0143020062049404e-10
2.958208838220025e-14
1.001432749536878e-06
-2.8198114012653673e-11
2.3107518387273665e-11
-2.0142971936412467e-10
-8.560719424423936e-07
1.0014327493908544e-06
4.0986858249525865e-13
2.9795302428440856e-14
2.1042312906268445e-09
-2.8198322321274314e-11
6.076919828352277e-13
3.365615752128987e-13
4.6951554648839176e-11
-1.2113187658134787e-11
3.3637493139984215e-13
-2.269359035870448e-15
-1.2113012846133276e-11
1.375104653646391e-16
4.1376124180486964e-16
-2.1686643335160095e-15
-1.2113198161721392e-11
3.3622945662909905e-13
-1.2113267122440919e-11
3.3629972296668634e-13
4.6951792936005506e-11
6.076454759373009e-13
-2.8198344549413318e-11
2.976204783726417e-14
2.10423131136448e-09
4.100705107940567e-13
1.0014327489741e-06
-2.0143010209080354e-10
-8.560719422396584e-07
2.3107780906044105e-11
-1.3823610687956385e-12
-1.7921844471377335e-09
4.676237494855697e-10
8.527873386247146e-10
4.676237586106755e-10
8.527874857698835e-10
-7.447804231889053e-10
-1.8063372643961334e-12
-1.054114349096125e-09
-1.1169643973968955e-09
-1.1169644751602123e-09
8.019637838227292e-11
-7.83418092128249e-08
7.853929320647824e-10
7.853934378231679e-10
1.1788620717729393e-12
-2.819853798736715e-11
2.954693593733638e-14
1.0014327491243709e-06
-2.0143018546909252e-10
2.1042310678712907e-09
4.1014373116255225e-13
-8.560719425862842e-07
2.3107801100641907e-11
-1.984997531147183e-09
3.5240319625507383e-09
-1.0107474516752915e-05
-1.1843256821317664e-09
-1.0107474516542357e-05
-1.184326066444498e-09
1.5504226447306804e-05
-1.2911190335070824e-10
-1.054114001952369e-09
-1.1169648081897028e-09
-7.834180841627766e-08
7.853927769090611e-10
-1.116964462814376e-09
8.019630325159282e-11
7.853928700256625e-10
1.1781225121095088e-12
-1.2438970875142862e-05
-7.83973986852915e-10
-4.445938970880372e-06
-6.634603980603433e-10
-4.4459389719959635e-06
-6.634597744315009e-10
-3.2830862168853364e-09
-3.0815823112614673e-13
-2.3840156635801612e-15
-8.245478927718042e-13
8.330392708949073e-14
4.0988919288096046e-13
8.3203208019175e-14
4.1019479081911646e-13
-7.447804595972377e-10
7.513570768178618e-14
2.989508594979673e-14
2.0970405472263177e-13
2.110457124936063e-11
-5.758862992584789e-13
-7.90492798824902e-10
2.970483656985141e-11
1.6273371108943636e-09
4.100689212773308e-13
-1.7921846240742847e-09
-2.132245647261262e-09
-7.367098209384495e-10
1.6273378431306712e-09
-7.36709775936555e-10
1.6273374290394177e-09
-1.9575385599221466e-09
-7.447805088982304e-10
-1.1169640565018343e-09
7.485179408716286e-10
-2.618749547640309e-09
2.1104762264139245e-11
4.483893710908348e-08
-7.904929120163816e-10
-7.367096318203339e-10
8.318054931731428e-14
2.9485231564351195e-14
2.094119559435839e-13
-7.904920214828779e-10
2.970469935121673e-11
2.11050680657354e-11
-5.756930043374631e-13
1.6273375301328939e-09
4.102841624151103e-13
3.524032108240876e-09
-5.36137039649431e-13
7.485175165398539e-10
2.0985013285008086e-13
7.485175854937801e-10
2.097136635339183e-13
-2.1322449508919257e-09
-8.241733665874613e-13
-1.1169644718259149e-09
7.48516660474662e-10
4.483893711302604e-08
-7.904934443112789e-10
-2.6187490687499577e-09
2.1104531566441417e-11
-7.367102989330141e-10
8.330413543644943e-14
-7.839739321311934e-10
3.524031968791394e-09
-1.116964843654154e-09
2.921725765756681e-14
-1.116964447342929e-09
2.970273850874325e-14
-1.7921848980132538e-09
-2.3273803109739114e-15
-1.2112942225596585e-11
8.309521381286356e-14
2.9207542649443297e-07
-2.0142989713516822e-10
-6.617986626087458e-10
8.52787675377079e-10
-8.560719427866097e-07
-2.9427001643544567e-09
2.1042314295735125e-09
2.110433437333855e-11
-7.49890087430637e-07
2.970492644925355e-11
-5.797708950113174e-06
9.174282902512036e-10
8.993864647549667e-06
-2.0143018522403548e-10
4.67624076726154e-10
-7.367096090565326e-10
-3.8471846337625897e-07
9.174279742103092e-10
-3.2689387032325868e-09
-5.571923119976116e-10
1.6273376284736606e-09
8.527876140444052e-10
-1.1169646758596424e-09
-2.6187495794210365e-09
7.485176480855159e-10
2.1104601383369208e-11
4.4838937355632896e-08
-7.367094038298042e-10
-7.904932397308156e-10
8.336118358216129e-14
1.0014327492953428e-06
-7.904923974783361e-10
0.05332316630680582
8.993864646193912e-06
-5.797708949855946e-06
1.6273370786648748e-09
-0.04544223291759669
-8.560719422156269e-07
-1.010747451661624e-05
7.485170615480813e-10
-0.045484039774155785
-7.498900871092761e-07
-0.022619103037044588
-3.8471846358338923e-07
0.05332316630680497
2.920754262405206e-07
-7.83418086766875e-08
4.483893689339192e-08
-0.022619103037045726
-5.79770895056292e-06
4.483893750505703e-08
-3.268939068288795e-09
-5.797708950965786e-06
-6.617980966088455e-10
-4.445938971462293e-06
-1.1169647271273879e-09
-1.0107474515889467e-05
2.1042312032815713e-09
-7.834180853823013e-08
4.676239132733724e-10
1.0014327493234748e-06
-1.2113505037942398e-11
3.363751167557194e-13
4.1024293497525616e-13
-2.0143014405421347e-10
-1.1843257256703855e-09
8.52787707065539e-10
8.019622887963163e-11
7.853929816013281e-10
-6.634600106842321e-10
4.1001792782604133e-13
-5.76047459723913e-13
2.9704630546736964e-11
2.0985188084038054e-13
1.6273375313441427e-09
2.110458433454678e-11
-7.904924108737802e-10
2.937849217981695e-14
8.527872191172566e-10
1.6273378567826914e-09
9.174277979547615e-10
-3.8471846369242006e-07
-5.571922153556018e-10
-3.268938711406153e-09
-7.367100721098295e-10
4.676238817303308e-10
8.019651860612945e-11
2.1104860901958394e-11
2.1104556907164354e-11
9.977075865945461e-12
-3.268939174706752e-09
3.171488598301483e-12
3.1714427575504404e-12
1.159905295371855e-12
-2.014294452301041e-10
2.9704724537977776e-11
8.993864647217916e-06
-7.498900870676577e-07
9.174278827927408e-10
2.1104865289665933e-11
-5.797708950926907e-06
2.104230898701143e-09
-1.1843258979837933e-09
2.0963198935933066e-13
-7.498900877673954e-07
3.892801559209152e-11
-3.8471846368442856e-07
9.976732399897074e-12
8.742112916479562e-07
-1.0035920280698153e-11
7.853930408476544e-10
-7.904932319485328e-10
-5.7977089500244454e-06
8.742112917784893e-07
-7.367099223449854e-10
3.17110787024928e-12
-3.757209769612602e-09
-2.4948456406928645e-11
-6.634599572235327e-10
2.916294027911855e-14
2.1042309000722622e-09
-1.0036147071364142e-11
4.676237746216827e-10
1.1598321261372125e-12
-2.4947858767010425e-11
2.65308692699723e-16
-1.211325765984837e-11
8.319523476883163e-14
-6.617982275424404e-10
8.527875493874335e-10
2.920754258601804e-07
-2.0142988279546252e-10
-8.560719424349969e-07
-2.942700022597338e-09
1.0014327493526164e-06
-7.904931671974442e-10
-5.797708950516127e-06
1.627337929012571e-09
0.053323166306803636
8.993864646870424e-06
-0.04544223291759385
-8.560719424251993e-07
4.676237639672991e-10
-7.367100927575314e-10
-3.268938895483844e-09
-5.571924725944532e-10
-3.8471846343522104e-07
9.174276963998399e-10
1.627337427415708e-09
8.527874005859881e-10
-7.834180853285226e-08
4.4838937476455495e-08
4.483893605311907e-08
-3.2689384639770387e-09
-0.022619103037047505
-5.797708950543047e-06
-5.797708951371107e-06
-6.617982592427086e-10
2.1042313129422394e-09
2.110450212509165e-11
-5.797708950705363e-06
9.174277949674108e-10
-7.498900872130934e-07
2.970484854394037e-11
8.993864647131668e-06
-2.014299240200094e-10
-1.0107474517169493e-05
7.485175818663717e-10
-0.02261910303704747
-3.8471846314220434e-07
-0.045484039774153884
-7.498900873243784e-07
0.053323166306806835
2.9207542627453776e-07
-1.116964078005072e-09
-2.6187497409684308e-09
4.483893697952571e-08
-7.367099714994236e-10
7.485170520538176e-10
2.110448778138172e-11
-7.90492403362537e-10
8.315291641761197e-14
-4.445938971966263e-06
-1.1169646278059177e-09
-7.834180890251369e-08
4.676239469175733e-10
-1.010747451559352e-05
2.104231182027802e-09
1.0014327497618555e-06
-1.2113001636857027e-11
3.362373246176152e-13
4.094569196457124e-13
8.527876825007625e-10
8.019655749412111e-11
-2.0143012177473724e-10
-1.18432571832076e-09
7.853934332353642e-10
-6.63460047642285e-10
-2.014298456763195e-10
2.9704821443538047e-11
9.174274142198282e-10
2.1104654776636657e-11
8.99386464719294e-06
-7.498900879105437e-07
-5.797708950024172e-06
2.1042311094847145e-09
8.527876471940455e-10
1.627338098650806e-09
-5.571926611175813e-10
-3.2689385475586083e-09
9.174275341507424e-10
-3.847184637988698e-07
-7.367098286489737e-10
4.676242469810754e-10
7.853924744530008e-10
-7.904925499780444e-10
-7.367100463984302e-10
3.1715247917029133e-12
-5.797708949976124e-06
8.742112924038325e-07
-3.757210177545765e-09
-2.494813931369236e-11
4.0990478285412917e-13
-5.763981793330323e-13
1.627337309213643e-09
2.110498705491142e-11
2.970478849160941e-11
2.0991104951231355e-13
-7.904924421369999e-10
2.9584463231779056e-14
-1.1843256653547118e-09
2.091935206334658e-13
-3.847184630577137e-07
9.976732468624348e-12
-7.498900871557348e-07
3.8927683536299166e-11
8.742112918350194e-07
-1.003608661314581e-11
8.019630554573299e-11
2.1105059993215946e-11
-3.268939328986844e-09
3.171273662033633e-12
2.1104777535602046e-11
9.976623270947564e-12
3.171604802578381e-12
1.1601152502598403e-12
-6.634601420797506e-10
2.988272217988453e-14
4.676243648468766e-10
1.1603535721090652e-12
2.1042310490356913e-09
-1.0036004999192794e-11
-2.4948074959341273e-11
1.8746605989969985e-16
4.69514977212856e-11
-7.447802492287803e-10
-8.560719426031384e-07
7.853933228937847e-10
-8.560719427402005e-07
7.853929514524414e-10
1.5504226447927452e-05
-3.2830859775992216e-09
-8.560719424436385e-07
1.6273376988541544e-09
8.993864646593776e-06
-7.904927790063319e-10
-0.04544223291759429
-5.797708950260521e-06
0.05332316630680445
1.00143274967183e-06
-7.447803391608651e-10
-1.9575393152902103e-09
1.6273378223291848e-09
-7.36709948804256e-10
1.6273378184232842e-09
-7.367096757386523e-10
-2.132245110167078e-09
-1.7921838318197837e-09
7.853929062177629e-10
-7.36709858566613e-10
-7.904924139562551e-10
3.1717280850176544e-12
-5.797708950257135e-06
-3.757210192161078e-09
8.742112916940762e-07
-2.4948156819207164e-11
-8.560719420982475e-07
1.627337942985292e-09
-0.04544223291759529
-5.7977089504923405e-06
8.993864647143597e-06
-7.90492615277941e-10
0.053323166306803706
1.0014327495433631e-06
1.5504226447330497e-05
-2.1322451750242013e-09
0.05332316630680289
8.742112917904474e-07
0.05332316630680415
8.742112923994041e-07
-0.09120305633174883
-4.905545405510018e-07
7.85393678584631e-10
-7.367097255740416e-10
-5.797708949723157e-06
-3.757209832063283e-09
-7.904923117429814e-10
3.1715550396487933e-12
8.74211291439284e-07
-2.4948027655960847e-11
-3.2830861918625947e-09
-1.7921843706015044e-09
1.001432749325687e-06
-2.4947966637362838e-11
1.0014327496322203e-06
-2.494813802968368e-11
-4.905545409596463e-07
8.221866229421775e-12
6.077035685727461e-13
7.497640989500013e-14
-2.9427000305481404e-09
-6.63459671531924e-10
-2.9426999278264614e-09
-6.634598095571219e-10
-3.2830861604796013e-09
9.975772170723444e-10
2.3107550066724087e-11
4.100534366447015e-13
-2.0142974656012684e-10
2.965287663519324e-14
-8.560719426244284e-07
2.104230990760083e-09
1.0014327492782422e-06
-2.8198246420544225e-11
-1.8063791133043333e-12
-7.447804255407268e-10
8.527874911111659e-10
4.676236867526601e-10
8.527873892200942e-10
4.676239293131534e-10
-1.7921844691855217e-09
-1.3823262242927505e-12
1.1781300999926455e-12
8.342640987390938e-14
8.326285984282512e-14
1.1601726859313606e-12
-6.617986597316426e-10
-2.4948431752216876e-11
-2.4948211418000668e-11
2.7964723319910335e-16
2.3107773755314148e-11
4.0990658415134884e-13
-8.560719418918574e-07
2.1042314906332027e-09
-2.0142986689181147e-10
2.9520880094882103e-14
1.0014327493129875e-06
-2.8198068028853287e-11
-1.2911185008082793e-10
-8.244334358948286e-13
2.92075426025252e-07
-1.0035793052663153e-11
2.920754260213875e-07
-1.0035666036993747e-11
-4.905545408814897e-07
8.222194987919278e-12
1.1784062409758185e-12
8.328233418697663e-14
-6.617985488273084e-10
-2.494862583684282e-11
8.284601554203067e-14
1.1600857213356443e-12
-2.494842073189987e-11
1.109797649647429e-16
-3.0846701656019275e-13
-2.402759254984616e-15
-1.2113105081684213e-11
3.9419772642456544e-16
-1.2113293631733185e-11
6.641654931007977e-17
8.22164761643108e-12
-1.1309115025538634e-17
2.6776012274882626e-17
-1.2112940740900792e-11
-1.2113296652331598e-11
4.695155655733257e-11
-2.2563679540650756e-15
3.3617223256876414e-13
3.3628761635803955e-13
6.077626408087993e-13
-1.3819692189404591e-12
4.676236210918923e-10
4.676236924639787e-10
-7.447802918279532e-10
-1.7921842592956775e-09
8.527876618811707e-10
8.527872490323391e-10
-1.8068219522520498e-12
-2.819783965152221e-11
1.0014327492050023e-06
2.1042307300748264e-09
-8.560719421538918e-07
2.9451473970646375e-14
-2.0142987007876255e-10
4.100555685319105e-13
2.3107657852194192e-11
-1.0541139778710837e-09
-7.834180793683234e-08
-1.116964591791919e-09
7.853931678950726e-10
-1.1169641129679244e-09
7.853931964090661e-10
8.019629692307642e-11
1.1780753163374757e-12
-2.8198001759996418e-11
2.1042310900439344e-09
1.0014327494102458e-06
-8.560719430729751e-07
2.9413228221893134e-14
4.097710376983673e-13
-2.0142948631989157e-10
2.3107253546868082e-11
-1.0541144502250483e-09
-1.1169643587697879e-09
-7.834180833601324e-08
7.85392932142222e-10
-1.1169640333905168e-09
8.019660690094915e-11
7.853935481245703e-10
1.1782278052146165e-12
-1.9849975826108745e-09
-1.0107474516493081e-05
-1.0107474515847588e-05
1.5504226447079867e-05
3.5240320278100542e-09
-1.1843261217207543e-09
-1.184325887218545e-09
-1.2911191100217164e-10
-1.2438970873736795e-05
-4.445938971769022e-06
-4.445938971819886e-06
-3.2830865396835538e-09
-7.839737878256254e-10
-6.634598048363782e-10
-6.634598881622095e-10
-3.081520142018751e-13
-1.2113108611875052e-11
2.920754259951002e-07
-6.617982934267745e-10
-8.560719428228115e-07
8.335567361704772e-14
-2.0142966254165226e-10
8.527877617540399e-10
-2.9427003142682695e-09
4.676237807653161e-10
-3.847184629852066e-07
-3.2689388092710313e-09
1.6273374242362254e-09
-7.367099382851036e-10
9.174276897096927e-10
-5.571926943099491e-10
8.527876597066121e-10
1.0014327493998929e-06
0.05332316630680232
-5.797708950131501e-06
-0.045442232917596574
-7.904927088544607e-10
8.993864647146533e-06
1.6273376768702876e-09
-8.560719429050161e-07
-7.834180837442318e-08
-0.02261910303704413
4.483893656893742e-08
-5.797708950715127e-06
4.483893739494882e-08
-5.797708949859349e-06
-3.2689392117577676e-09
-6.617983807223062e-10
2.104231114356167e-09
-7.498900871480897e-07
-5.797708950090425e-06
8.993864646875742e-06
2.1104548057101058e-11
2.970482175695099e-11
9.174277534027039e-10
-2.014299935691039e-10
-1.116964307591879e-09
7.485174079151567e-10
4.483893680455969e-08
-7.904928146258773e-10
-2.61874912345278e-09
2.110467231829371e-11
-7.367094348294836e-10
8.33230359288776e-14
-1.0107474516419132e-05
-0.04548403977415863
-0.022619103037043835
0.0533231663068053
7.485174932519533e-10
-7.498900875096345e-07
-3.8471846344731895e-07
2.920754260098046e-07
-4.4459389721819516e-06
-1.0107474516026593e-05
-7.834180888667943e-08
1.0014327495910388e-06
-1.116964438810173e-09
2.104231390001934e-09
4.676238665359064e-10
-1.2113008515102832e-11
-1.2113115144293104e-11
-6.617984695407015e-10
2.92075426384762e-07
-8.560719428601413e-07
8.306267316348033e-14
8.527873432645766e-10
-2.014296632861536e-10
-2.942700044792437e-09
4.676240213035323e-10
-3.2689382666363094e-09
-3.8471846335781356e-07
1.6273378895894277e-09
-7.367097580729457e-10
-5.571932811578895e-10
9.174273714621734e-10
8.527880006750522e-10
2.10423106315242e-09
-5.797708950151353e-06
-7.498900875886463e-07
8.993864647213101e-06
2.1104980232987426e-11
9.174283263954731e-10
2.970435517538621e-11
-2.014296250208919e-10
-1.1169648333530461e-09
4.4838936645797826e-08
7.485173435399169e-10
-7.904926240029345e-10
-2.618749286594086e-09
-7.36709654406441e-10
2.1104551074681184e-11
8.336694683738087e-14
1.00143274966035e-06
-5.79770894993863e-06
0.05332316630680411
-0.04544223291759625
-7.90492605039884e-10
1.6273377497869222e-09
8.993864647137609e-06
-8.560719427483423e-07
-7.834180842630825e-08
4.483893634185027e-08
-0.022619103037046562
-5.797708950703455e-06
4.4838937151700655e-08
-3.2689384571636476e-09
-5.797708951018957e-06
-6.617982791338937e-10
-1.0107474517447057e-05
-0.022619103037046194
-0.04548403977416048
0.05332316630680385
7.48517209664287e-10
-3.847184636306597e-07
-7.498900876697403e-07
2.920754261364514e-07
-4.4459389723169136e-06
-7.83418091367784e-08
-1.0107474515249095e-05
1.0014327496843384e-06
-1.1169642984648547e-09
4.676238949751503e-10
2.1042314243505883e-09
-1.2113151468300097e-11
4.6951507199728576e-11
-8.56071942650238e-07
-8.560719427669093e-07
1.5504226447216863e-05
-7.447800601082925e-10
7.853926242665119e-10
7.853935415137234e-10
-3.2830861483334156e-09
-7.447803419067912e-10
1.627337676220231e-09
1.6273374598649675e-09
-2.1322453697611894e-09
-1.9575388795826223e-09
-7.367097311401373e-10
-7.367096398449749e-10
-1.7921843266220067e-09
-8.56071942555782e-07
-0.04544223291759517
8.993864646579189e-06
0.053323166306802804
1.6273376675325658e-09
-5.7977089501948185e-06
-7.904930839798359e-10
1.0014327490563715e-06
7.853926067489463e-10
-5.797708950549089e-06
-7.904925617052352e-10
8.742112920798725e-07
-7.367097615850244e-10
-3.757210068869132e-09
3.171749740108526e-12
-2.49485085516373e-11
-8.560719428383267e-07
8.99386464693825e-06
-0.04544223291759665
0.05332316630680309
1.6273370477268138e-09
-7.904924587223345e-10
-5.797708949751332e-06
1.0014327493963836e-06
7.853930233972341e-10
-7.90492434560517e-10
-5.7977089506385485e-06
8.742112914446728e-07
-7.36710017016876e-10
3.1714467273690525e-12
-3.757210199385652e-09
-2.4948470858032702e-11
1.5504226447584906e-05
0.0533231663068018
0.053323166306803484
-0.09120305633175084
-2.132245884030496e-09
8.742112917585857e-07
8.742112922782218e-07
-4.905545403431421e-07
-3.2830862111473565e-09
1.0014327492416182e-06
1.001432749549769e-06
-4.905545410575986e-07
-1.7921845647988519e-09
-2.4948132509732316e-11
-2.4948549943854025e-11
8.222020765635853e-12
-2.1047712712487343e-15
8.312287754840048e-14
8.351222814097536e-14
-7.447801382224214e-10
-8.247663762485294e-13
4.0998005707703684e-13
4.1017637950622007e-13
7.510889169041312e-14
-1.7921846712962671e-09
-7.367096956836735e-10
-7.36709531655422e-10
-1.9575386967747077e-09
-2.1322463229615962e-09
1.6273377202222893e-09
1.6273377126095195e-09
-7.447802787761297e-10
2.937685700563521e-14
-7.904930700850414e-10
2.1104901706071305e-11
1.6273369812277454e-09
2.0981416623718194e-13
2.9704670015303584e-11
-5.759755121100323e-13
4.1004477214284947e-13
-1.1169646297176032e-09
4.483893664666978e-08
-2.6187498391899044e-09
-7.367096071835015e-10
7.485175617801598e-10
-7.904927999695403e-10
2.1104687335362186e-11
8.340073134302507e-14
2.948135844874205e-14
2.1104775550672846e-11
-7.904926528042827e-10
1.6273375957569369e-09
2.0976465203649728e-13
-5.759226138767039e-13
2.970495794621688e-11
4.1022907635854003e-13
-1.116964519024515e-09
-2.618749448496741e-09
4.483893691515975e-08
-7.367098393350343e-10
7.485173820838316e-10
2.1104802559096177e-11
-7.904922622982437e-10
8.347012025952994e-14
3.524032424664627e-09
7.485176922023569e-10
7.485176838212358e-10
-2.1322452417683854e-09
-5.362313885869385e-13
2.0981452172066895e-13
2.0962114899232531e-13
-8.245684030915403e-13
-7.839738212705513e-10
-1.1169646432358226e-09
-1.1169641766305725e-09
-1.7921841809885717e-09
3.5240319290705273e-09
2.9600589468099727e-14
2.9307558375613344e-14
-2.3338155929372172e-15
3.36256292786142e-13
-2.0143033810112536e-10
8.52787769918247e-10
7.853932939987318e-10
4.0996789819252773e-13
-1.1843255104235829e-09
8.019625692582467e-11
-6.634602087172104e-10
8.527875792413029e-10
9.174284631066356e-10
-5.571929078582977e-10
-7.367100125803287e-10
1.6273378582948665e-09
-3.8471846332411674e-07
-3.2689389357348065e-09
4.67624347981885e-10
-2.014299878586543e-10
8.993864647366228e-06
9.174284459327587e-10
-5.797708950167082e-06
2.9704665810151855e-11
-7.498900873448777e-07
2.110467510397834e-11
2.1042311684829445e-09
7.853929218168575e-10
-5.797708949716977e-06
-7.367097291286905e-10
-3.757210433247577e-09
-7.904931330898897e-10
8.742112919925348e-07
3.1716875604442946e-12
-2.4948575564888313e-11
4.099184584083334e-13
2.970499533784449e-11
1.627337871429847e-09
-7.904927813383681e-10
-5.760796785230772e-13
2.0991859189452092e-13
2.11048386521973e-11
2.919559853340512e-14
8.019651427622247e-11
2.1104658366186402e-11
-3.2689389221065737e-09
3.171516709459101e-12
2.110462786547349e-11
9.976946971956287e-12
3.171324500424833e-12
1.159726983731562e-12
-1.184325648933564e-09
-7.498900875304615e-07
-3.8471846411910306e-07
8.742112919325521e-07
2.0953589044735474e-13
3.892818841299505e-11
9.977184662761244e-12
-1.0035726546904084e-11
-6.634599426838072e-10
2.1042311543127773e-09
4.676238082610484e-10
-2.4948301409604343e-11
2.934842728707044e-14
-1.0035841426831051e-11
1.1601669495230253e-12
1.6695179278168581e-16
3.3631230006185207e-13
8.527878006154875e-10
-2.0143014752833728e-10
7.853929869795464e-10
4.1001939070467415e-13
8.019629454289096e-11
-1.1843256934654426e-09
-6.634602124405657e-10
8.527874217786837e-10
-5.571926325048931e-10
9.174279123328103e-10
-7.367099781246493e-10
1.627337446602527e-09
-3.268938934360331e-09
-3.847184629587918e-07
4.676239810352938e-10
4.102295450519874e-13
1.6273378036709008e-09
2.970500082903279e-11
-7.904929149785615e-10
-5.758221271385305e-13
2.110467732950436e-11
2.0969867530651977e-13
2.958838732725914e-14
8.019596410783154e-11
-3.268938728518638e-09
2.1104808576026713e-11
3.1716943819181266e-12
2.11045699705977e-11
3.171313273174044e-12
9.97682560174704e-12
1.1598626976689435e-12
-2.014302448944432e-10
9.174279065158343e-10
8.993864646697794e-06
-5.7977089505246845e-06
2.97048743123707e-11
2.1104642429678948e-11
-7.498900874968402e-07
2.1042312921543547e-09
7.853930298839177e-10
-7.367098616650161e-10
-5.797708950146833e-06
-3.75721002794743e-09
-7.904931588556202e-10
3.1713179886743076e-12
8.742112918198142e-07
-2.4948342576120234e-11
-1.184325550905253e-09
-3.847184632604603e-07
-7.498900878933851e-07
8.74211291944956e-07
2.0971867874717147e-13
9.976938633628489e-12
3.8927812386225936e-11
-1.0035931389782877e-11
-6.634600535659678e-10
4.676238495985537e-10
2.104231260552513e-09
-2.4948577633102603e-11
2.95032305460236e-14
1.1601228222999027e-12
-1.0035925483624669e-11
5.725052368325671e-17
6.079882264001356e-13
-2.9427005595441257e-09
-2.942700073390295e-09
-3.283086173309977e-09
7.482971032502802e-14
-6.634599178335093e-10
-6.634598837966855e-10
9.975768537337146e-10
-1.806497894980431e-12
8.52787456100232e-10
8.527875361545328e-10
-1.7921840192310736e-09
-7.447805185609446e-10
4.676241863320306e-10
4.676237168077325e-10
-1.382469111782737e-12
2.3107663269266712e-11
-8.560719425092872e-07
-2.0142993255310896e-10
1.0014327494381945e-06
4.102427231955212e-13
2.104231164140247e-09
2.956517414558065e-14
-2.8198125839233736e-11
1.1779940839209287e-12
-6.617980798488543e-10
8.304394849181548e-14
-2.494878753396305e-11
8.328241759560745e-14
-2.494838065997417e-11
1.1600739588182704e-12
3.841039050694095e-16
2.3107555777391046e-11
-2.0142967779897113e-10
-8.560719422443843e-07
1.001432749391372e-06
4.1034930441158055e-13
2.958851398744463e-14
2.1042312129711067e-09
-2.8198439903326026e-11
1.1783137523548245e-12
8.335088288203754e-14
-6.617980631881678e-10
-2.494833114798911e-11
8.309322480013037e-14
1.1597658795423897e-12
-2.4948452283232077e-11
1.306464224764903e-16
-1.2911189307989415e-10
2.9207542601344346e-07
2.9207542640287527e-07
-4.905545406860394e-07
-8.244820850986388e-13
-1.0035893072296215e-11
-1.0036028798884156e-11
8.222172288251992e-12
-3.0821407171459323e-13
-1.2113335233699224e-11
-1.2113100325690871e-11
8.22191699036699e-12
-2.333480191680249e-15
2.1720880714150643e-16
3.2120923275040963e-16
-2.2930116282473946e-16
3.369198083313392e-14
-3.0829494252722926e-13
-3.083572125839354e-13
6.079717942729774e-13
-3.084529439646815e-13
6.079732433123565e-13
6.079645911131474e-13
2.967925602560018e-16
9.975769369214463e-10
-6.634600435945722e-10
-6.634600975554171e-10
7.51488221735257e-14
-3.283086029994964e-09
-2.942700134302005e-09
-2.942700176148175e-09
6.07997106544061e-13
9.97577129476859e-10
-3.2830863548533335e-09
-6.634597704057838e-10
-2.942700244960248e-09
-6.634599298104375e-10
-2.942699856384558e-09
7.534320900202133e-14
6.07962000237716e-13
-1.2438970873886479e-05
-4.445938972182659e-06
-7.83974018376476e-10
-6.634599854619334e-10
-4.445938971192818e-06
-3.2830853511881617e-09
-6.634600630961886e-10
-3.0842026307913423e-13
9.975770950356506e-10
-6.634598501232232e-10
-3.283085876979217e-09
-2.9426998695341743e-09
-6.634601373551968e-10
7.514078980017786e-14
-2.9427001944413486e-09
6.078332136026895e-13
-1.243897087399491e-05
-7.839743212193512e-10
-4.445938971334025e-06
-6.634599011589841e-10
-4.445938971346116e-06
-6.63460042041967e-10
-3.283085733417728e-09
-3.084822045881968e-13
-1.2438970875741749e-05
-4.4459389716064e-06
-4.445938971360841e-06
-3.283086172084179e-09
-7.839736894836326e-10
-6.634600010409547e-10
-6.634596946968533e-10
-3.0847678081665447e-13
0.12501366819649343
-1.2438970875148629e-05
-1.2438970874535165e-05
9.975765860862647e-10
-1.2438970873368484e-05
9.975766900889103e-10
9.975767217347016e-10
3.356583769858484e-14
-3.0803469869518457e-13
-1.291121749201435e-10
1.1783800505813845e-12
2.310745347868222e-11
1.1783252347568356e-12
2.3107855253865825e-11
-1.8067269519366638e-12
6.082300491609205e-13
-6.634602555060515e-10
-1.1843254890891467e-09
8.01962183664963e-11
4.0981845971398985e-13
7.853934409171709e-10
-2.014298105903681e-10
8.527874805457576e-10
3.365239482201004e-13
-3.2830861102675e-09
1.5504226447635568e-05
7.853934245766654e-10
-8.560719422602431e-07
7.853927339423306e-10
-8.560719425929506e-07
-7.447807525434433e-10
4.6951605306868574e-11
-4.445938971129634e-06
-1.0107474516057659e-05
-1.1169643240397308e-09
2.1042314518375767e-09
-7.834180889972862e-08
1.001432749839672e-06
4.67623726074429e-10
-1.21133556940489e-11
-6.634599638056924e-10
-1.18432595610704e-09
7.853932818519412e-10
-2.0142973134459592e-10
8.019593710381987e-11
4.0996204742747554e-13
8.527877488422863e-10
3.363465989850147e-13
-7.839740229766059e-10
3.5240323564317336e-09
-1.1169646337940092e-09
2.978008052808973e-14
-1.1169647576198297e-09
2.963897404829462e-14
-1.7921845926265835e-09
-2.094481114868966e-15
-4.4459389717900845e-06
-1.0107474515831715e-05
-7.834180858774087e-08
1.0014327496311968e-06
-1.1169645299275025e-09
2.1042312863005626e-09
4.676240652396788e-10
-1.2112990589029302e-11
-1.2438970874391077e-05
-1.9849982208122235e-09
-1.0541146824920499e-09
-2.81982389833595e-11
-1.0541144527913296e-09
-2.8198305789150506e-11
-1.3823669140334853e-12
3.3387396378618447e-16
-3.081615205688681e-13
1.1781827806756405e-12
-1.2911183891393182e-10
2.3107609790557654e-11
1.178338865521566e-12
-1.8064936221875098e-12
2.3107556643285725e-11
6.077822628512443e-13
-6.634598991117666e-10
8.019611445775168e-11
-1.1843258709297454e-09
4.0993281808759177e-13
7.8539293311529e-10
8.527877064194726e-10
-2.0142960015464165e-10
3.3660820650569175e-13
-6.63460134207191e-10
7.853933757435804e-10
-1.1843262092571429e-09
-2.0142953597693113e-10
8.01963769979087e-11
8.527877164744122e-10
4.1014714212413247e-13
3.364088096628351e-13
-7.839735196690721e-10
-1.116964781233416e-09
3.5240319680476682e-09
2.9653123152635294e-14
-1.116964550880273e-09
-1.7921846267726763e-09
2.965008562049422e-14
-1.953059849485854e-15
-3.2830860639592916e-09
7.853929678335576e-10
1.5504226447850156e-05
-8.560719426110977e-07
7.853928794811571e-10
-7.44780389618762e-10
-8.56071942130793e-07
4.6951875756903755e-11
-4.445938971747237e-06
-1.1169644870936054e-09
-1.0107474516250803e-05
2.104230928540203e-09
-7.834180917937786e-08
4.676236085213745e-10
1.0014327492700224e-06
-1.2113578768623353e-11
-4.445938972341001e-06
-7.834180859036956e-08
-1.0107474515978922e-05
1.0014327495219387e-06
-1.1169639885334615e-09
4.676237196403603e-10
2.104231248530398e-09
-1.2112995379124893e-11
-1.2438970875286313e-05
-1.0541146142273316e-09
-1.984998253599152e-09
-2.8198256316284606e-11
-1.0541138885714938e-09
-1.3822743604347e-12
-2.8198178331524013e-11
3.6972867661812523e-16
6.079507319665556e-13
2.3107436804159728e-11
2.3107125536578663e-11
-1.2911189401457472e-10
-1.8065758094439194e-12
1.1780764888641226e-12
1.1786292465946058e-12
-3.08651670221137e-13
7.467571829371907e-14
4.102616265971045e-13
4.1028756512519527e-13
-8.24493297003242e-13
-7.447802053322152e-10
8.295398673423006e-14
8.342756122034286e-14
-1.9308671464552163e-15
-2.9427002371252455e-09
-8.560719431863497e-07
-2.0142999762033734e-10
2.920754262831365e-07
8.527876172176104e-10
-6.617984709488004e-10
8.34201691685631e-14
-1.2113075775745679e-11
-6.634598366337823e-10
2.1042313072854233e-09
2.927362666431212e-14
-1.003604047545548e-11
4.676239393582965e-10
-2.4948302974948277e-11
1.160183121831971e-12
2.527197550624004e-16
-2.9426995160791417e-09
-2.0142993427731147e-10
-8.560719424743198e-07
2.920754261742271e-07
8.527879362528068e-10
8.335382705855596e-14
-6.617984080398722e-10
-1.2113325391693755e-11
-6.634598895207832e-10
2.931690492543123e-14
2.104231131490013e-09
-1.0035772954598644e-11
4.676239212259324e-10
1.1601213033420228e-12
-2.49487590894879e-11
-2.2091782773294388e-17
-3.2830860768908593e-09
1.0014327494957088e-06
1.0014327496646392e-06
-4.905545406205548e-07
-1.7921842429202044e-09
-2.4948285534550417e-11
-2.4948525885072896e-11
8.221887985268236e-12
9.97576556136196e-10
-2.819838905752283e-11
-2.819852739096086e-11
8.222378672257181e-12
-1.382448647211001e-12
1.2968058721752332e-16
3.423362151829636e-16
2.1184339182467342e-17
-3.084962736369291e-13
1.1784357006170758e-12
1.178461733200377e-12
-1.8065802183648457e-12
-1.2911166137401122e-10
2.3107805240417006e-11
2.3107543786080255e-11
6.081474419274548e-13
-3.2830859275227863e-09
7.853934074426985e-10
7.853932496903542e-10
-7.447805327974946e-10
1.5504226447231086e-05
-8.560719425776124e-07
-8.560719424940793e-07
4.6951460622543993e-11
-6.634603388703841e-10
7.853928353438932e-10
8.019618763772443e-11
8.527876119167018e-10
-1.184325879747605e-09
-2.0142968848335893e-10
4.100058845516059e-13
3.365605763966126e-13
-4.445938971887228e-06
-7.834180939267633e-08
-1.1169646809679124e-09
4.676239421519226e-10
-1.0107474516508709e-05
1.0014327497507225e-06
2.1042313164364984e-09
-1.211293612063813e-11
-6.634600872271324e-10
8.019596362745574e-11
7.853933069976776e-10
8.527876087626915e-10
-1.1843259972106065e-09
4.0981483334019873e-13
-2.014298964085831e-10
3.3627178952963724e-13
-4.4459389716237475e-06
-1.1169642544915735e-09
-7.834180836953364e-08
4.676239139738894e-10
-1.0107474516679313e-05
2.1042310934461804e-09
1.0014327494710123e-06
-1.211333393302273e-11
-7.839735162490042e-10
-1.1169644527597932e-09
-1.1169642053138973e-09
-1.7921846776324371e-09
3.524031892781399e-09
2.9487215197811206e-14
2.9595559689840667e-14
-2.3040611564938943e-15
-1.2438970873887553e-05
-1.0541142795872621e-09
-1.0541140566784392e-09
-1.3823043612919572e-12
-1.984997622657486e-09
-2.8198308658352703e-11
-2.819801406632183e-11
2.4682360041178586e-16
6.078536991920302e-13
2.310764905477115e-11
-1.8062531893280386e-12
1.1779840278008732e-12
2.3107621835682425e-11
-1.2911169296989543e-10
1.1782953231550872e-12
-3.0842458965391146e-13
-2.9427001121495083e-09
-2.0143025052436814e-10
8.527875051310843e-10
8.349297743983967e-14
-8.560719428354567e-07
2.9207542640806467e-07
-6.617979357098713e-10
-1.211284837131604e-11
-2.9427001444264904e-09
-8.560719425208388e-07
8.527870879125193e-10
-6.617985057331137e-10
-2.0143014462312932e-10
2.9207542611057876e-07
8.319805294359406e-14
-1.211325911036751e-11
-3.2830859959575064e-09
1.0014327498182935e-06
-1.7921843225075349e-09
-2.4948455064064264e-11
1.0014327490755974e-06
-4.905545407518065e-07
-2.4948404095667462e-11
8.221720035956051e-12
7.495854617646801e-14
4.103121324580289e-13
-7.447803200414533e-10
8.312441438575337e-14
4.101389834905523e-13
-8.246794199595654e-13
8.328940605986738e-14
-2.134452122284491e-15
-6.6346028381498e-10
2.954717481492496e-14
4.676234915456385e-10
1.160002206289065e-12
2.104230924161349e-09
-1.0035750367834049e-11
-2.4948306784979767e-11
1.8723889093054507e-16
-6.63460114729302e-10
2.1042316189414723e-09
4.676239954335679e-10
-2.4948376736332802e-11
2.96231166291132e-14
-1.0035825698912825e-11
1.1601703356683104e-12
3.8273939069277956e-16
9.975763798330059e-10
-2.8198205197043842e-11
-1.3823596438770213e-12
1.0598867712990151e-16
-2.8198610992534407e-11
8.222188640343225e-12
-1.285381517368657e-16
-1.5469466950745712e-16
6.081837055688777e-13
-1.8066220239759124e-12
2.3107443252940347e-11
1.1783614773768874e-12
2.3107533801945464e-11
1.1785014580334183e-12
-1.29111275323368e-10
-3.080532386430421e-13
-2.9426998592151677e-09
8.527880330855876e-10
-2.0142992208476866e-10
8.330509822495753e-14
-8.560719424437544e-07
-6.617984360441314e-10
2.920754259257779e-07
-1.211324050721596e-11
7.520256185535702e-14
-7.447802772725849e-10
4.0984443259874316e-13
8.338437765834468e-14
4.102345787753094e-13
8.3414704224298e-14
-8.245202373789735e-13
-2.171169051429845e-15
-6.634601159039954e-10
4.676241463188002e-10
2.91448012840197e-14
1.1597694015514676e-12
2.1042312819890383e-09
-2.4948393130327367e-11
-1.003582698619228e-11
2.620103429079544e-16
-2.942699595338502e-09
8.527876045959071e-10
-8.560719426047543e-07
-6.617983353884234e-10
-2.0143016408065516e-10
8.329703241344925e-14
2.9207542607162964e-07
-1.2113189580063343e-11
-3.2830862981263418e-09
-1.7921845161563959e-09
1.0014327496924748e-06
-2.4948351642023144e-11
1.0014327495313607e-06
-2.4948223117271254e-11
-4.905545410691996e-07
8.222139488630017e-12
-6.63459783496132e-10
4.676239936288522e-10
2.1042312339331195e-09
-2.4948740234893517e-11
2.9793721860646134e-14
1.159949810422914e-12
-1.0035771089261149e-11
-6.540131871627677e-18
9.975770317462982e-10
-1.382320617116928e-12
-2.8198056539219618e-11
1.822784431579121e-16
-2.8198211438566564e-11
1.2005687443898063e-16
8.221876585994665e-12
-1.2247024111917392e-17
3.2705582910266643e-16
6.080204264858774e-13
6.080458800924087e-13
-3.0858861899276727e-13
6.083880912148879e-13
-3.0848015256499444e-13
-3.0840686803379175e-13
3.357072406508178e-14
6.078039852694456e-13
3.36460550036502e-13
3.367290382003843e-13
-2.102254113580649e-15
4.695136719428117e-11
-1.2113095382042252e-11
-1.2113084454194761e-11
3.859002284859547e-16
6.077573570348105e-13
4.695141277425626e-11
3.3639488597045983e-13
-1.2112987589852659e-11
3.365459316424688e-13
-1.2113190312748822e-11
-2.285438990964245e-15
1.9447155788738112e-16
-3.0824547355502193e-13
-1.2113245572042777e-11
-2.127330266118896e-15
7.049181800387937e-17
-1.2112630339171019e-11
8.221676675143433e-12
-2.786098228978607e-17
9.457242522516932e-18
6.07929678488572e-13
3.3646139034740437e-13
4.695135870803474e-11
-1.2113122146924005e-11
3.365771647412566e-13
-2.3760117726065138e-15
-1.2113345119397815e-11
4.867557253664379e-16
-3.0853466796776696e-13
-2.1851963922886594e-15
-1.2113265600012644e-11
2.936178265796031e-16
-1.2113014929758879e-11
6.378098983861786e-17
8.22208079234392e-12
-8.231482772197993e-17
-3.081723561854055e-13
-1.2112963579040968e-11
-1.2113115597797238e-11
8.221937240205776e-12
-2.1093551861951753e-15
3.549593142747336e-16
9.470868850592605e-17
5.1624192412682944e-17
3.332872276685362e-14
-5.935257638265766e-17
3.3539518871086537e-16
1.9779677985067447e-17
5.085153865700904e-16
3.9972853176250854e-17
-4.1286882658826415e-17
-2.2975232987235886e-16
