-3.117881377986277e-08
3.348973226325304e-05
3.348973226326656e-05
-0.0007248516330453766
3.3489732264110206e-05
-0.0007248516330454019
-0.0007248516330454191
0.33171782030917296
3.348973226382607e-05
0.0001888209741348593
0.00018882097413467044
-0.00042906708336742575
-0.13111041833712958
0.09473248219163705
0.09473248219163594
-0.0007248516330457391
3.348973226368189e-05
-0.1311104183371303
0.00018882097413516346
0.09473248219163626
0.00018882097413494404
0.09473248219163664
-0.0004290670833677506
-0.0007248516330451455
-0.000724851633045513
0.09473248219163544
-0.00042906708336777345
0.00018882097413530866
0.09473248219163649
-0.13111041833713105
0.00018882097413470213
3.348973226389654e-05
3.348973226389654e-05
0.00018882097413470213
-0.13111041833713105
0.09473248219163649
0.00018882097413530866
-0.00042906708336777345
0.09473248219163544
-0.000724851633045513
-0.0007248516330451455
-0.0004290670833677506
0.09473248219163664
0.00018882097413494404
0.09473248219163626
0.00018882097413516346
-0.1311104183371303
3.348973226368189e-05
-0.0007248516330457391
0.09473248219163594
0.09473248219163705
-0.13111041833712958
-0.00042906708336742575
0.00018882097413467044
0.0001888209741348593
3.348973226382607e-05
0.33171782030917296
-0.0007248516330454191
-0.0007248516330454019
3.3489732264110206e-05
-0.0007248516330453766
3.348973226326656e-05
3.348973226325304e-05
-3.117881377986277e-08
