-6.8409601908619775e-12
-3.9176422671787364e-08
-3.917642364167202e-08
-3.552903845210046e-05
-3.917642336114381e-08
-3.552903845102874e-05
-3.552903844905773e-05
0.5318346343794512
-3.917642429822309e-08
-1.3491278310918146e-08
-1.3491277117601368e-08
1.091431211339208e-08
0.02067591879396136
-0.01467714131166897
-0.01467714131167387
-3.55290384504866e-05
-3.9176422547233975e-08
0.0206759187939657
-1.3491276557532644e-08
-0.014677141311670451
-1.3491277050354815e-08
-0.014677141311670429
1.0914309441032392e-08
-3.5529038451119714e-05
-3.552903845110129e-05
-0.014677141311673286
1.0914311798741385e-08
-1.3491279311390224e-08
-0.014677141311673764
0.020675918793960635
-1.3491276578224573e-08
-3.9176423674098325e-08
-3.9176423674098325e-08
-1.3491276578224573e-08
0.020675918793960635
-0.014677141311673764
-1.3491279311390224e-08
1.0914311798741385e-08
-0.014677141311673286
-3.552903845110129e-05
-3.5529038451119714e-05
1.0914309441032392e-08
-0.014677141311670429
-1.3491277050354815e-08
-0.014677141311670451
-1.3491276557532644e-08
0.0206759187939657
-3.9176422547233975e-08
-3.55290384504866e-05
-0.01467714131167387
-0.01467714131166897
0.02067591879396136
1.091431211339208e-08
-1.3491277117601368e-08
-1.3491278310918146e-08
-3.917642429822309e-08
0.5318346343794512
-3.552903844905773e-05
-3.552903845102874e-05
-3.917642336114381e-08
-3.552903845210046e-05
-3.917642364167202e-08
-3.9176422671787364e-08
-6.8409601908619775e-12
