-2.6181152174605155e-08
-8.658737653264127e-06
-8.658737653837283e-06
-0.0018938966577152418
-8.658737653486266e-06
-0.0018938966577159372
-0.0018938966577160643
0.07369704296207387
-8.658737653678468e-06
0.0002556113856102937
0.0002556113856103178
-0.0003383956683063277
0.2143161890062598
-0.15345807243623533
-0.1534580724362348
-0.0018938966577160933
-8.658737653443391e-06
0.21431618900626012
0.00025561138561018407
-0.15345807243623763
0.0002556113856099952
-0.15345807243623755
-0.0003383956683062837
-0.0018938966577159795
-0.0018938966577155666
-0.15345807243623602
-0.00033839566830615484
0.0002556113856103115
-0.1534580724362346
0.21431618900625934
0.00025561138561090794
-8.658737653461174e-06
-8.658737653461174e-06
0.00025561138561090794
0.21431618900625934
-0.1534580724362346
0.0002556113856103115
-0.00033839566830615484
-0.15345807243623602
-0.0018938966577155666
-0.0018938966577159795
-0.0003383956683062837
-0.15345807243623755
0.0002556113856099952
-0.15345807243623763
0.00025561138561018407
0.21431618900626012
-8.658737653443391e-06
-0.0018938966577160933
-0.1534580724362348
-0.15345807243623533
0.2143161890062598
-0.0003383956683063277
0.0002556113856103178
0.0002556113856102937
-8.658737653678468e-06
0.07369704296207387
-0.0018938966577160643
-0.0018938966577159372
-8.658737653486266e-06
-0.0018938966577152418
-8.658737653837283e-06
-8.658737653264127e-06
-2.6181152174605155e-08
