2.4389202363832658e-15
1.173394193763155e-10
1.173399453646499e-10
-2.1499490860055806e-06
1.1733864957024045e-10
-2.1499490896417596e-06
-2.1499490816933503e-06
0.6112870482146324
1.1733758454981636e-10
5.277873328807293e-11
5.2786692062160105e-11
-5.1398486363715694e-11
-7.753138444579475e-06
-3.3240361422128423e-06
-3.324036143660711e-06
-2.1499490844481695e-06
1.1733580928960757e-10
-7.753138455995092e-06
5.278461955261875e-11
-3.3240361342985023e-06
5.278415535620365e-11
-3.3240361281705823e-06
-5.139610960014012e-11
-2.1499490958808154e-06
-2.149949092119725e-06
-3.324036148433703e-06
-5.140092228509242e-11
5.279006914736787e-11
-3.3240361299003113e-06
-7.753138449458744e-06
5.2777720549044266e-11
1.173447935456252e-10
1.173447935456252e-10
5.2777720549044266e-11
-7.753138449458744e-06
-3.3240361299003113e-06
5.279006914736787e-11
-5.140092228509242e-11
-3.324036148433703e-06
-2.149949092119725e-06
-2.1499490958808154e-06
-5.139610960014012e-11
-3.3240361281705823e-06
5.278415535620365e-11
-3.3240361342985023e-06
5.278461955261875e-11
-7.753138455995092e-06
1.1733580928960757e-10
-2.1499490844481695e-06
-3.324036143660711e-06
-3.3240361422128423e-06
-7.753138444579475e-06
-5.1398486363715694e-11
5.2786692062160105e-11
5.277873328807293e-11
1.1733758454981636e-10
0.6112870482146324
-2.1499490816933503e-06
-2.1499490896417596e-06
1.1733864957024045e-10
-2.1499490860055806e-06
1.173399453646499e-10
1.173394193763155e-10
2.4389202363832658e-15
