-1.7596350751783695e-10
1.0058985998051614e-05
1.0058985998112992e-05
-0.00036325077239198633
1.00589859977052e-05
-0.0003632507723914671
-0.0003632507723916956
0.2747550505128309
1.005898599784021e-05
-0.00012814580720239144
-0.00012814580720260847
0.0001357464838201733
0.09564549956551602
-0.06776030113418773
-0.06776030113418878
-0.00036325077239046704
1.0058985998275863e-05
0.09564549956551578
-0.00012814580720316428
-0.06776030113418934
-0.00012814580720302182
-0.06776030113418825
0.00013574648382057544
-0.00036325077239126555
-0.00036325077239094625
-0.06776030113418922
0.00013574648382044132
-0.00012814580720325397
-0.06776030113418896
0.09564549956551478
-0.00012814580720289312
1.0058985998380657e-05
1.0058985998380657e-05
-0.00012814580720289312
0.09564549956551478
-0.06776030113418896
-0.00012814580720325397
0.00013574648382044132
-0.06776030113418922
-0.00036325077239094625
-0.00036325077239126555
0.00013574648382057544
-0.06776030113418825
-0.00012814580720302182
-0.06776030113418934
-0.00012814580720316428
0.09564549956551578
1.0058985998275863e-05
-0.00036325077239046704
-0.06776030113418878
-0.06776030113418773
0.09564549956551602
0.0001357464838201733
-0.00012814580720260847
-0.00012814580720239144
1.005898599784021e-05
0.2747550505128309
-0.0003632507723916956
-0.0003632507723914671
1.00589859977052e-05
-0.00036325077239198633
1.0058985998112992e-05
1.0058985998051614e-05
-1.7596350751783695e-10
