6.281903224847704e-17
1.4069495377893093e-16
-2.778221640891312e-16
6.8219145283556e-16
-6.141554285691874e-17
3.009821818745919e-16
8.4767439385615e-16
-4.9052858452658226e-14
2.6385130004574284e-16
2.497685821953484e-16
2.236602900346931e-16
1.601081265783999e-14
-1.310883663108918e-12
2.0173739395844128e-13
2.0183532779273603e-13
-2.0014845090249883e-13
1.9575312990016638e-16
-1.3109100767492466e-12
2.541279714857102e-16
2.016305420825823e-13
3.2588482421888877e-16
2.0173284882938274e-13
1.587033970729071e-14
-2.00734570027795e-13
5.0078757222928625e-16
2.013960807454831e-13
1.601108327447586e-14
-8.933937053182207e-13
2.0147230516812896e-13
1.2299274781008817e-11
-8.934762723224105e-13
8.297313707808096e-14
2.820206942417962e-18
1.2864799901042734e-16
-1.3109547967943077e-12
2.0137162835073043e-13
4.610800324268307e-16
1.5974209374799163e-14
2.0158628547265323e-13
-2.0058280035842688e-13
4.734124055404762e-16
1.5998810227703344e-14
2.0154898620291717e-13
-8.935864725429617e-13
2.0120723840699784e-13
-8.93269324373763e-13
1.2299279061635255e-11
8.283619959140985e-14
5.91707119840105e-16
2.016902190986599e-13
2.0140109694843988e-13
1.2299072394643067e-11
1.6046294495719174e-14
-8.933467905003434e-13
-8.934174063886015e-13
8.29002713992689e-14
-4.922496309857669e-14
-2.0042759685184728e-13
-2.0062795730753174e-13
8.274258805865924e-14
-2.0033531388403185e-13
8.257757235874687e-14
8.261700861522506e-14
-6.702063869878051e-16
-9.580410162005719e-17
-1.3099610197092023e-12
1.4349289370089248e-15
-7.575445140340684e-12
1.1690069346821253e-15
-7.575438678466618e-12
5.958803607274209e-13
2.8271807561646185e-09
2.418431724166664e-16
-2.8600618647036484e-13
3.844199208937447e-14
-1.2079214781687916e-13
-5.822648385561095e-12
9.170525259977122e-10
-8.258274309553468e-10
-9.606413198930085e-10
-1.3109908244265774e-12
1.086019773423755e-06
-5.823469860982039e-12
-1.3662281785305131e-06
-5.822917241109889e-12
-1.3662281788108889e-06
-1.5068437784103398e-09
2.1941302938582475e-10
2.0161457434692233e-13
-6.366847777905168e-07
8.127759381551753e-14
-1.2916399365241838e-09
-6.813417425984567e-10
1.1672351546334528e-06
-1.299311771752511e-10
2.1518144708004475e-09
2.3687760394947517e-16
-2.8619445568219636e-13
-5.822675810618413e-12
9.170522784028247e-10
3.847503027546975e-14
-1.202801164698498e-13
-8.258278011925755e-10
-9.6064105468395e-10
1.6231336867062157e-14
-1.5237181122343469e-13
8.1642173520613e-14
-1.757425226163176e-13
8.135006111062497e-14
-1.761611012040143e-13
2.778603897344095e-10
-7.328051972100553e-14
2.0146928997656617e-13
-6.366847775306984e-07
-6.813416352762441e-10
1.1672351546763872e-06
8.146873120599468e-14
-1.2916398405943562e-09
-1.2993158229381006e-10
2.151814414365583e-09
-2.0025073440907117e-13
-4.3324033184834736e-11
8.954231020396028e-13
5.522322237407935e-12
8.958506484465877e-13
5.5224657659377864e-12
-1.3553065079225364e-12
8.253254774150019e-14
-2.480484765624859e-16
1.2488976827912197e-15
-1.3101622470215264e-12
-7.575459162987804e-12
1.442251387831203e-15
5.953375753989969e-13
-7.574847302263636e-12
2.8271814190783242e-09
8.174131473573424e-18
3.8704088071729864e-14
-2.857587161493152e-13
-1.2103315005906379e-13
-5.822770838778758e-12
-8.258277083519102e-10
9.170524775248592e-10
-9.606412598409223e-10
3.3632545878879205e-16
-5.823154593855865e-12
-2.85990740552558e-13
9.170523732635893e-10
3.852303242339156e-14
-8.258277526668411e-10
-1.2038904696431408e-13
-9.606407984182424e-10
1.6166295952692466e-14
8.138652432246279e-14
-1.5218355775123163e-13
-1.7586746547256124e-13
8.120569613006674e-14
2.7786058237779246e-10
-1.7599852912300014e-13
-7.33277700155139e-14
-1.3105669705524342e-12
-5.822935815359402e-12
1.0860197735833784e-06
-1.3662281791522523e-06
-5.82300391857503e-12
-1.5068431848284247e-09
-1.36622817892746e-06
2.194134931674767e-10
2.0146004250420128e-13
8.12820217331173e-14
-6.366847777497251e-07
-1.2916399417369993e-09
-6.813416729175948e-10
-1.2993146892686064e-10
1.1672351547798965e-06
2.1518144854621804e-09
2.0140261459233024e-13
-6.813414612442406e-10
-6.366847777241923e-07
1.1672351545913604e-06
8.112927753621727e-14
-1.2993155844724903e-10
-1.2916401276580468e-09
2.1518147797698226e-09
-2.001097391238556e-13
8.95588457304798e-13
-4.3324309819057284e-11
5.522367653685275e-12
8.958810130337088e-13
-1.3557268039555342e-12
5.522372034051374e-12
8.241609879204781e-14
3.434848815815027e-16
-7.575587556567688e-12
-7.575348686554979e-12
2.3898965767876137e-09
5.960060765192925e-13
-1.735646942230634e-09
-1.73564570975145e-09
-1.6165372391176894e-05
1.6001686646164838e-14
-1.2105524589879351e-13
-1.2114116827257234e-13
-1.8084186856439025e-10
-1.506843472151161e-09
1.4520387506586334e-09
1.45203857685013e-09
-8.435931515879437e-10
2.014900521759291e-13
-1.3662281787519176e-06
9.170520976125059e-10
6.872666951066271e-06
-8.258277758823779e-10
7.376839509549259e-06
1.4520382164318446e-09
-2.251429941817325e-05
-8.934175566466226e-13
-1.2916399140996803e-09
-1.7593374650888305e-13
1.5900486512690587e-09
-1.2993137134118735e-10
5.965360133312624e-10
3.5365198066207102e-09
-9.606411606786598e-10
2.0148930049906123e-13
9.170522035540527e-10
-1.3662281787711802e-06
6.87266695172272e-06
-8.25827899622221e-10
1.452038389024931e-09
7.376839508758215e-06
-2.251429941850202e-05
-8.937295715162392e-13
-1.7592508380114254e-13
-1.2916401127437672e-09
1.590048516154728e-09
-1.2993111748136812e-10
3.536519914161527e-09
5.965363541763319e-10
-9.606413089894896e-10
1.2299076398248076e-11
1.1672351549682358e-06
1.1672351547461963e-06
-1.2011134911558053e-05
2.77860132808465e-10
5.965364893665882e-10
5.965365225735677e-10
2.1941319575021933e-10
8.289890177097239e-14
5.522218764360311e-12
5.522296325239087e-12
-4.332399491041881e-11
-1.3556325297518402e-12
8.95917495291617e-13
8.958321575332711e-13
-2.0012664602476903e-13
9.096681966006234e-17
1.0892213278272853e-15
1.4418131452897156e-15
5.959204586675012e-13
-1.3101360113533726e-12
-7.575287228951688e-12
-7.575243280198823e-12
2.8271807970017544e-09
-1.3106860009287676e-12
-5.8229775848312255e-12
-5.823436603348702e-12
-1.5068432409557558e-09
1.086019773348741e-06
-1.3662281791917765e-06
-1.3662281793873412e-06
2.1941370469691005e-10
3.881782501875404e-16
-5.8229393540979096e-12
3.856834206210704e-14
-8.258278819322473e-10
-2.8599129671727676e-13
9.170523006960808e-10
-1.2072668416179315e-13
-9.606414421481162e-10
2.0149843113804903e-13
-6.813418665475578e-10
8.157365815259196e-14
-1.2993140529984683e-10
-6.366847774243481e-07
1.167235154360032e-06
-1.2916394462572132e-09
2.1518146926258748e-09
2.5856885142676927e-16
3.835305813808353e-14
-5.82286737243315e-12
-8.258276269351521e-10
-2.8583980046578786e-13
-1.2034496359992134e-13
9.170523389267557e-10
-9.606414419636212e-10
2.0144702872092559e-13
8.128582903406647e-14
-6.813415017015118e-10
-1.2993135398324507e-10
-6.366847773294141e-07
-1.2916402040849431e-09
1.1672351540460314e-06
2.1518143259075577e-09
1.5959147389417394e-14
8.154917230574709e-14
8.140784520776439e-14
2.77860608258865e-10
-1.5262427518082931e-13
-1.7587057703581906e-13
-1.7524323549309077e-13
-7.327061861019371e-14
-2.004019889213263e-13
8.957195595187374e-13
8.959404934686883e-13
-1.3555110908397962e-12
-4.332405539599988e-11
5.522470035272435e-12
5.52273761704475e-12
8.243571220670307e-14
4.193140277018948e-16
-7.575321534266839e-12
5.956039116388665e-13
-1.735646901207522e-09
-7.575464563730412e-12
2.389896707201283e-09
-1.7356463846814466e-09
-1.616537239043652e-05
2.0165086518470298e-13
9.170523765091723e-10
-8.258279870936787e-10
1.4520383741921653e-09
-1.366228179470699e-06
6.872666950604146e-06
7.376839509138371e-06
-2.251429941808838e-05
2.0174518671956526e-13
-1.3662281787780166e-06
-8.258278711544345e-10
7.3768395094674465e-06
9.170524681983291e-10
6.872666950381581e-06
1.4520388619331058e-09
-2.251429941870211e-05
1.2298708376708293e-11
1.1672351546950859e-06
2.7786058510561983e-10
5.965360909166625e-10
1.1672351551402555e-06
-1.2011134911246051e-05
5.965360455688991e-10
2.1941283184821417e-10
1.610499420283598e-14
-1.2062852245215746e-13
-1.5068435788438643e-09
1.4520384934071613e-09
-1.205000915189356e-13
-1.8084196226955702e-10
1.4520390756421453e-09
-8.435931138081912e-10
-8.936981089889039e-13
-1.7562413263072696e-13
-1.2993125793709573e-10
3.5365201222662923e-09
-1.291640011521058e-09
1.590048494213234e-09
5.965363347073023e-10
-9.60641532521585e-10
-8.934971433000538e-13
-1.2916399511133473e-09
-1.2993154302461734e-10
5.965362328146791e-10
-1.7585293897344402e-13
1.590048284616095e-09
3.53652004409824e-09
-9.606413540846995e-10
8.239927994548602e-14
5.522554348308868e-12
-1.355586994260017e-12
8.957302359720874e-13
5.522584189036407e-12
-4.332429956390125e-11
8.957867871670212e-13
-2.003986249987015e-13
1.8139536275162498e-16
5.95952607601998e-13
-7.575083832036148e-12
-1.7356457748844948e-09
-7.575424189786814e-12
-1.7356464016330667e-09
2.3898962273658336e-09
-1.6165372391807215e-05
2.0148555781296627e-13
-8.258279605047575e-10
9.170524080852688e-10
1.4520386337877332e-09
-1.3662281786129989e-06
7.376839508251465e-06
6.872666950536824e-06
-2.251429941800915e-05
1.5940259152353543e-14
-1.5068435522992755e-09
-1.2076103273378269e-13
1.452038512683223e-09
-1.206392800380284e-13
1.452038712735349e-09
-1.80841764519277e-10
-8.435930097802332e-10
-8.933850997239883e-13
-1.2993131288246041e-10
-1.7574135541541724e-13
3.5365200322185994e-09
-1.2916399638597252e-09
5.965362160582061e-10
1.5900485508155797e-09
-9.606410683021461e-10
2.015480989187496e-13
-8.25827845932606e-10
-1.3662281787608042e-06
7.376839508683894e-06
9.1705231592286e-10
1.4520386000161326e-09
6.872666951325771e-06
-2.251429941843545e-05
1.2299380989765198e-11
2.778601039607545e-10
1.167235154519479e-06
5.965362182373326e-10
1.167235154880646e-06
5.965363528989354e-10
-1.2011134912640039e-05
2.194133190954078e-10
-8.934870145872324e-13
-1.2993120420186129e-10
-1.291640368810714e-09
5.965362685939985e-10
-1.7571312240547685e-13
3.5365199539844278e-09
1.5900485930067908e-09
-9.606415874694628e-10
8.262279203184993e-14
-1.3555911699670526e-12
5.522514569120159e-12
8.954952237551298e-13
5.5224281182435226e-12
8.954899074084857e-13
-4.332383214544446e-11
-2.0017360454503713e-13
-4.908895372855288e-14
2.827181006489978e-09
2.82718128468365e-09
-1.616537239102354e-05
2.8271808177998564e-09
-1.616537239165078e-05
-1.6165372390410495e-05
0.02149269176536157
-2.0065721049498314e-13
-9.60640880606166e-10
-9.606411369014385e-10
-8.435928234293526e-10
2.1941285510197898e-10
-2.251429941799556e-05
-2.251429941775345e-05
-1.616537239145402e-05
-2.0059595742665085e-13
2.1941343266525772e-10
-9.606416411869158e-10
-2.251429941830273e-05
-9.606412175290862e-10
-2.2514299416765092e-05
-8.435928826683071e-10
-1.6165372391592347e-05
8.290040049360363e-14
2.1518144644237167e-09
-7.305327381888513e-14
-9.606413275772106e-10
2.1518147757258627e-09
2.1941299729648163e-10
-9.606410816183215e-10
2.8271809614882616e-09
-2.0008321257784619e-13
-9.606407043820132e-10
2.1941304236794313e-10
-2.251429941860726e-05
-9.606413870199424e-10
-8.435921389700603e-10
-2.251429941769347e-05
-1.6165372391605547e-05
8.272358016884438e-14
-7.315351173529401e-14
2.1518149277504237e-09
-9.606418323624195e-10
2.1518149747336112e-09
-9.606412376157448e-10
2.194130059455827e-10
2.8271809472718517e-09
8.286893019750736e-14
2.151814640273445e-09
2.1518147796305274e-09
2.1941306351792455e-10
-7.361756924695824e-14
-9.60641055127643e-10
-9.60641025165923e-10
2.827181331545201e-09
-5.961356091522439e-16
8.252297142508852e-14
8.258356508417254e-14
-2.0061538195739668e-13
8.28115566605436e-14
-2.0054177115494136e-13
-2.0033348835691323e-13
-4.924606499423377e-14
1.1481611757114904e-16
1.7501822445083998e-16
2.9549837747159363e-16
1.5957633137025552e-14
-1.310872138865874e-12
2.0133863135905993e-13
2.0122997255885877e-13
-2.001621809727071e-13
-1.3104096095905344e-12
-2.862582338945988e-13
-2.859952026895636e-13
-1.5233611655712038e-13
1.0860197735527312e-06
-6.366847774873566e-07
-6.366847777185687e-07
-4.3324173073114647e-11
9.889219650592963e-16
-5.822802975521048e-12
3.874472750737127e-14
8.167779273166825e-14
-5.8232447144773995e-12
-6.813417328200721e-10
8.154481366608725e-14
8.95600288537913e-13
-7.57555065822233e-12
9.170524476170722e-10
-1.2089295878560044e-13
-1.7586642396766127e-13
-1.3662281789891478e-06
1.1672351548501592e-06
-1.2916402011839037e-09
5.522427613475458e-12
1.0151982459364644e-15
3.8418849945212286e-14
-5.8229740838219395e-12
8.16950236856683e-14
-5.82303116793882e-12
8.131546762851094e-14
-6.81341321731792e-10
8.959352262850541e-13
-7.575171150073503e-12
-1.2037285259308503e-13
9.170525653516779e-10
-1.7596906322912732e-13
-1.366228178695039e-06
-1.2916400871362996e-09
1.167235154360635e-06
5.522122750859074e-12
5.957570980441257e-13
-8.258278399691612e-10
-8.258280772299811e-10
2.778604019074124e-10
-1.5068436272010847e-09
-1.2993116627227076e-10
-1.2993163784755825e-10
-1.3551749763954109e-12
2.8271807982899563e-09
-9.606411744004e-10
-9.606412729973332e-10
-7.309356658688799e-14
2.1941338812893377e-10
2.1518143172663563e-09
2.151814667490727e-09
8.249821056525173e-14
3.500993687810211e-16
-2.859909711345206e-13
3.834428131672878e-14
-1.2036760089010076e-13
-5.823083596990248e-12
9.170526224084971e-10
-8.258282186151878e-10
-9.606412482620301e-10
-2.857965443073217e-13
8.87656728302032e-12
1.905612923925293e-12
5.368726254577274e-14
-1.2459101466669232e-06
1.0631138785470518e-06
5.342639036878131e-07
1.5900483377609879e-09
-5.822918140051473e-12
-1.2459101466217565e-06
-1.640011710403623e-11
-5.450463542157852e-10
1.858146962445244e-09
5.4841956044805045e-06
1.1737277959877217e-09
5.965364963606692e-10
9.170525418912715e-10
1.0631138782011726e-06
2.3916320653035525e-12
1.4356325547175242e-12
5.48419560353976e-06
-8.56165956414345e-06
9.611200313881236e-10
-1.2916399066791096e-09
3.852835221007218e-14
1.9054845460681616e-12
-1.640037122512992e-11
2.3915220714031003e-12
-1.6400266830798463e-11
2.3915971928888224e-12
-1.7487755033818792e-09
3.536519872667131e-09
-1.2089420092625529e-13
5.347018154525276e-14
2.3917509608132587e-12
-3.749683154357228e-13
-5.450462490161066e-10
1.4357290809400331e-12
-2.3079170582322282e-10
-1.7571036480989002e-13
-8.258278156929324e-10
5.342639038191849e-07
-1.7487749926779e-09
-2.3079188464804934e-10
1.1737282182820794e-09
9.611201839262525e-10
8.685311485455303e-10
-1.2993151916303357e-10
-9.606411717054367e-10
1.5900485593581032e-09
3.5365199560588106e-09
-1.756841104749096e-13
5.965365835661488e-10
-1.2916401079163984e-09
-1.2993128417012567e-10
-8.931765643379317e-13
4.0550124611078335e-18
3.8144245364566244e-14
-2.8593299857222355e-13
-1.205848047314682e-13
-5.8230585759447255e-12
-8.258282278312552e-10
9.170523874800257e-10
-9.606412842592051e-10
-2.860846961431688e-13
1.9054382789326123e-12
8.876522707142655e-12
5.367815724743766e-14
-1.2459101461879938e-06
5.342639035393985e-07
1.0631138783964743e-06
1.590048782998259e-09
3.8514312848361734e-14
-1.640019875906023e-11
1.9051012930988576e-12
2.3921200826730297e-12
-1.6400135763905994e-11
-1.7487752257121981e-09
2.391432008306737e-12
3.536520235484387e-09
-1.209238657517662e-13
2.39162572491448e-12
5.332911498167666e-14
-3.7520675904176074e-13
-5.450462859916974e-10
-2.3079167984897848e-10
1.4358820108346325e-12
-1.7612374802106594e-13
-5.823148197515112e-12
-1.640015925893132e-11
-1.2459101465144933e-06
-5.450462089215835e-10
1.8581468939262883e-09
1.1737279834370028e-09
5.484195603851748e-06
5.965360290782483e-10
9.170521824720138e-10
2.3915751527270568e-12
1.0631138775575568e-06
1.4356670649730515e-12
5.484195603415796e-06
9.611201050969808e-10
-8.5616595640032e-06
-1.291640294662343e-09
-8.258278969573848e-10
-1.7487756943490682e-09
5.342639034101162e-07
-2.3079189690354887e-10
1.173728089024042e-09
8.685313635496844e-10
9.611199837582548e-10
-1.2993170977582896e-10
-9.606416445584424e-10
3.5365197786294254e-09
1.5900484654598018e-09
-1.7597297660696675e-13
5.965361691310965e-10
-1.2993109189323264e-10
-1.2916400627838122e-09
-8.932287741000995e-13
1.6178925385975146e-14
-1.2067025402651516e-13
-1.205393401126971e-13
-1.808415925560974e-10
-1.5068436907003308e-09
1.4520388114836964e-09
1.4520388626701868e-09
-8.435934254822677e-10
-1.5279899723893237e-13
5.335413634216008e-14
5.319242466916881e-14
-5.590434513028944e-13
-5.14618970774862e-10
2.2779111500832193e-09
2.277910569191686e-09
-1.8084169488683352e-10
8.163223530795451e-14
-5.450463142357152e-10
2.3917471766192624e-12
2.2779114198380796e-09
1.1737275401015315e-09
-2.410190720538464e-08
-6.767985747299534e-10
1.4520392631233816e-09
-1.75848243514855e-13
1.4359546597549474e-12
-3.751564585390688e-13
5.3220414118254195e-14
-2.3079227144916242e-10
-5.450460737646292e-10
2.391711477380081e-12
-1.2068776123880615e-13
8.183954054863197e-14
2.3915838079496556e-12
-5.450460052746055e-10
2.2779106040373997e-09
1.1737277346173777e-09
-6.76798453364489e-10
-2.4101907456476464e-08
1.4520385868778705e-09
-1.761613081659738e-13
-3.751398988646774e-13
1.4360088485419896e-12
5.3589069463361534e-14
-2.3079205655206692e-10
2.3916293379873786e-12
-5.450463333828555e-10
-1.2077559146085924e-13
2.7786017418357456e-10
-2.3079216864843732e-10
-2.3079131153052692e-10
-5.146187830581353e-10
-6.428494267141457e-10
1.1737277970820825e-09
1.1737275699613553e-09
-1.5068438590935467e-09
-7.349671476439131e-14
-1.7584174982948345e-13
-1.7580968067196565e-13
-1.5253771490254926e-13
2.7786043467044663e-10
8.184162418697911e-14
8.138732140042026e-14
1.6297693634361275e-14
-1.3108136454390148e-12
-5.823184843794077e-12
-5.82306946443778e-12
-1.5068435524041626e-09
1.0860197732946623e-06
-1.3662281789002024e-06
-1.3662281789808873e-06
2.1941327815764924e-10
1.0860197730109114e-06
-1.2459101469480168e-06
-1.2459101468604753e-06
-5.146190068224931e-10
-0.1441361740065682
0.08507642499145429
0.08507642499145389
-1.2011134911430735e-05
-5.822746689013666e-12
1.8581463813363535e-09
-1.640056397080946e-11
1.1737277539815693e-09
-1.2459101464714793e-06
5.484195603633156e-06
-5.450461420478231e-10
5.965370285377517e-10
-1.3662281786629059e-06
5.4841956041031395e-06
-5.450458864807773e-10
-2.3079175125520881e-10
0.08507642499145272
-0.0726303490653981
-8.561659564094433e-06
1.167235154992152e-06
-5.823120579987201e-12
-1.6400543578723286e-11
1.8581471583891406e-09
1.1737280246690029e-09
-1.2459101464133349e-06
-5.450462896924799e-10
5.48419560336016e-06
5.965358680282361e-10
-1.3662281788466792e-06
-5.450461540519879e-10
5.484195603887188e-06
-2.3079177988449853e-10
0.08507642499145636
-8.561659563556501e-06
-0.07263034906540118
1.167235154556271e-06
-1.5068437235803032e-09
1.1737279014091586e-09
1.1737275770908815e-09
-6.428492462643036e-10
-5.146184312283071e-10
-2.3079194984861324e-10
-2.3079216466815968e-10
2.778601926167987e-10
2.1941314063807735e-10
5.965361439611665e-10
5.965362682737631e-10
2.778601959601239e-10
-1.201113491185977e-05
1.1672351546069614e-06
1.1672351550713896e-06
1.229915962004205e-11
2.0149268920220746e-13
9.170526767771356e-10
-8.258280879387774e-10
1.4520387411128936e-09
-1.3662281786227669e-06
6.872666950919835e-06
7.376839508777141e-06
-2.2514299418314773e-05
-6.366847775530246e-07
1.0631138780855622e-06
5.342639034522269e-07
2.277910952343123e-09
0.08507642499145145
-0.07272768697886325
-0.03686368253387418
6.8726669507113874e-06
-6.813420074274197e-10
5.484195603988247e-06
-1.7487748535255038e-09
-2.410190828824286e-08
5.484195603647877e-06
-0.036863682533873315
-2.4101907165970302e-08
7.376839508750099e-06
1.1672351545226054e-06
-8.561659563850635e-06
-2.3079144074333318e-10
-5.450462358606011e-10
-0.07263034906539846
0.08507642499145215
5.484195604016475e-06
-1.3662281791260592e-06
8.174688725303775e-14
2.3917046796252505e-12
1.1737279934703558e-09
-6.767984339378226e-10
-5.450465793964724e-10
2.277910783538389e-09
-2.4101907628306074e-08
1.4520387188798425e-09
-1.29164024791547e-09
1.4360663958621913e-12
9.611201272571014e-10
2.3915739438050436e-12
-8.56165956346056e-06
1.0631138775337378e-06
5.484195603923148e-06
9.170525071452167e-10
-1.299315101626945e-10
9.611201395432154e-10
8.685320396425157e-10
1.1737277390841327e-09
-2.3079170409220397e-10
5.34263903097204e-07
-1.7487748699173598e-09
-8.258276162360814e-10
2.151814797798711e-09
-1.291640041608831e-09
-1.2993130902900554e-10
8.154858337270746e-14
1.1672351547375333e-06
-6.366847783169964e-07
-6.813418785719314e-10
2.0163911340042548e-13
2.014617792381865e-13
-8.258282101072656e-10
9.17052323044379e-10
1.4520387020039444e-09
-1.366228178337364e-06
7.376839508707557e-06
6.872666950549402e-06
-2.2514299418454293e-05
-6.36684777629833e-07
5.342639031939981e-07
1.0631138783939071e-06
2.277910452227797e-09
0.08507642499145182
-0.036863682533873406
-0.0727276869788637
6.872666950527644e-06
8.135648380677411e-14
1.1737281683610574e-09
2.3916743210636887e-12
-6.767987460943293e-10
-5.450465881215013e-10
-2.410190692358635e-08
2.2779107142595282e-09
1.4520388934103882e-09
-1.2916403624218805e-09
9.611198730093744e-10
1.436093826757025e-12
2.3915414255727633e-12
-8.561659563755235e-06
5.484195603734777e-06
1.0631138785348325e-06
9.170524698577534e-10
-6.813417053433405e-10
-1.7487744569972911e-09
5.484195604184269e-06
-2.4101907583282435e-08
5.484195604247857e-06
-2.4101907595673716e-08
-0.03686368253387344
7.376839508617384e-06
1.1672351549906582e-06
-2.3079175796406397e-10
-8.561659563411653e-06
-5.450459602851928e-10
-0.07263034906539974
5.484195604189569e-06
0.0850764249914503
-1.3662281791398972e-06
-1.2993172057370109e-10
8.685314985405931e-10
9.6111991090353e-10
1.1737276969797023e-09
-2.307919669759086e-10
-1.7487746773150777e-09
5.342639039060632e-07
-8.258274613671947e-10
2.1518149214726257e-09
-1.2993122929954827e-10
-1.2916397326398265e-09
8.191954697572533e-14
1.1672351546128826e-06
-6.813417982016061e-10
-6.36684777961027e-07
2.0173792251762323e-13
-2.0029050313439319e-13
-9.6064105612219e-10
-9.606411841637129e-10
-8.435929919576358e-10
2.1941328924200456e-10
-2.2514299417509587e-05
-2.2514299417965517e-05
-1.6165372391732046e-05
-4.3323670721331703e-11
1.5900486649807412e-09
1.5900484357643085e-09
-1.8084179250795116e-10
-1.2011134912120037e-05
6.872666951428657e-06
6.872666951212298e-06
2.3898959157178347e-09
8.957690453253891e-13
5.965359145493697e-10
3.5365201710934404e-09
1.4520388022910267e-09
5.96536447131979e-10
7.3768395085181665e-06
1.4520389239072604e-09
-1.7356465253286374e-09
5.522678645990686e-12
-1.2916398615280976e-09
-1.7586953766257322e-13
-1.2040742504134307e-13
1.1672351550688267e-06
-1.3662281791335737e-06
9.170526823853733e-10
-7.57528351879555e-12
8.959609128594711e-13
3.536520083648511e-09
5.965359015642543e-10
1.4520385514716482e-09
5.965356837355448e-10
1.452039086646561e-09
7.376839509324356e-06
-1.7356464158559927e-09
5.522718195372141e-12
-1.7581976704611305e-13
-1.291640163824884e-09
-1.2106864031880765e-13
1.1672351545002097e-06
9.170525130884793e-10
-1.3662281789939346e-06
-7.575453785915553e-12
-1.3553851006853682e-12
-1.2993118593110072e-10
-1.2993150991603268e-10
-1.5068436130218877e-09
2.7786072786671977e-10
-8.258279436022207e-10
-8.258276438854304e-10
5.961361179896902e-13
8.282182328464283e-14
-8.934308636512601e-13
-8.932932852049366e-13
1.6275649490730703e-14
1.2298789742857575e-11
2.01720650404931e-13
2.014743473851104e-13
6.755762911855129e-16
2.5268960186255173e-17
-1.3109231235187013e-12
3.846588570548341e-16
2.0143259113118042e-13
3.407136902191844e-16
2.0153937205537837e-13
1.6206212384623884e-14
-2.005785911531433e-13
1.2706344229084527e-15
-5.8229968879291435e-12
3.853734556728162e-14
8.166743148222794e-14
-5.823054613764204e-12
-6.813419844315889e-10
8.162226683853273e-14
8.955343867925093e-13
-1.310351292574167e-12
1.0860197742401379e-06
-2.864499194996284e-13
-6.366847778803856e-07
-2.861310619310374e-13
-6.366847778841911e-07
-1.521262858782967e-13
-4.3324417850779464e-11
-7.575168172385941e-12
-1.3662281787105178e-06
-1.202224960872291e-13
-1.2916401093952275e-09
9.170524563133672e-10
1.1672351544072283e-06
-1.754242532421757e-13
5.522357504830058e-12
9.97647033714502e-16
-5.823052374868044e-12
-5.823158889510085e-12
-6.813418754884183e-10
3.831736948983231e-14
8.141156573736449e-14
8.122692656965722e-14
8.955089851536179e-13
5.955204141960903e-13
-1.506843832439639e-09
-8.258279242851839e-10
-1.2993142100729322e-10
-8.258277594670813e-10
-1.299311248308066e-10
2.778606383250476e-10
-1.3554247581339297e-12
-7.57512969180407e-12
-1.3662281788304708e-06
9.170522642227548e-10
1.1672351548316913e-06
-1.2065762201530514e-13
-1.2916403330898715e-09
-1.758238877514549e-13
5.5223790121730265e-12
2.8271809077543166e-09
2.194132605034561e-10
-9.606414228265787e-10
2.1518146457155933e-09
-9.60641159335606e-10
2.1518145837761796e-09
-7.316327098338198e-14
8.288707227502408e-14
-1.3108719719795968e-12
1.0860197732515147e-06
-5.823003853135626e-12
-1.3662281784558313e-06
-5.823255363697606e-12
-1.3662281783641967e-06
-1.5068434824167235e-09
2.1941313193912596e-10
-5.8229296201539885e-12
-1.2459101468752901e-06
-1.640016033096796e-11
-5.450462756807929e-10
1.858146722530857e-09
5.484195604043045e-06
1.1737275249233854e-09
5.965363380227529e-10
1.0860197732715184e-06
-0.1441361740065684
-1.2459101463496306e-06
0.08507642499145518
-1.2459101465301564e-06
0.08507642499145324
-5.14618706971368e-10
-1.2011134912433365e-05
-1.366228179170622e-06
0.0850764249914537
-5.450458649156688e-10
-8.561659563961185e-06
5.48419560385891e-06
-0.07263034906540246
-2.3079154651891629e-10
1.1672351547351378e-06
-5.822924571064147e-12
-1.2459101463937648e-06
1.8581464552810502e-09
5.4841956043210616e-06
-1.640061684681835e-11
-5.450461390269745e-10
1.1737278228886186e-09
5.965365719318532e-10
-1.5068435878354387e-09
-5.14618928117684e-10
1.173728237860225e-09
-2.307920280617605e-10
1.1737279997047282e-09
-2.307919929757415e-10
-6.428497150965653e-10
2.7786060286921636e-10
-1.3662281789819772e-06
0.08507642499145217
5.48419560376893e-06
-0.07263034906540025
-5.450463435948246e-10
-8.561659563303753e-06
-2.3079177337791917e-10
1.1672351552873557e-06
2.194132032042015e-10
-1.2011134911850968e-05
5.965357350192752e-10
1.1672351541278317e-06
5.965363264409219e-10
1.167235154543539e-06
2.778602364027732e-10
1.2299562401260282e-11
3.338631905798909e-16
-5.823166831503185e-12
-2.8592704584505683e-13
9.170521248281948e-10
3.848290378504083e-14
-8.258281139700472e-10
-1.2060693073715193e-13
-9.606413799478488e-10
3.833427529961102e-14
-1.6400303274572113e-11
1.905158145578369e-12
2.39159967224489e-12
-1.6400396156535487e-11
-1.748775168126998e-09
2.391669665583421e-12
3.5365197566693406e-09
-2.858989658015287e-13
-1.2459101468115545e-06
8.876438904486604e-12
1.0631138781238667e-06
1.905240091602363e-12
5.342639036686416e-07
5.358337633376266e-14
1.5900482605661644e-09
-1.2048951295378174e-13
-5.45046162433953e-10
5.34235461166488e-14
1.436131693990193e-12
2.391541918052026e-12
-2.3079186581694117e-10
-3.750081437388502e-13
-1.760995177390819e-13
-5.823284513542714e-12
1.8581471654992477e-09
-1.2459101460495213e-06
5.484195603667059e-06
-1.64005531636255e-11
1.1737277531093398e-09
-5.450463776377973e-10
5.965361651723691e-10
-8.258283274364533e-10
1.1737278815354541e-09
5.342639040799444e-07
9.611200555850698e-10
-1.748774967667645e-09
8.685312261510783e-10
-2.3079164656771672e-10
-1.2993123835541445e-10
9.170521491661887e-10
5.4841956040778894e-06
1.0631138782151995e-06
-8.561659563400396e-06
2.3913350222517842e-12
9.61120001121578e-10
1.4360398087599777e-12
-1.2916400489812695e-09
-9.606413809300908e-10
5.965363268866973e-10
1.590048486899824e-09
-1.2916400055118147e-09
3.5365196414669227e-09
-1.2993123683026923e-10
-1.7615818369373524e-13
-8.931173207766184e-13
2.0180476136676108e-13
-1.3662281786416824e-06
9.170519088299888e-10
6.872666950038291e-06
-8.258274281867341e-10
7.37683950883565e-06
1.4520389800881755e-09
-2.251429941746982e-05
8.144635605076337e-14
-5.45046108555099e-10
2.3916396902141794e-12
2.277910798979165e-09
1.173727652738572e-09
-2.4101907742420682e-08
-6.767984772276208e-10
1.452038710403896e-09
-6.366847777012551e-07
0.08507642499145115
1.0631138784998771e-06
-0.07272768697886338
5.342639040393266e-07
-0.03686368253387373
2.277910178732067e-09
6.8726669502284465e-06
-1.2916400431441301e-09
-8.561659563825734e-06
1.4362913754336116e-12
1.0631138780627636e-06
9.611201897518532e-10
5.484195604271417e-06
2.3914144096375745e-12
9.170521982101561e-10
-6.813420620529115e-10
5.484195604334395e-06
5.484195603753814e-06
-0.036863682533873295
-1.7487749717641537e-09
-2.4101907893306873e-08
-2.410190741656161e-08
7.376839508338153e-06
-1.2993137098702392e-10
-2.3079188238772814e-10
9.611200880892925e-10
5.342639040110594e-07
8.68531775061305e-10
-1.748775493835501e-09
1.1737278993150006e-09
-8.258280948143544e-10
1.1672351550578229e-06
-0.07263034906539978
-8.561659562940942e-06
0.08507642499145346
-2.3079170241600497e-10
5.484195604038925e-06
-5.450460606890959e-10
-1.3662281784816033e-06
2.151814609498557e-09
1.1672351546777382e-06
-1.291640178443102e-09
-6.36684777628444e-07
-1.2993134967323812e-10
-6.813415466835585e-10
8.112800187493573e-14
2.01682084632509e-13
6.121828845315438e-17
-5.822985885245311e-12
3.829707399268495e-14
-8.258278920327494e-10
-2.8581069058145424e-13
9.170523129322719e-10
-1.2105026529004017e-13
-9.606415863810957e-10
-5.823057468634117e-12
1.8581470589631007e-09
-1.640035227771011e-11
1.1737281713615529e-09
-1.2459101468698194e-06
5.484195604009059e-06
-5.450458593391457e-10
5.9653618805186e-10
-2.8586936832877535e-13
-1.2459101471426756e-06
1.9051106173065205e-12
5.342639035968453e-07
8.876323890553014e-12
1.0631138780202443e-06
5.334176391180269e-14
1.590048041199835e-09
9.170521897099162e-10
5.484195603448438e-06
2.3917586354593716e-12
9.611199458557022e-10
1.0631138781201755e-06
-8.56165956397148e-06
1.4357696049328088e-12
-1.2916402366018355e-09
3.865382200459011e-14
-1.6400458485987983e-11
-1.640039452113304e-11
-1.7487748588254084e-09
1.9054400608304e-12
2.391781355988356e-12
2.39172110399996e-12
3.53652014089678e-09
-8.258279233163257e-10
1.173727761848972e-09
-1.7487751239877683e-09
8.685311250307597e-10
5.342639036273138e-07
9.61120411375562e-10
-2.3079211088251825e-10
-1.2993158075076382e-10
-1.2066385648125183e-13
-5.45046160540015e-10
2.3917034313167477e-12
-2.307918921042966e-10
5.3320544737884414e-14
1.4358035023428697e-12
-3.7486308623536054e-13
-1.7635969823673578e-13
-9.606409997269905e-10
5.96536302467275e-10
3.5365202577698404e-09
-1.2993150055407742e-10
1.5900485681675449e-09
-1.2916398914156487e-09
-1.756313402533633e-13
-8.932688285524145e-13
2.0175550837280897e-13
-1.3662281787623266e-06
-8.258280304998115e-10
7.3768395092396005e-06
9.170526913478638e-10
6.872666950393107e-06
1.452038318238387e-09
-2.2514299418733054e-05
-6.813416157862521e-10
5.484195604321118e-06
-1.7487751764266075e-09
-2.410190835933994e-08
5.484195604001741e-06
-0.03686368253387366
-2.4101907771624962e-08
7.3768395094206555e-06
-6.366847772185785e-07
0.08507642499145356
5.342639032805397e-07
-0.03686368253387173
1.0631138786354297e-06
-0.07272768697886466
2.2779107901509783e-09
6.872666951148991e-06
1.1672351548942e-06
-0.07263034906540071
-2.3079187231225862e-10
5.484195603867823e-06
-8.561659564241404e-06
0.08507642499145286
-5.450463830934615e-10
-1.3662281790611812e-06
8.178685625669061e-14
-5.450464360976793e-10
1.1737280054230331e-09
-2.410190800626692e-08
2.3914598372360558e-12
2.2779101828161658e-09
-6.767985308499279e-10
1.4520390431642762e-09
-1.2993141136914672e-10
-2.3079204301655427e-10
8.685312279839822e-10
-1.748775227011392e-09
9.611198328463733e-10
5.342639036443482e-07
1.1737277819214854e-09
-8.258278852091484e-10
-1.2916404425261002e-09
-8.561659563495244e-06
9.611198418467415e-10
5.48419560460443e-06
1.436230791163282e-12
1.063113877882486e-06
2.3914533755726317e-12
9.170522358055412e-10
2.151814372916958e-09
1.1672351543536488e-06
-1.2993114690424736e-10
-6.813418915353173e-10
-1.2916402707736298e-09
-6.366847778081692e-07
8.157005474522227e-14
2.0154973959912005e-13
1.6137351861985747e-14
-1.5068437546965343e-09
-1.2060243477704396e-13
1.4520390068258266e-09
-1.2055597298401645e-13
1.4520385720679533e-09
-1.8084192193764695e-10
-8.435930409476183e-10
8.156406613193973e-14
1.1737283714021022e-09
2.391990637631355e-12
-6.767986702096065e-10
-5.45046624210471e-10
-2.4101907585312e-08
2.2779104490562355e-09
1.4520387215577328e-09
-1.5275988747337473e-13
-5.146181697553042e-10
5.358530188675066e-14
2.2779107170368285e-09
5.325997943076898e-14
2.2779110783175836e-09
-5.588237877936957e-13
-1.8084122702955334e-10
-1.7566693306651078e-13
-2.3079191443736825e-10
-3.751472577113034e-13
2.3916362744360235e-12
1.435854383614611e-12
-5.450458723648359e-10
5.3115204685673214e-14
-1.2063458523243216e-13
8.150346770396966e-14
1.1737279719775393e-09
-5.450464480190745e-10
-2.410190755828809e-08
2.3915291660320034e-12
-6.767986914709233e-10
2.2779110532477406e-09
1.4520382709023825e-09
2.7786058723949155e-10
-6.428493179507717e-10
-2.3079220030628292e-10
1.1737278435526124e-09
-2.3079234643801453e-10
1.1737279352725736e-09
-5.146188656376005e-10
-1.5068436079065249e-09
-1.760986856125367e-13
-2.3079206869557113e-10
1.4358966475959612e-12
-5.450464479396111e-10
-3.7517788111965e-13
2.391575611157228e-12
5.3376482756764374e-14
-1.2039271876502303e-13
-7.344504474109325e-14
2.7786052185187614e-10
-1.755707287802288e-13
8.167498124730384e-14
-1.7589622029766826e-13
8.187805634313947e-14
-1.524758365315882e-13
1.6230490771542162e-14
-2.0030778552506877e-13
2.1941267062468654e-10
-9.606410984043509e-10
-2.251429941840496e-05
-9.606411471397816e-10
-2.2514299417586287e-05
-8.435925107383201e-10
-1.6165372392410577e-05
8.958947145507617e-13
5.965363322084027e-10
3.5365202998171015e-09
1.4520387470102488e-09
5.965360495399713e-10
7.376839509267154e-06
1.4520387910525663e-09
-1.7356466462492972e-09
-4.3324154528394464e-11
-1.2011134911574509e-05
1.5900478887319321e-09
6.87266695108171e-06
1.5900484883795385e-09
6.872666951226999e-06
-1.808416944951551e-10
2.3898965703760694e-09
5.52263980743474e-12
1.167235155063267e-06
-1.7574665770309047e-13
9.17052451846918e-10
-1.291640218032081e-09
-1.3662281788142344e-06
-1.204995712393058e-13
-7.575159347747494e-12
8.958391361026923e-13
5.965365129880083e-10
5.965356298247495e-10
7.376839508469895e-06
3.536520070886605e-09
1.4520388290254543e-09
1.4520385896258009e-09
-1.7356462156775673e-09
-1.35549845944549e-12
2.77860250534265e-10
-1.2993130590491388e-10
-8.258277900874324e-10
-1.2993142677447855e-10
-8.258280495117382e-10
-1.506843666505651e-09
5.956163655962812e-13
5.522778721525531e-12
1.1672351546498603e-06
-1.2916401446743266e-09
-1.3662281789697827e-06
-1.757928675201069e-13
9.170520460037756e-10
-1.206170605632495e-13
-7.575505428500643e-12
8.253293538185239e-14
1.2299241670278328e-11
-8.933505473000644e-13
2.0140980111017688e-13
-8.933017462810736e-13
2.0164657761913437e-13
1.6288495087767947e-14
6.274156744430068e-16
3.8688097625998166e-16
2.017147428144848e-13
1.6005640835074007e-14
-8.932823637528962e-13
2.0153854849181482e-13
1.2299194952694235e-11
-8.932888713407692e-13
8.263634706473386e-14
-7.575595134117662e-12
9.170523844865538e-10
-1.2057758467619393e-13
-1.7593718067887644e-13
-1.3662281795080423e-06
1.167235155097893e-06
-1.291640197426977e-09
5.522629085597515e-12
-7.575451049858415e-12
-1.3662281790967718e-06
-1.2062185335738987e-13
-1.2916403998910494e-09
9.170525803652843e-10
1.167235154909172e-06
-1.756058916415903e-13
5.52294173514025e-12
2.389896564083179e-09
6.872666949979903e-06
-1.8084161602183761e-10
1.5900482278932652e-09
6.872666949654876e-06
-1.2011134912206773e-05
1.5900482659408848e-09
-4.332413977586093e-11
5.959760755207227e-13
-8.258277786719735e-10
-1.5068435713940974e-09
-1.29931242432093e-10
-8.258278383849927e-10
2.778604434532283e-10
-1.2993133541691747e-10
-1.3555035830256067e-12
-1.7356465181203352e-09
1.4520387270984957e-09
1.4520388541108322e-09
3.5365199600110283e-09
7.376839509493587e-06
5.965360384357899e-10
5.965362847535722e-10
8.956189976309897e-13
-1.7356461803340726e-09
7.376839508980556e-06
1.4520390494182056e-09
5.965357576499577e-10
1.4520388545717298e-09
5.965360226944669e-10
3.5365198654332576e-09
8.956459070323756e-13
-1.6165372390930506e-05
-2.2514299417759356e-05
-8.435927569714192e-10
-9.606412248342864e-10
-2.2514299418333313e-05
2.1941280563602916e-10
-9.606408574127087e-10
-2.003101593798404e-13
2.014099487240293e-13
-6.36684777868047e-07
8.152373554676783e-14
-1.2916402214680717e-09
-6.81342015520722e-10
1.1672351543168925e-06
-1.2993124787352145e-10
2.1518143093021063e-09
9.170521662513251e-10
1.0631138786355491e-06
2.3916641029449224e-12
1.4358829012511254e-12
5.484195604467298e-06
-8.561659564203228e-06
9.611196187479253e-10
-1.2916399342821507e-09
-1.3662281785760395e-06
0.08507642499145106
-5.450463334110261e-10
-8.561659563932358e-06
5.484195604345621e-06
-0.07263034906540107
-2.3079189462346847e-10
1.1672351544950737e-06
6.872666950868844e-06
-0.07272768697886371
2.277910564500865e-09
1.0631138784492065e-06
-0.03686368253387216
0.08507642499145227
5.342639037635082e-07
-6.366847774830786e-07
-8.258280161069304e-10
5.34263903687501e-07
1.1737283224773515e-09
9.611198614544053e-10
-1.7487753906875264e-09
-2.3079187876448712e-10
8.685314829510769e-10
-1.299313232276674e-10
1.4520386818857884e-09
2.277910740728325e-09
-6.767986988047588e-10
2.3913835437152165e-12
-2.410190738402556e-08
-5.45046718177068e-10
1.1737276398707823e-09
8.170579867565279e-14
7.37683950849466e-06
-0.03686368253387143
-2.4101907848155315e-08
5.48419560485502e-06
-2.4101907406250306e-08
5.484195603662662e-06
-1.7487749656843991e-09
-6.813414259998084e-10
-2.2514299418167108e-05
6.872666951582819e-06
1.4520385228507811e-09
9.170522425134495e-10
7.376839509685719e-06
-1.366228179040874e-06
-8.258278606764094e-10
2.0161434447569854e-13
1.630255250544504e-14
8.156799510527437e-14
-1.5261303501945996e-13
-1.7655482587113226e-13
8.131873003899516e-14
2.778607640497928e-10
-1.7624899201558523e-13
-7.359538871376619e-14
-1.2058076504884481e-13
2.391729587402497e-12
5.286626564601175e-14
-3.7497216085802e-13
-5.450461686766799e-10
-2.3079228447530836e-10
1.435880842569918e-12
-1.759064162410636e-13
-1.2075171747452864e-13
-5.450463596879209e-10
5.360623040950187e-14
1.4361516858394721e-12
2.3916700406006337e-12
-2.3079210887026293e-10
-3.750748794621876e-13
-1.7568768828627815e-13
-1.8084165533957576e-10
2.277910497453678e-09
-5.590033398960179e-13
5.322405194325019e-14
2.2779110045754755e-09
-5.146185062443689e-10
5.3383120424327734e-14
-1.5265870035921097e-13
-1.5068433150751666e-09
1.1737282116727459e-09
-5.146188498505171e-10
-2.3079216745017193e-10
1.173727971361535e-09
-6.428496001056101e-10
-2.3079170164277094e-10
2.7786095457145404e-10
1.452038549432475e-09
-6.767986346051117e-10
2.2779111114170065e-09
2.391714625098471e-12
-2.410190759429636e-08
1.1737276879480347e-09
-5.450468141850827e-10
8.139272069087771e-14
1.4520388434799686e-09
-2.4101908037987955e-08
2.27791066415259e-09
-5.450466462461889e-10
-6.767979756220188e-10
1.1737281658477886e-09
2.39176497810416e-12
8.152731414675135e-14
-8.435932686995782e-10
1.4520390147927304e-09
-1.8084178237905777e-10
-1.2057847936409748e-13
1.4520386412306e-09
-1.5068433969640521e-09
-1.2024415252860616e-13
1.6200953339937644e-14
-8.933768033609741e-13
-1.2916396708640914e-09
-1.7595207400159967e-13
1.5900486661543074e-09
-1.2993106948477944e-10
5.965359823558883e-10
3.5365199872528677e-09
-9.606412609673748e-10
-1.7616494642911406e-13
1.4356352588721462e-12
-3.749278442943444e-13
5.325834002030656e-14
-2.3079248360892206e-10
-5.450460957191024e-10
2.391773185841839e-12
-1.205292785019098e-13
-1.2916400114245958e-09
-8.561659564091814e-06
1.4359513805667132e-12
1.0631138776402903e-06
9.611194583870404e-10
5.48419560387732e-06
2.3914523444335576e-12
9.170525255114706e-10
1.5900485627715374e-09
1.0631138782876348e-06
5.363565999955249e-14
8.876744516652658e-12
5.342639031648408e-07
-1.2459101472653558e-06
1.905389112565922e-12
-2.8597884448370935e-13
-1.2993134548707704e-10
9.611197722499895e-10
-2.307916137778238e-10
5.342639038193263e-07
8.685311724418262e-10
1.1737279240906934e-09
-1.7487755122983717e-09
-8.258279342524329e-10
3.536520016981288e-09
2.391559596999362e-12
2.3915521872752087e-12
1.9051235118491776e-12
-1.7487752009435107e-09
-1.640039632977093e-11
-1.640038242107818e-11
3.8373217509142554e-14
5.965358000842935e-10
5.484195604396069e-06
-5.450462185084096e-10
-1.2459101464219e-06
1.1737280874573188e-09
1.8581472025571569e-09
-1.6400163544153195e-11
-5.822695698013968e-12
-9.606412437939047e-10
9.1705251002227e-10
-1.2045445236888924e-13
-2.8610623852170087e-13
-8.258282527167259e-10
-5.8232647551619e-12
3.8429675220069475e-14
2.742242753253927e-16
2.0151529489448232e-13
-6.813415267725912e-10
8.141316913594004e-14
-1.2993094440876186e-10
-6.366847777007338e-07
1.1672351548389216e-06
-1.2916400362115571e-09
2.1518147719227253e-09
-1.3662281787407717e-06
5.484195604088651e-06
-5.450467919437266e-10
-2.3079212513640104e-10
0.08507642499145479
-0.07263034906539884
-8.561659563596806e-06
1.1672351548700232e-06
9.170521551410161e-10
5.484195603828834e-06
2.3913744150340083e-12
9.611196040275645e-10
1.0631138778802848e-06
-8.561659563420588e-06
1.4361278189999249e-12
-1.2916399522870376e-09
6.872666950443837e-06
-0.03686368253387325
2.2779106845487143e-09
5.342639033927451e-07
-0.07272768697886532
0.08507642499145156
1.063113878057304e-06
-6.366847775028254e-07
-8.258282047936144e-10
-1.7487752363977921e-09
1.1737281753626201e-09
8.685317257927367e-10
5.342639039169196e-07
-2.3079181845855813e-10
9.611200812640352e-10
-1.2993133181672901e-10
7.376839509140225e-06
-2.4101908152962808e-08
-2.4101907968275817e-08
-1.7487747736929074e-09
-0.036863682533872025
5.484195603827461e-06
5.48419560413355e-06
-6.813413122453774e-10
1.4520388266829843e-09
-2.4101907536039196e-08
-6.767991269979168e-10
1.1737281236365787e-09
2.2779103609383107e-09
-5.450463226961894e-10
2.3918308539406234e-12
8.169339811436842e-14
-2.2514299418209974e-05
7.3768395093855765e-06
1.452038981984026e-09
-8.258277420324298e-10
6.872666951135589e-06
-1.3662281789773933e-06
9.170525967014534e-10
2.016148491450797e-13
1.2299061976185067e-11
1.167235154942855e-06
2.7786031340502157e-10
5.965364264716891e-10
1.1672351550648924e-06
-1.2011134911800312e-05
5.965362013982504e-10
2.194128335967847e-10
1.167235154888796e-06
-8.561659563628618e-06
-2.307920275753267e-10
-5.45046184749077e-10
-0.07263034906540104
0.0850764249914521
5.4841956040940525e-06
-1.3662281786465164e-06
1.1672351552843343e-06
-0.07263034906540115
-2.3079196564813525e-10
5.484195604220963e-06
-8.561659563228027e-06
0.08507642499145661
-5.45045928162548e-10
-1.3662281788818694e-06
-1.2011134911886644e-05
0.08507642499145399
-5.146189105310941e-10
-1.2459101469988953e-06
0.08507642499145283
-0.14413617400656936
-1.2459101463169156e-06
1.0860197731251456e-06
2.7786064614838703e-10
-2.307921487833573e-10
-6.428496063857334e-10
1.1737278166014474e-09
-2.307918205530488e-10
-5.146189247723603e-10
1.1737282011648726e-09
-1.5068433362564534e-09
5.965363359858799e-10
-5.450462647170601e-10
1.1737276606217323e-09
-1.6400376770094358e-11
5.484195603633213e-06
-1.24591014645374e-06
1.8581465255883793e-09
-5.8229395306757656e-12
5.965362132785622e-10
5.484195604273773e-06
1.1737280050157815e-09
1.8581469104405578e-09
-5.450466732713469e-10
-1.2459101462128454e-06
-1.6400573896208496e-11
-5.823291358193706e-12
2.1941270556218363e-10
-1.366228178942785e-06
-1.506843683124896e-09
-5.822883740520494e-12
-1.3662281783755103e-06
1.0860197734301529e-06
-5.823100154709987e-12
-1.310463094268294e-12
-8.933592630745272e-13
-1.2993111065243743e-10
-1.7599668934568141e-13
3.5365201717400508e-09
-1.2916400108127746e-09
5.965363315778163e-10
1.5900486883324133e-09
-9.606411721267837e-10
-1.2916400003529148e-09
9.611198239575188e-10
1.4358544240655338e-12
2.3915033206385892e-12
-8.561659563719252e-06
5.484195604220418e-06
1.063113878442037e-06
9.170524329900573e-10
-1.759044425633534e-13
-2.3079203522626572e-10
-3.746017470221697e-13
2.391673535181246e-12
1.4358946775056393e-12
-5.450462364620654e-10
5.3353205016661145e-14
-1.203208967764526e-13
1.5900483628966252e-09
5.342639035183025e-07
5.349603693553409e-14
1.9054624547481496e-12
1.0631138784360076e-06
-1.2459101465595857e-06
8.876523887352849e-12
-2.861555623203332e-13
-1.29931193618118e-10
8.685314487165841e-10
-2.3079155296058618e-10
-1.7487753371068125e-09
9.611198863991858e-10
1.1737277292631641e-09
5.342639033836852e-07
-8.258281166396717e-10
5.965362453590405e-10
1.1737274816439863e-09
-5.450465120573736e-10
-1.6400143286671033e-11
5.484195603911829e-06
1.8581469423552525e-09
-1.2459101464659748e-06
-5.823116050870827e-12
3.5365198136096407e-09
-1.7487755492062725e-09
2.3916586775612722e-12
-1.640038718558837e-11
2.3916581333949882e-12
-1.6400180346691015e-11
1.9053940698733944e-12
3.857217313401537e-14
-9.606410919760243e-10
-8.25827846581951e-10
-1.2034080490027576e-13
3.8540618420643355e-14
9.170520252993864e-10
-5.822972787056733e-12
-2.858117291719199e-13
2.218019225789343e-16
8.267784230464482e-14
2.151814192637019e-09
-7.324665196315041e-14
-9.606411132108693e-10
2.1518146880047686e-09
2.1941365035199347e-10
-9.606413058776378e-10
2.827180762855835e-09
5.522321809528405e-12
-1.2916399614994238e-09
-1.7608072134526895e-13
-1.2023367551504452e-13
1.16723515472608e-06
-1.3662281788257602e-06
9.170524520491892e-10
-7.575260281881712e-12
5.522538199995287e-12
1.1672351546103538e-06
-1.7613978651960081e-13
9.170525515681465e-10
-1.2916401375913054e-09
-1.3662281790717837e-06
-1.2043679687578195e-13
-7.575355998884564e-12
-4.332410810941626e-11
-6.366847777305151e-07
-1.519957645886088e-13
-2.859440069556115e-13
-6.366847775654075e-07
1.0860197738491293e-06
-2.861225907403936e-13
-1.3106835272175228e-12
-1.355106620308105e-12
-1.2993140901666732e-10
2.7786058188074294e-10
-8.258280030852792e-10
-1.2993144877899359e-10
-1.50684372887545e-09
-8.258278868861946e-10
5.956858490166661e-13
8.962400023600136e-13
8.192117511729658e-14
8.117344025560647e-14
3.866393036981164e-14
-6.813417070148673e-10
-5.82309448441371e-12
-5.8227426977848635e-12
9.466061496194538e-16
8.958191997860246e-13
-6.81341776305782e-10
8.123668914526632e-14
-5.823067346516824e-12
8.144588190397863e-14
-5.822737492362518e-12
3.848027556337495e-14
7.656324878212633e-16
-2.0045821962106793e-13
2.0150642479067766e-13
1.6218275355950418e-14
4.0804208982555084e-16
2.0160344276899375e-13
-1.310786609684269e-12
2.1928154388429487e-16
-5.993271305771092e-17
-5.993271305771092e-17
2.1928154388429487e-16
-1.310786609684269e-12
2.0160344276899375e-13
4.0804208982555084e-16
1.6218275355950418e-14
2.0150642479067766e-13
-2.0045821962106793e-13
7.656324878212633e-16
3.848027556337495e-14
-5.822737492362518e-12
8.144588190397863e-14
-5.823067346516824e-12
8.123668914526632e-14
-6.81341776305782e-10
8.958191997860246e-13
9.466061496194538e-16
-5.8227426977848635e-12
-5.82309448441371e-12
-6.813417070148673e-10
3.866393036981164e-14
8.117344025560647e-14
8.192117511729658e-14
8.962400023600136e-13
5.956858490166661e-13
-8.258278868861946e-10
-1.50684372887545e-09
-1.2993144877899359e-10
-8.258280030852792e-10
2.7786058188074294e-10
-1.2993140901666732e-10
-1.355106620308105e-12
-1.3106835272175228e-12
-2.861225907403936e-13
1.0860197738491293e-06
-6.366847775654075e-07
-2.859440069556115e-13
-1.519957645886088e-13
-6.366847777305151e-07
-4.332410810941626e-11
-7.575355998884564e-12
-1.2043679687578195e-13
-1.3662281790717837e-06
-1.2916401375913054e-09
9.170525515681465e-10
-1.7613978651960081e-13
1.1672351546103538e-06
5.522538199995287e-12
-7.575260281881712e-12
9.170524520491892e-10
-1.3662281788257602e-06
1.16723515472608e-06
-1.2023367551504452e-13
-1.7608072134526895e-13
-1.2916399614994238e-09
5.522321809528405e-12
2.827180762855835e-09
-9.606413058776378e-10
2.1941365035199347e-10
2.1518146880047686e-09
-9.606411132108693e-10
-7.324665196315041e-14
2.151814192637019e-09
8.267784230464482e-14
2.218019225789343e-16
-2.858117291719199e-13
-5.822972787056733e-12
9.170520252993864e-10
3.8540618420643355e-14
-1.2034080490027576e-13
-8.25827846581951e-10
-9.606410919760243e-10
3.857217313401537e-14
1.9053940698733944e-12
-1.6400180346691015e-11
2.3916581333949882e-12
-1.640038718558837e-11
2.3916586775612722e-12
-1.7487755492062725e-09
3.5365198136096407e-09
-5.823116050870827e-12
-1.2459101464659748e-06
1.8581469423552525e-09
5.484195603911829e-06
-1.6400143286671033e-11
-5.450465120573736e-10
1.1737274816439863e-09
5.965362453590405e-10
-8.258281166396717e-10
5.342639033836852e-07
1.1737277292631641e-09
9.611198863991858e-10
-1.7487753371068125e-09
-2.3079155296058618e-10
8.685314487165841e-10
-1.29931193618118e-10
-2.861555623203332e-13
8.876523887352849e-12
-1.2459101465595857e-06
1.0631138784360076e-06
1.9054624547481496e-12
5.349603693553409e-14
5.342639035183025e-07
1.5900483628966252e-09
-1.203208967764526e-13
5.3353205016661145e-14
-5.450462364620654e-10
1.4358946775056393e-12
2.391673535181246e-12
-3.746017470221697e-13
-2.3079203522626572e-10
-1.759044425633534e-13
9.170524329900573e-10
1.063113878442037e-06
5.484195604220418e-06
-8.561659563719252e-06
2.3915033206385892e-12
1.4358544240655338e-12
9.611198239575188e-10
-1.2916400003529148e-09
-9.606411721267837e-10
1.5900486883324133e-09
5.965363315778163e-10
-1.2916400108127746e-09
3.5365201717400508e-09
-1.7599668934568141e-13
-1.2993111065243743e-10
-8.933592630745272e-13
-1.310463094268294e-12
-5.823100154709987e-12
1.0860197734301529e-06
-1.3662281783755103e-06
-5.822883740520494e-12
-1.506843683124896e-09
-1.366228178942785e-06
2.1941270556218363e-10
-5.823291358193706e-12
-1.6400573896208496e-11
-1.2459101462128454e-06
-5.450466732713469e-10
1.8581469104405578e-09
1.1737280050157815e-09
5.484195604273773e-06
5.965362132785622e-10
-5.8229395306757656e-12
1.8581465255883793e-09
-1.24591014645374e-06
5.484195603633213e-06
-1.6400376770094358e-11
1.1737276606217323e-09
-5.450462647170601e-10
5.965363359858799e-10
-1.5068433362564534e-09
1.1737282011648726e-09
-5.146189247723603e-10
-2.307918205530488e-10
1.1737278166014474e-09
-6.428496063857334e-10
-2.307921487833573e-10
2.7786064614838703e-10
1.0860197731251456e-06
-1.2459101463169156e-06
-0.14413617400656936
0.08507642499145283
-1.2459101469988953e-06
-5.146189105310941e-10
0.08507642499145399
-1.2011134911886644e-05
-1.3662281788818694e-06
-5.45045928162548e-10
0.08507642499145661
-8.561659563228027e-06
5.484195604220963e-06
-2.3079196564813525e-10
-0.07263034906540115
1.1672351552843343e-06
-1.3662281786465164e-06
5.4841956040940525e-06
0.0850764249914521
-0.07263034906540104
-5.45046184749077e-10
-2.307920275753267e-10
-8.561659563628618e-06
1.167235154888796e-06
2.194128335967847e-10
5.965362013982504e-10
-1.2011134911800312e-05
1.1672351550648924e-06
5.965364264716891e-10
2.7786031340502157e-10
1.167235154942855e-06
1.2299061976185067e-11
2.016148491450797e-13
9.170525967014534e-10
-1.3662281789773933e-06
6.872666951135589e-06
-8.258277420324298e-10
1.452038981984026e-09
7.3768395093855765e-06
-2.2514299418209974e-05
8.169339811436842e-14
2.3918308539406234e-12
-5.450463226961894e-10
2.2779103609383107e-09
1.1737281236365787e-09
-6.767991269979168e-10
-2.4101907536039196e-08
1.4520388266829843e-09
-6.813413122453774e-10
5.48419560413355e-06
5.484195603827461e-06
-0.036863682533872025
-1.7487747736929074e-09
-2.4101907968275817e-08
-2.4101908152962808e-08
7.376839509140225e-06
-1.2993133181672901e-10
9.611200812640352e-10
-2.3079181845855813e-10
5.342639039169196e-07
8.685317257927367e-10
1.1737281753626201e-09
-1.7487752363977921e-09
-8.258282047936144e-10
-6.366847775028254e-07
1.063113878057304e-06
0.08507642499145156
-0.07272768697886532
5.342639033927451e-07
2.2779106845487143e-09
-0.03686368253387325
6.872666950443837e-06
-1.2916399522870376e-09
1.4361278189999249e-12
-8.561659563420588e-06
1.0631138778802848e-06
9.611196040275645e-10
2.3913744150340083e-12
5.484195603828834e-06
9.170521551410161e-10
1.1672351548700232e-06
-8.561659563596806e-06
-0.07263034906539884
0.08507642499145479
-2.3079212513640104e-10
-5.450467919437266e-10
5.484195604088651e-06
-1.3662281787407717e-06
2.1518147719227253e-09
-1.2916400362115571e-09
1.1672351548389216e-06
-6.366847777007338e-07
-1.2993094440876186e-10
8.141316913594004e-14
-6.813415267725912e-10
2.0151529489448232e-13
2.742242753253927e-16
3.8429675220069475e-14
-5.8232647551619e-12
-8.258282527167259e-10
-2.8610623852170087e-13
-1.2045445236888924e-13
9.1705251002227e-10
-9.606412437939047e-10
-5.822695698013968e-12
-1.6400163544153195e-11
1.8581472025571569e-09
1.1737280874573188e-09
-1.2459101464219e-06
-5.450462185084096e-10
5.484195604396069e-06
5.965358000842935e-10
3.8373217509142554e-14
-1.640038242107818e-11
-1.640039632977093e-11
-1.7487752009435107e-09
1.9051235118491776e-12
2.3915521872752087e-12
2.391559596999362e-12
3.536520016981288e-09
-8.258279342524329e-10
-1.7487755122983717e-09
1.1737279240906934e-09
8.685311724418262e-10
5.342639038193263e-07
-2.307916137778238e-10
9.611197722499895e-10
-1.2993134548707704e-10
-2.8597884448370935e-13
1.905389112565922e-12
-1.2459101472653558e-06
5.342639031648408e-07
8.876744516652658e-12
5.363565999955249e-14
1.0631138782876348e-06
1.5900485627715374e-09
9.170525255114706e-10
2.3914523444335576e-12
5.48419560387732e-06
9.611194583870404e-10
1.0631138776402903e-06
1.4359513805667132e-12
-8.561659564091814e-06
-1.2916400114245958e-09
-1.205292785019098e-13
2.391773185841839e-12
-5.450460957191024e-10
-2.3079248360892206e-10
5.325834002030656e-14
-3.749278442943444e-13
1.4356352588721462e-12
-1.7616494642911406e-13
-9.606412609673748e-10
3.5365199872528677e-09
5.965359823558883e-10
-1.2993106948477944e-10
1.5900486661543074e-09
-1.7595207400159967e-13
-1.2916396708640914e-09
-8.933768033609741e-13
1.6200953339937644e-14
-1.2024415252860616e-13
-1.5068433969640521e-09
1.4520386412306e-09
-1.2057847936409748e-13
-1.8084178237905777e-10
1.4520390147927304e-09
-8.435932686995782e-10
8.152731414675135e-14
2.39176497810416e-12
1.1737281658477886e-09
-6.767979756220188e-10
-5.450466462461889e-10
2.27791066415259e-09
-2.4101908037987955e-08
1.4520388434799686e-09
8.139272069087771e-14
-5.450468141850827e-10
1.1737276879480347e-09
-2.410190759429636e-08
2.391714625098471e-12
2.2779111114170065e-09
-6.767986346051117e-10
1.452038549432475e-09
2.7786095457145404e-10
-2.3079170164277094e-10
-6.428496001056101e-10
1.173727971361535e-09
-2.3079216745017193e-10
-5.146188498505171e-10
1.1737282116727459e-09
-1.5068433150751666e-09
-1.5265870035921097e-13
5.3383120424327734e-14
-5.146185062443689e-10
2.2779110045754755e-09
5.322405194325019e-14
-5.590033398960179e-13
2.277910497453678e-09
-1.8084165533957576e-10
-1.7568768828627815e-13
-3.750748794621876e-13
-2.3079210887026293e-10
2.3916700406006337e-12
1.4361516858394721e-12
5.360623040950187e-14
-5.450463596879209e-10
-1.2075171747452864e-13
-1.759064162410636e-13
1.435880842569918e-12
-2.3079228447530836e-10
-5.450461686766799e-10
-3.7497216085802e-13
5.286626564601175e-14
2.391729587402497e-12
-1.2058076504884481e-13
-7.359538871376619e-14
-1.7624899201558523e-13
2.778607640497928e-10
8.131873003899516e-14
-1.7655482587113226e-13
-1.5261303501945996e-13
8.156799510527437e-14
1.630255250544504e-14
2.0161434447569854e-13
-8.258278606764094e-10
-1.366228179040874e-06
7.376839509685719e-06
9.170522425134495e-10
1.4520385228507811e-09
6.872666951582819e-06
-2.2514299418167108e-05
-6.813414259998084e-10
-1.7487749656843991e-09
5.484195603662662e-06
-2.4101907406250306e-08
5.48419560485502e-06
-2.4101907848155315e-08
-0.03686368253387143
7.37683950849466e-06
8.170579867565279e-14
1.1737276398707823e-09
-5.45046718177068e-10
-2.410190738402556e-08
2.3913835437152165e-12
-6.767986988047588e-10
2.277910740728325e-09
1.4520386818857884e-09
-1.299313232276674e-10
8.685314829510769e-10
-2.3079187876448712e-10
-1.7487753906875264e-09
9.611198614544053e-10
1.1737283224773515e-09
5.34263903687501e-07
-8.258280161069304e-10
-6.366847774830786e-07
5.342639037635082e-07
0.08507642499145227
-0.03686368253387216
1.0631138784492065e-06
2.277910564500865e-09
-0.07272768697886371
6.872666950868844e-06
1.1672351544950737e-06
-2.3079189462346847e-10
-0.07263034906540107
5.484195604345621e-06
-8.561659563932358e-06
-5.450463334110261e-10
0.08507642499145106
-1.3662281785760395e-06
-1.2916399342821507e-09
9.611196187479253e-10
-8.561659564203228e-06
5.484195604467298e-06
1.4358829012511254e-12
2.3916641029449224e-12
1.0631138786355491e-06
9.170521662513251e-10
2.1518143093021063e-09
-1.2993124787352145e-10
1.1672351543168925e-06
-6.81342015520722e-10
-1.2916402214680717e-09
8.152373554676783e-14
-6.36684777868047e-07
2.014099487240293e-13
-2.003101593798404e-13
-9.606408574127087e-10
2.1941280563602916e-10
-2.2514299418333313e-05
-9.606412248342864e-10
-8.435927569714192e-10
-2.2514299417759356e-05
-1.6165372390930506e-05
8.956459070323756e-13
3.5365198654332576e-09
5.965360226944669e-10
1.4520388545717298e-09
5.965357576499577e-10
1.4520390494182056e-09
7.376839508980556e-06
-1.7356461803340726e-09
8.956189976309897e-13
5.965362847535722e-10
5.965360384357899e-10
7.376839509493587e-06
3.5365199600110283e-09
1.4520388541108322e-09
1.4520387270984957e-09
-1.7356465181203352e-09
-1.3555035830256067e-12
-1.2993133541691747e-10
2.778604434532283e-10
-8.258278383849927e-10
-1.29931242432093e-10
-1.5068435713940974e-09
-8.258277786719735e-10
5.959760755207227e-13
-4.332413977586093e-11
1.5900482659408848e-09
-1.2011134912206773e-05
6.872666949654876e-06
1.5900482278932652e-09
-1.8084161602183761e-10
6.872666949979903e-06
2.389896564083179e-09
5.52294173514025e-12
-1.756058916415903e-13
1.167235154909172e-06
9.170525803652843e-10
-1.2916403998910494e-09
-1.2062185335738987e-13
-1.3662281790967718e-06
-7.575451049858415e-12
5.522629085597515e-12
-1.291640197426977e-09
1.167235155097893e-06
-1.3662281795080423e-06
-1.7593718067887644e-13
-1.2057758467619393e-13
9.170523844865538e-10
-7.575595134117662e-12
8.263634706473386e-14
-8.932888713407692e-13
1.2299194952694235e-11
2.0153854849181482e-13
-8.932823637528962e-13
1.6005640835074007e-14
2.017147428144848e-13
3.8688097625998166e-16
6.274156744430068e-16
1.6288495087767947e-14
2.0164657761913437e-13
-8.933017462810736e-13
2.0140980111017688e-13
-8.933505473000644e-13
1.2299241670278328e-11
8.253293538185239e-14
-7.575505428500643e-12
-1.206170605632495e-13
9.170520460037756e-10
-1.757928675201069e-13
-1.3662281789697827e-06
-1.2916401446743266e-09
1.1672351546498603e-06
5.522778721525531e-12
5.956163655962812e-13
-1.506843666505651e-09
-8.258280495117382e-10
-1.2993142677447855e-10
-8.258277900874324e-10
-1.2993130590491388e-10
2.77860250534265e-10
-1.35549845944549e-12
-1.7356462156775673e-09
1.4520385896258009e-09
1.4520388290254543e-09
3.536520070886605e-09
7.376839508469895e-06
5.965356298247495e-10
5.965365129880083e-10
8.958391361026923e-13
-7.575159347747494e-12
-1.204995712393058e-13
-1.3662281788142344e-06
-1.291640218032081e-09
9.17052451846918e-10
-1.7574665770309047e-13
1.167235155063267e-06
5.52263980743474e-12
2.3898965703760694e-09
-1.808416944951551e-10
6.872666951226999e-06
1.5900484883795385e-09
6.87266695108171e-06
1.5900478887319321e-09
-1.2011134911574509e-05
-4.3324154528394464e-11
-1.7356466462492972e-09
1.4520387910525663e-09
7.376839509267154e-06
5.965360495399713e-10
1.4520387470102488e-09
3.5365202998171015e-09
5.965363322084027e-10
8.958947145507617e-13
-1.6165372392410577e-05
-8.435925107383201e-10
-2.2514299417586287e-05
-9.606411471397816e-10
-2.251429941840496e-05
-9.606410984043509e-10
2.1941267062468654e-10
-2.0030778552506877e-13
1.6230490771542162e-14
-1.524758365315882e-13
8.187805634313947e-14
-1.7589622029766826e-13
8.167498124730384e-14
-1.755707287802288e-13
2.7786052185187614e-10
-7.344504474109325e-14
-1.2039271876502303e-13
5.3376482756764374e-14
2.391575611157228e-12
-3.7517788111965e-13
-5.450464479396111e-10
1.4358966475959612e-12
-2.3079206869557113e-10
-1.760986856125367e-13
-1.5068436079065249e-09
-5.146188656376005e-10
1.1737279352725736e-09
-2.3079234643801453e-10
1.1737278435526124e-09
-2.3079220030628292e-10
-6.428493179507717e-10
2.7786058723949155e-10
1.4520382709023825e-09
2.2779110532477406e-09
-6.767986914709233e-10
2.3915291660320034e-12
-2.410190755828809e-08
-5.450464480190745e-10
1.1737279719775393e-09
8.150346770396966e-14
-1.2063458523243216e-13
5.3115204685673214e-14
-5.450458723648359e-10
1.435854383614611e-12
2.3916362744360235e-12
-3.751472577113034e-13
-2.3079191443736825e-10
-1.7566693306651078e-13
-1.8084122702955334e-10
-5.588237877936957e-13
2.2779110783175836e-09
5.325997943076898e-14
2.2779107170368285e-09
5.358530188675066e-14
-5.146181697553042e-10
-1.5275988747337473e-13
1.4520387215577328e-09
2.2779104490562355e-09
-2.4101907585312e-08
-5.45046624210471e-10
-6.767986702096065e-10
2.391990637631355e-12
1.1737283714021022e-09
8.156406613193973e-14
-8.435930409476183e-10
-1.8084192193764695e-10
1.4520385720679533e-09
-1.2055597298401645e-13
1.4520390068258266e-09
-1.2060243477704396e-13
-1.5068437546965343e-09
1.6137351861985747e-14
2.0154973959912005e-13
8.157005474522227e-14
-6.366847778081692e-07
-1.2916402707736298e-09
-6.813418915353173e-10
-1.2993114690424736e-10
1.1672351543536488e-06
2.151814372916958e-09
9.170522358055412e-10
2.3914533755726317e-12
1.063113877882486e-06
1.436230791163282e-12
5.48419560460443e-06
9.611198418467415e-10
-8.561659563495244e-06
-1.2916404425261002e-09
-8.258278852091484e-10
1.1737277819214854e-09
5.342639036443482e-07
9.611198328463733e-10
-1.748775227011392e-09
8.685312279839822e-10
-2.3079204301655427e-10
-1.2993141136914672e-10
1.4520390431642762e-09
-6.767985308499279e-10
2.2779101828161658e-09
2.3914598372360558e-12
-2.410190800626692e-08
1.1737280054230331e-09
-5.450464360976793e-10
8.178685625669061e-14
-1.3662281790611812e-06
-5.450463830934615e-10
0.08507642499145286
-8.561659564241404e-06
5.484195603867823e-06
-2.3079187231225862e-10
-0.07263034906540071
1.1672351548942e-06
6.872666951148991e-06
2.2779107901509783e-09
-0.07272768697886466
1.0631138786354297e-06
-0.03686368253387173
5.342639032805397e-07
0.08507642499145356
-6.366847772185785e-07
7.3768395094206555e-06
-2.4101907771624962e-08
-0.03686368253387366
5.484195604001741e-06
-2.410190835933994e-08
-1.7487751764266075e-09
5.484195604321118e-06
-6.813416157862521e-10
-2.2514299418733054e-05
1.452038318238387e-09
6.872666950393107e-06
9.170526913478638e-10
7.3768395092396005e-06
-8.258280304998115e-10
-1.3662281787623266e-06
2.0175550837280897e-13
-8.932688285524145e-13
-1.756313402533633e-13
-1.2916398914156487e-09
1.5900485681675449e-09
-1.2993150055407742e-10
3.5365202577698404e-09
5.96536302467275e-10
-9.606409997269905e-10
-1.7635969823673578e-13
-3.7486308623536054e-13
1.4358035023428697e-12
5.3320544737884414e-14
-2.307918921042966e-10
2.3917034313167477e-12
-5.45046160540015e-10
-1.2066385648125183e-13
-1.2993158075076382e-10
-2.3079211088251825e-10
9.61120411375562e-10
5.342639036273138e-07
8.685311250307597e-10
-1.7487751239877683e-09
1.173727761848972e-09
-8.258279233163257e-10
3.53652014089678e-09
2.39172110399996e-12
2.391781355988356e-12
1.9054400608304e-12
-1.7487748588254084e-09
-1.640039452113304e-11
-1.6400458485987983e-11
3.865382200459011e-14
-1.2916402366018355e-09
1.4357696049328088e-12
-8.56165956397148e-06
1.0631138781201755e-06
9.611199458557022e-10
2.3917586354593716e-12
5.484195603448438e-06
9.170521897099162e-10
1.590048041199835e-09
5.334176391180269e-14
1.0631138780202443e-06
8.876323890553014e-12
5.342639035968453e-07
1.9051106173065205e-12
-1.2459101471426756e-06
-2.8586936832877535e-13
5.9653618805186e-10
-5.450458593391457e-10
5.484195604009059e-06
-1.2459101468698194e-06
1.1737281713615529e-09
-1.640035227771011e-11
1.8581470589631007e-09
-5.823057468634117e-12
-9.606415863810957e-10
-1.2105026529004017e-13
9.170523129322719e-10
-2.8581069058145424e-13
-8.258278920327494e-10
3.829707399268495e-14
-5.822985885245311e-12
6.121828845315438e-17
2.01682084632509e-13
8.112800187493573e-14
-6.813415466835585e-10
-1.2993134967323812e-10
-6.36684777628444e-07
-1.291640178443102e-09
1.1672351546777382e-06
2.151814609498557e-09
-1.3662281784816033e-06
-5.450460606890959e-10
5.484195604038925e-06
-2.3079170241600497e-10
0.08507642499145346
-8.561659562940942e-06
-0.07263034906539978
1.1672351550578229e-06
-8.258280948143544e-10
1.1737278993150006e-09
-1.748775493835501e-09
8.68531775061305e-10
5.342639040110594e-07
9.611200880892925e-10
-2.3079188238772814e-10
-1.2993137098702392e-10
7.376839508338153e-06
-2.410190741656161e-08
-2.4101907893306873e-08
-1.7487749717641537e-09
-0.036863682533873295
5.484195603753814e-06
5.484195604334395e-06
-6.813420620529115e-10
9.170521982101561e-10
2.3914144096375745e-12
5.484195604271417e-06
9.611201897518532e-10
1.0631138780627636e-06
1.4362913754336116e-12
-8.561659563825734e-06
-1.2916400431441301e-09
6.8726669502284465e-06
2.277910178732067e-09
-0.03686368253387373
5.342639040393266e-07
-0.07272768697886338
1.0631138784998771e-06
0.08507642499145115
-6.366847777012551e-07
1.452038710403896e-09
-6.767984772276208e-10
-2.4101907742420682e-08
1.173727652738572e-09
2.277910798979165e-09
2.3916396902141794e-12
-5.45046108555099e-10
8.144635605076337e-14
-2.251429941746982e-05
1.4520389800881755e-09
7.37683950883565e-06
-8.258274281867341e-10
6.872666950038291e-06
9.170519088299888e-10
-1.3662281786416824e-06
2.0180476136676108e-13
-8.931173207766184e-13
-1.7615818369373524e-13
-1.2993123683026923e-10
3.5365196414669227e-09
-1.2916400055118147e-09
1.590048486899824e-09
5.965363268866973e-10
-9.606413809300908e-10
-1.2916400489812695e-09
1.4360398087599777e-12
9.61120001121578e-10
2.3913350222517842e-12
-8.561659563400396e-06
1.0631138782151995e-06
5.4841956040778894e-06
9.170521491661887e-10
-1.2993123835541445e-10
-2.3079164656771672e-10
8.685312261510783e-10
-1.748774967667645e-09
9.611200555850698e-10
5.342639040799444e-07
1.1737278815354541e-09
-8.258283274364533e-10
5.965361651723691e-10
-5.450463776377973e-10
1.1737277531093398e-09
-1.64005531636255e-11
5.484195603667059e-06
-1.2459101460495213e-06
1.8581471654992477e-09
-5.823284513542714e-12
-1.760995177390819e-13
-3.750081437388502e-13
-2.3079186581694117e-10
2.391541918052026e-12
1.436131693990193e-12
5.34235461166488e-14
-5.45046162433953e-10
-1.2048951295378174e-13
1.5900482605661644e-09
5.358337633376266e-14
5.342639036686416e-07
1.905240091602363e-12
1.0631138781238667e-06
8.876438904486604e-12
-1.2459101468115545e-06
-2.858989658015287e-13
3.5365197566693406e-09
2.391669665583421e-12
-1.748775168126998e-09
-1.6400396156535487e-11
2.39159967224489e-12
1.905158145578369e-12
-1.6400303274572113e-11
3.833427529961102e-14
-9.606413799478488e-10
-1.2060693073715193e-13
-8.258281139700472e-10
3.848290378504083e-14
9.170521248281948e-10
-2.8592704584505683e-13
-5.823166831503185e-12
3.338631905798909e-16
1.2299562401260282e-11
2.778602364027732e-10
1.167235154543539e-06
5.965363264409219e-10
1.1672351541278317e-06
5.965357350192752e-10
-1.2011134911850968e-05
2.194132032042015e-10
1.1672351552873557e-06
-2.3079177337791917e-10
-8.561659563303753e-06
-5.450463435948246e-10
-0.07263034906540025
5.48419560376893e-06
0.08507642499145217
-1.3662281789819772e-06
2.7786060286921636e-10
-6.428497150965653e-10
-2.307919929757415e-10
1.1737279997047282e-09
-2.307920280617605e-10
1.173728237860225e-09
-5.14618928117684e-10
-1.5068435878354387e-09
5.965365719318532e-10
1.1737278228886186e-09
-5.450461390269745e-10
-1.640061684681835e-11
5.4841956043210616e-06
1.8581464552810502e-09
-1.2459101463937648e-06
-5.822924571064147e-12
1.1672351547351378e-06
-2.3079154651891629e-10
-0.07263034906540246
5.48419560385891e-06
-8.561659563961185e-06
-5.450458649156688e-10
0.0850764249914537
-1.366228179170622e-06
-1.2011134912433365e-05
-5.14618706971368e-10
0.08507642499145324
-1.2459101465301564e-06
0.08507642499145518
-1.2459101463496306e-06
-0.1441361740065684
1.0860197732715184e-06
5.965363380227529e-10
1.1737275249233854e-09
5.484195604043045e-06
1.858146722530857e-09
-5.450462756807929e-10
-1.640016033096796e-11
-1.2459101468752901e-06
-5.8229296201539885e-12
2.1941313193912596e-10
-1.5068434824167235e-09
-1.3662281783641967e-06
-5.823255363697606e-12
-1.3662281784558313e-06
-5.823003853135626e-12
1.0860197732515147e-06
-1.3108719719795968e-12
8.288707227502408e-14
-7.316327098338198e-14
2.1518145837761796e-09
-9.60641159335606e-10
2.1518146457155933e-09
-9.606414228265787e-10
2.194132605034561e-10
2.8271809077543166e-09
5.5223790121730265e-12
-1.758238877514549e-13
-1.2916403330898715e-09
-1.2065762201530514e-13
1.1672351548316913e-06
9.170522642227548e-10
-1.3662281788304708e-06
-7.57512969180407e-12
-1.3554247581339297e-12
2.778606383250476e-10
-1.299311248308066e-10
-8.258277594670813e-10
-1.2993142100729322e-10
-8.258279242851839e-10
-1.506843832439639e-09
5.955204141960903e-13
8.955089851536179e-13
8.122692656965722e-14
8.141156573736449e-14
3.831736948983231e-14
-6.813418754884183e-10
-5.823158889510085e-12
-5.823052374868044e-12
9.97647033714502e-16
5.522357504830058e-12
-1.754242532421757e-13
1.1672351544072283e-06
9.170524563133672e-10
-1.2916401093952275e-09
-1.202224960872291e-13
-1.3662281787105178e-06
-7.575168172385941e-12
-4.3324417850779464e-11
-1.521262858782967e-13
-6.366847778841911e-07
-2.861310619310374e-13
-6.366847778803856e-07
-2.864499194996284e-13
1.0860197742401379e-06
-1.310351292574167e-12
8.955343867925093e-13
8.162226683853273e-14
-6.813419844315889e-10
-5.823054613764204e-12
8.166743148222794e-14
3.853734556728162e-14
-5.8229968879291435e-12
1.2706344229084527e-15
-2.005785911531433e-13
1.6206212384623884e-14
2.0153937205537837e-13
3.407136902191844e-16
2.0143259113118042e-13
3.846588570548341e-16
-1.3109231235187013e-12
2.5268960186255173e-17
6.755762911855129e-16
2.014743473851104e-13
2.01720650404931e-13
1.2298789742857575e-11
1.6275649490730703e-14
-8.932932852049366e-13
-8.934308636512601e-13
8.282182328464283e-14
5.961361179896902e-13
-8.258276438854304e-10
-8.258279436022207e-10
2.7786072786671977e-10
-1.5068436130218877e-09
-1.2993150991603268e-10
-1.2993118593110072e-10
-1.3553851006853682e-12
-7.575453785915553e-12
-1.3662281789939346e-06
9.170525130884793e-10
1.1672351545002097e-06
-1.2106864031880765e-13
-1.291640163824884e-09
-1.7581976704611305e-13
5.522718195372141e-12
-1.7356464158559927e-09
7.376839509324356e-06
1.452039086646561e-09
5.965356837355448e-10
1.4520385514716482e-09
5.965359015642543e-10
3.536520083648511e-09
8.959609128594711e-13
-7.57528351879555e-12
9.170526823853733e-10
-1.3662281791335737e-06
1.1672351550688267e-06
-1.2040742504134307e-13
-1.7586953766257322e-13
-1.2916398615280976e-09
5.522678645990686e-12
-1.7356465253286374e-09
1.4520389239072604e-09
7.3768395085181665e-06
5.96536447131979e-10
1.4520388022910267e-09
3.5365201710934404e-09
5.965359145493697e-10
8.957690453253891e-13
2.3898959157178347e-09
6.872666951212298e-06
6.872666951428657e-06
-1.2011134912120037e-05
-1.8084179250795116e-10
1.5900484357643085e-09
1.5900486649807412e-09
-4.3323670721331703e-11
-1.6165372391732046e-05
-2.2514299417965517e-05
-2.2514299417509587e-05
2.1941328924200456e-10
-8.435929919576358e-10
-9.606411841637129e-10
-9.6064105612219e-10
-2.0029050313439319e-13
2.0173792251762323e-13
-6.36684777961027e-07
-6.813417982016061e-10
1.1672351546128826e-06
8.191954697572533e-14
-1.2916397326398265e-09
-1.2993122929954827e-10
2.1518149214726257e-09
-8.258274613671947e-10
5.342639039060632e-07
-1.7487746773150777e-09
-2.307919669759086e-10
1.1737276969797023e-09
9.6111991090353e-10
8.685314985405931e-10
-1.2993172057370109e-10
-1.3662281791398972e-06
0.0850764249914503
5.484195604189569e-06
-0.07263034906539974
-5.450459602851928e-10
-8.561659563411653e-06
-2.3079175796406397e-10
1.1672351549906582e-06
7.376839508617384e-06
-0.03686368253387344
-2.4101907595673716e-08
5.484195604247857e-06
-2.4101907583282435e-08
5.484195604184269e-06
-1.7487744569972911e-09
-6.813417053433405e-10
9.170524698577534e-10
1.0631138785348325e-06
5.484195603734777e-06
-8.561659563755235e-06
2.3915414255727633e-12
1.436093826757025e-12
9.611198730093744e-10
-1.2916403624218805e-09
1.4520388934103882e-09
2.2779107142595282e-09
-2.410190692358635e-08
-5.450465881215013e-10
-6.767987460943293e-10
2.3916743210636887e-12
1.1737281683610574e-09
8.135648380677411e-14
6.872666950527644e-06
-0.0727276869788637
-0.036863682533873406
0.08507642499145182
2.277910452227797e-09
1.0631138783939071e-06
5.342639031939981e-07
-6.36684777629833e-07
-2.2514299418454293e-05
6.872666950549402e-06
7.376839508707557e-06
-1.366228178337364e-06
1.4520387020039444e-09
9.17052323044379e-10
-8.258282101072656e-10
2.014617792381865e-13
2.0163911340042548e-13
-6.813418785719314e-10
-6.366847783169964e-07
1.1672351547375333e-06
8.154858337270746e-14
-1.2993130902900554e-10
-1.291640041608831e-09
2.151814797798711e-09
-8.258276162360814e-10
-1.7487748699173598e-09
5.34263903097204e-07
-2.3079170409220397e-10
1.1737277390841327e-09
8.685320396425157e-10
9.611201395432154e-10
-1.299315101626945e-10
9.170525071452167e-10
5.484195603923148e-06
1.0631138775337378e-06
-8.56165956346056e-06
2.3915739438050436e-12
9.611201272571014e-10
1.4360663958621913e-12
-1.29164024791547e-09
1.4520387188798425e-09
-2.4101907628306074e-08
2.277910783538389e-09
-5.450465793964724e-10
-6.767984339378226e-10
1.1737279934703558e-09
2.3917046796252505e-12
8.174688725303775e-14
-1.3662281791260592e-06
5.484195604016475e-06
0.08507642499145215
-0.07263034906539846
-5.450462358606011e-10
-2.3079144074333318e-10
-8.561659563850635e-06
1.1672351545226054e-06
7.376839508750099e-06
-2.4101907165970302e-08
-0.036863682533873315
5.484195603647877e-06
-2.410190828824286e-08
-1.7487748535255038e-09
5.484195603988247e-06
-6.813420074274197e-10
6.8726669507113874e-06
-0.03686368253387418
-0.07272768697886325
0.08507642499145145
2.277910952343123e-09
5.342639034522269e-07
1.0631138780855622e-06
-6.366847775530246e-07
-2.2514299418314773e-05
7.376839508777141e-06
6.872666950919835e-06
-1.3662281786227669e-06
1.4520387411128936e-09
-8.258280879387774e-10
9.170526767771356e-10
2.0149268920220746e-13
1.229915962004205e-11
1.1672351550713896e-06
1.1672351546069614e-06
-1.201113491185977e-05
2.778601959601239e-10
5.965362682737631e-10
5.965361439611665e-10
2.1941314063807735e-10
2.778601926167987e-10
-2.3079216466815968e-10
-2.3079194984861324e-10
-5.146184312283071e-10
-6.428492462643036e-10
1.1737275770908815e-09
1.1737279014091586e-09
-1.5068437235803032e-09
1.167235154556271e-06
-0.07263034906540118
-8.561659563556501e-06
0.08507642499145636
-2.3079177988449853e-10
5.484195603887188e-06
-5.450461540519879e-10
-1.3662281788466792e-06
5.965358680282361e-10
5.48419560336016e-06
-5.450462896924799e-10
-1.2459101464133349e-06
1.1737280246690029e-09
1.8581471583891406e-09
-1.6400543578723286e-11
-5.823120579987201e-12
1.167235154992152e-06
-8.561659564094433e-06
-0.0726303490653981
0.08507642499145272
-2.3079175125520881e-10
-5.450458864807773e-10
5.4841956041031395e-06
-1.3662281786629059e-06
5.965370285377517e-10
-5.450461420478231e-10
5.484195603633156e-06
-1.2459101464714793e-06
1.1737277539815693e-09
-1.640056397080946e-11
1.8581463813363535e-09
-5.822746689013666e-12
-1.2011134911430735e-05
0.08507642499145389
0.08507642499145429
-0.1441361740065682
-5.146190068224931e-10
-1.2459101468604753e-06
-1.2459101469480168e-06
1.0860197730109114e-06
2.1941327815764924e-10
-1.3662281789808873e-06
-1.3662281789002024e-06
1.0860197732946623e-06
-1.5068435524041626e-09
-5.82306946443778e-12
-5.823184843794077e-12
-1.3108136454390148e-12
1.6297693634361275e-14
8.138732140042026e-14
8.184162418697911e-14
2.7786043467044663e-10
-1.5253771490254926e-13
-1.7580968067196565e-13
-1.7584174982948345e-13
-7.349671476439131e-14
-1.5068438590935467e-09
1.1737275699613553e-09
1.1737277970820825e-09
-6.428494267141457e-10
-5.146187830581353e-10
-2.3079131153052692e-10
-2.3079216864843732e-10
2.7786017418357456e-10
-1.2077559146085924e-13
-5.450463333828555e-10
2.3916293379873786e-12
-2.3079205655206692e-10
5.3589069463361534e-14
1.4360088485419896e-12
-3.751398988646774e-13
-1.761613081659738e-13
1.4520385868778705e-09
-2.4101907456476464e-08
-6.76798453364489e-10
1.1737277346173777e-09
2.2779106040373997e-09
-5.450460052746055e-10
2.3915838079496556e-12
8.183954054863197e-14
-1.2068776123880615e-13
2.391711477380081e-12
-5.450460737646292e-10
-2.3079227144916242e-10
5.3220414118254195e-14
-3.751564585390688e-13
1.4359546597549474e-12
-1.75848243514855e-13
1.4520392631233816e-09
-6.767985747299534e-10
-2.410190720538464e-08
1.1737275401015315e-09
2.2779114198380796e-09
2.3917471766192624e-12
-5.450463142357152e-10
8.163223530795451e-14
-1.8084169488683352e-10
2.277910569191686e-09
2.2779111500832193e-09
-5.14618970774862e-10
-5.590434513028944e-13
5.319242466916881e-14
5.335413634216008e-14
-1.5279899723893237e-13
-8.435934254822677e-10
1.4520388626701868e-09
1.4520388114836964e-09
-1.5068436907003308e-09
-1.808415925560974e-10
-1.205393401126971e-13
-1.2067025402651516e-13
1.6178925385975146e-14
-8.932287741000995e-13
-1.2916400627838122e-09
-1.2993109189323264e-10
5.965361691310965e-10
-1.7597297660696675e-13
1.5900484654598018e-09
3.5365197786294254e-09
-9.606416445584424e-10
-1.2993170977582896e-10
9.611199837582548e-10
8.685313635496844e-10
1.173728089024042e-09
-2.3079189690354887e-10
5.342639034101162e-07
-1.7487756943490682e-09
-8.258278969573848e-10
-1.291640294662343e-09
-8.5616595640032e-06
9.611201050969808e-10
5.484195603415796e-06
1.4356670649730515e-12
1.0631138775575568e-06
2.3915751527270568e-12
9.170521824720138e-10
5.965360290782483e-10
5.484195603851748e-06
1.1737279834370028e-09
1.8581468939262883e-09
-5.450462089215835e-10
-1.2459101465144933e-06
-1.640015925893132e-11
-5.823148197515112e-12
-1.7612374802106594e-13
1.4358820108346325e-12
-2.3079167984897848e-10
-5.450462859916974e-10
-3.7520675904176074e-13
5.332911498167666e-14
2.39162572491448e-12
-1.209238657517662e-13
3.536520235484387e-09
2.391432008306737e-12
-1.7487752257121981e-09
-1.6400135763905994e-11
2.3921200826730297e-12
1.9051012930988576e-12
-1.640019875906023e-11
3.8514312848361734e-14
1.590048782998259e-09
1.0631138783964743e-06
5.342639035393985e-07
-1.2459101461879938e-06
5.367815724743766e-14
8.876522707142655e-12
1.9054382789326123e-12
-2.860846961431688e-13
-9.606412842592051e-10
9.170523874800257e-10
-8.258282278312552e-10
-5.8230585759447255e-12
-1.205848047314682e-13
-2.8593299857222355e-13
3.8144245364566244e-14
4.0550124611078335e-18
-8.931765643379317e-13
-1.2993128417012567e-10
-1.2916401079163984e-09
5.965365835661488e-10
-1.756841104749096e-13
3.5365199560588106e-09
1.5900485593581032e-09
-9.606411717054367e-10
-1.2993151916303357e-10
8.685311485455303e-10
9.611201839262525e-10
1.1737282182820794e-09
-2.3079188464804934e-10
-1.7487749926779e-09
5.342639038191849e-07
-8.258278156929324e-10
-1.7571036480989002e-13
-2.3079170582322282e-10
1.4357290809400331e-12
-5.450462490161066e-10
-3.749683154357228e-13
2.3917509608132587e-12
5.347018154525276e-14
-1.2089420092625529e-13
3.536519872667131e-09
-1.7487755033818792e-09
2.3915971928888224e-12
-1.6400266830798463e-11
2.3915220714031003e-12
-1.640037122512992e-11
1.9054845460681616e-12
3.852835221007218e-14
-1.2916399066791096e-09
9.611200313881236e-10
-8.56165956414345e-06
5.48419560353976e-06
1.4356325547175242e-12
2.3916320653035525e-12
1.0631138782011726e-06
9.170525418912715e-10
5.965364963606692e-10
1.1737277959877217e-09
5.4841956044805045e-06
1.858146962445244e-09
-5.450463542157852e-10
-1.640011710403623e-11
-1.2459101466217565e-06
-5.822918140051473e-12
1.5900483377609879e-09
5.342639036878131e-07
1.0631138785470518e-06
-1.2459101466669232e-06
5.368726254577274e-14
1.905612923925293e-12
8.87656728302032e-12
-2.857965443073217e-13
-9.606412482620301e-10
-8.258282186151878e-10
9.170526224084971e-10
-5.823083596990248e-12
-1.2036760089010076e-13
3.834428131672878e-14
-2.859909711345206e-13
3.500993687810211e-16
8.249821056525173e-14
2.151814667490727e-09
2.1518143172663563e-09
2.1941338812893377e-10
-7.309356658688799e-14
-9.606412729973332e-10
-9.606411744004e-10
2.8271807982899563e-09
-1.3551749763954109e-12
-1.2993163784755825e-10
-1.2993116627227076e-10
-1.5068436272010847e-09
2.778604019074124e-10
-8.258280772299811e-10
-8.258278399691612e-10
5.957570980441257e-13
5.522122750859074e-12
1.167235154360635e-06
-1.2916400871362996e-09
-1.366228178695039e-06
-1.7596906322912732e-13
9.170525653516779e-10
-1.2037285259308503e-13
-7.575171150073503e-12
8.959352262850541e-13
-6.81341321731792e-10
8.131546762851094e-14
-5.82303116793882e-12
8.16950236856683e-14
-5.8229740838219395e-12
3.8418849945212286e-14
1.0151982459364644e-15
5.522427613475458e-12
-1.2916402011839037e-09
1.1672351548501592e-06
-1.3662281789891478e-06
-1.7586642396766127e-13
-1.2089295878560044e-13
9.170524476170722e-10
-7.57555065822233e-12
8.95600288537913e-13
8.154481366608725e-14
-6.813417328200721e-10
-5.8232447144773995e-12
8.167779273166825e-14
3.874472750737127e-14
-5.822802975521048e-12
9.889219650592963e-16
-4.3324173073114647e-11
-6.366847777185687e-07
-6.366847774873566e-07
1.0860197735527312e-06
-1.5233611655712038e-13
-2.859952026895636e-13
-2.862582338945988e-13
-1.3104096095905344e-12
-2.001621809727071e-13
2.0122997255885877e-13
2.0133863135905993e-13
-1.310872138865874e-12
1.5957633137025552e-14
2.9549837747159363e-16
1.7501822445083998e-16
1.1481611757114904e-16
-4.924606499423377e-14
-2.0033348835691323e-13
-2.0054177115494136e-13
8.28115566605436e-14
-2.0061538195739668e-13
8.258356508417254e-14
8.252297142508852e-14
-5.961356091522439e-16
2.827181331545201e-09
-9.60641025165923e-10
-9.60641055127643e-10
-7.361756924695824e-14
2.1941306351792455e-10
2.1518147796305274e-09
2.151814640273445e-09
8.286893019750736e-14
2.8271809472718517e-09
2.194130059455827e-10
-9.606412376157448e-10
2.1518149747336112e-09
-9.606418323624195e-10
2.1518149277504237e-09
-7.315351173529401e-14
8.272358016884438e-14
-1.6165372391605547e-05
-2.251429941769347e-05
-8.435921389700603e-10
-9.606413870199424e-10
-2.251429941860726e-05
2.1941304236794313e-10
-9.606407043820132e-10
-2.0008321257784619e-13
2.8271809614882616e-09
-9.606410816183215e-10
2.1941299729648163e-10
2.1518147757258627e-09
-9.606413275772106e-10
-7.305327381888513e-14
2.1518144644237167e-09
8.290040049360363e-14
-1.6165372391592347e-05
-8.435928826683071e-10
-2.2514299416765092e-05
-9.606412175290862e-10
-2.251429941830273e-05
-9.606416411869158e-10
2.1941343266525772e-10
-2.0059595742665085e-13
-1.616537239145402e-05
-2.251429941775345e-05
-2.251429941799556e-05
2.1941285510197898e-10
-8.435928234293526e-10
-9.606411369014385e-10
-9.60640880606166e-10
-2.0065721049498314e-13
0.02149269176536157
-1.6165372390410495e-05
-1.616537239165078e-05
2.8271808177998564e-09
-1.616537239102354e-05
2.82718128468365e-09
2.827181006489978e-09
-4.908895372855288e-14
-2.0017360454503713e-13
-4.332383214544446e-11
8.954899074084857e-13
5.5224281182435226e-12
8.954952237551298e-13
5.522514569120159e-12
-1.3555911699670526e-12
8.262279203184993e-14
-9.606415874694628e-10
1.5900485930067908e-09
3.5365199539844278e-09
-1.7571312240547685e-13
5.965362685939985e-10
-1.291640368810714e-09
-1.2993120420186129e-10
-8.934870145872324e-13
2.194133190954078e-10
-1.2011134912640039e-05
5.965363528989354e-10
1.167235154880646e-06
5.965362182373326e-10
1.167235154519479e-06
2.778601039607545e-10
1.2299380989765198e-11
-2.251429941843545e-05
6.872666951325771e-06
1.4520386000161326e-09
9.1705231592286e-10
7.376839508683894e-06
-1.3662281787608042e-06
-8.25827845932606e-10
2.015480989187496e-13
-9.606410683021461e-10
1.5900485508155797e-09
5.965362160582061e-10
-1.2916399638597252e-09
3.5365200322185994e-09
-1.7574135541541724e-13
-1.2993131288246041e-10
-8.933850997239883e-13
-8.435930097802332e-10
-1.80841764519277e-10
1.452038712735349e-09
-1.206392800380284e-13
1.452038512683223e-09
-1.2076103273378269e-13
-1.5068435522992755e-09
1.5940259152353543e-14
-2.251429941800915e-05
6.872666950536824e-06
7.376839508251465e-06
-1.3662281786129989e-06
1.4520386337877332e-09
9.170524080852688e-10
-8.258279605047575e-10
2.0148555781296627e-13
-1.6165372391807215e-05
2.3898962273658336e-09
-1.7356464016330667e-09
-7.575424189786814e-12
-1.7356457748844948e-09
-7.575083832036148e-12
5.95952607601998e-13
1.8139536275162498e-16
-2.003986249987015e-13
8.957867871670212e-13
-4.332429956390125e-11
5.522584189036407e-12
8.957302359720874e-13
-1.355586994260017e-12
5.522554348308868e-12
8.239927994548602e-14
-9.606413540846995e-10
3.53652004409824e-09
1.590048284616095e-09
-1.7585293897344402e-13
5.965362328146791e-10
-1.2993154302461734e-10
-1.2916399511133473e-09
-8.934971433000538e-13
-9.60641532521585e-10
5.965363347073023e-10
1.590048494213234e-09
-1.291640011521058e-09
3.5365201222662923e-09
-1.2993125793709573e-10
-1.7562413263072696e-13
-8.936981089889039e-13
-8.435931138081912e-10
1.4520390756421453e-09
-1.8084196226955702e-10
-1.205000915189356e-13
1.4520384934071613e-09
-1.5068435788438643e-09
-1.2062852245215746e-13
1.610499420283598e-14
2.1941283184821417e-10
5.965360455688991e-10
-1.2011134911246051e-05
1.1672351551402555e-06
5.965360909166625e-10
2.7786058510561983e-10
1.1672351546950859e-06
1.2298708376708293e-11
-2.251429941870211e-05
1.4520388619331058e-09
6.872666950381581e-06
9.170524681983291e-10
7.3768395094674465e-06
-8.258278711544345e-10
-1.3662281787780166e-06
2.0174518671956526e-13
-2.251429941808838e-05
7.376839509138371e-06
6.872666950604146e-06
-1.366228179470699e-06
1.4520383741921653e-09
-8.258279870936787e-10
9.170523765091723e-10
2.0165086518470298e-13
-1.616537239043652e-05
-1.7356463846814466e-09
2.389896707201283e-09
-7.575464563730412e-12
-1.735646901207522e-09
5.956039116388665e-13
-7.575321534266839e-12
4.193140277018948e-16
8.243571220670307e-14
5.52273761704475e-12
5.522470035272435e-12
-4.332405539599988e-11
-1.3555110908397962e-12
8.959404934686883e-13
8.957195595187374e-13
-2.004019889213263e-13
-7.327061861019371e-14
-1.7524323549309077e-13
-1.7587057703581906e-13
-1.5262427518082931e-13
2.77860608258865e-10
8.140784520776439e-14
8.154917230574709e-14
1.5959147389417394e-14
2.1518143259075577e-09
1.1672351540460314e-06
-1.2916402040849431e-09
-6.366847773294141e-07
-1.2993135398324507e-10
-6.813415017015118e-10
8.128582903406647e-14
2.0144702872092559e-13
-9.606414419636212e-10
9.170523389267557e-10
-1.2034496359992134e-13
-2.8583980046578786e-13
-8.258276269351521e-10
-5.82286737243315e-12
3.835305813808353e-14
2.5856885142676927e-16
2.1518146926258748e-09
-1.2916394462572132e-09
1.167235154360032e-06
-6.366847774243481e-07
-1.2993140529984683e-10
8.157365815259196e-14
-6.813418665475578e-10
2.0149843113804903e-13
-9.606414421481162e-10
-1.2072668416179315e-13
9.170523006960808e-10
-2.8599129671727676e-13
-8.258278819322473e-10
3.856834206210704e-14
-5.8229393540979096e-12
3.881782501875404e-16
2.1941370469691005e-10
-1.3662281793873412e-06
-1.3662281791917765e-06
1.086019773348741e-06
-1.5068432409557558e-09
-5.823436603348702e-12
-5.8229775848312255e-12
-1.3106860009287676e-12
2.8271807970017544e-09
-7.575243280198823e-12
-7.575287228951688e-12
-1.3101360113533726e-12
5.959204586675012e-13
1.4418131452897156e-15
1.0892213278272853e-15
9.096681966006234e-17
-2.0012664602476903e-13
8.958321575332711e-13
8.95917495291617e-13
-1.3556325297518402e-12
-4.332399491041881e-11
5.522296325239087e-12
5.522218764360311e-12
8.289890177097239e-14
2.1941319575021933e-10
5.965365225735677e-10
5.965364893665882e-10
2.77860132808465e-10
-1.2011134911558053e-05
1.1672351547461963e-06
1.1672351549682358e-06
1.2299076398248076e-11
-9.606413089894896e-10
5.965363541763319e-10
3.536519914161527e-09
-1.2993111748136812e-10
1.590048516154728e-09
-1.2916401127437672e-09
-1.7592508380114254e-13
-8.937295715162392e-13
-2.251429941850202e-05
7.376839508758215e-06
1.452038389024931e-09
-8.25827899622221e-10
6.87266695172272e-06
-1.3662281787711802e-06
9.170522035540527e-10
2.0148930049906123e-13
-9.606411606786598e-10
3.5365198066207102e-09
5.965360133312624e-10
-1.2993137134118735e-10
1.5900486512690587e-09
-1.7593374650888305e-13
-1.2916399140996803e-09
-8.934175566466226e-13
-2.251429941817325e-05
1.4520382164318446e-09
7.376839509549259e-06
-8.258277758823779e-10
6.872666951066271e-06
9.170520976125059e-10
-1.3662281787519176e-06
2.014900521759291e-13
-8.435931515879437e-10
1.45203857685013e-09
1.4520387506586334e-09
-1.506843472151161e-09
-1.8084186856439025e-10
-1.2114116827257234e-13
-1.2105524589879351e-13
1.6001686646164838e-14
-1.6165372391176894e-05
-1.73564570975145e-09
-1.735646942230634e-09
5.960060765192925e-13
2.3898965767876137e-09
-7.575348686554979e-12
-7.575587556567688e-12
3.434848815815027e-16
8.241609879204781e-14
5.522372034051374e-12
-1.3557268039555342e-12
8.958810130337088e-13
5.522367653685275e-12
-4.3324309819057284e-11
8.95588457304798e-13
-2.001097391238556e-13
2.1518147797698226e-09
-1.2916401276580468e-09
-1.2993155844724903e-10
8.112927753621727e-14
1.1672351545913604e-06
-6.366847777241923e-07
-6.813414612442406e-10
2.0140261459233024e-13
2.1518144854621804e-09
1.1672351547798965e-06
-1.2993146892686064e-10
-6.813416729175948e-10
-1.2916399417369993e-09
-6.366847777497251e-07
8.12820217331173e-14
2.0146004250420128e-13
2.194134931674767e-10
-1.36622817892746e-06
-1.5068431848284247e-09
-5.82300391857503e-12
-1.3662281791522523e-06
1.0860197735833784e-06
-5.822935815359402e-12
-1.3105669705524342e-12
-7.33277700155139e-14
-1.7599852912300014e-13
2.7786058237779246e-10
8.120569613006674e-14
-1.7586746547256124e-13
-1.5218355775123163e-13
8.138652432246279e-14
1.6166295952692466e-14
-9.606407984182424e-10
-1.2038904696431408e-13
-8.258277526668411e-10
3.852303242339156e-14
9.170523732635893e-10
-2.85990740552558e-13
-5.823154593855865e-12
3.3632545878879205e-16
-9.606412598409223e-10
9.170524775248592e-10
-8.258277083519102e-10
-5.822770838778758e-12
-1.2103315005906379e-13
-2.857587161493152e-13
3.8704088071729864e-14
8.174131473573424e-18
2.8271814190783242e-09
-7.574847302263636e-12
5.953375753989969e-13
1.442251387831203e-15
-7.575459162987804e-12
-1.3101622470215264e-12
1.2488976827912197e-15
-2.480484765624859e-16
8.253254774150019e-14
-1.3553065079225364e-12
5.5224657659377864e-12
8.958506484465877e-13
5.522322237407935e-12
8.954231020396028e-13
-4.3324033184834736e-11
-2.0025073440907117e-13
2.151814414365583e-09
-1.2993158229381006e-10
-1.2916398405943562e-09
8.146873120599468e-14
1.1672351546763872e-06
-6.813416352762441e-10
-6.366847775306984e-07
2.0146928997656617e-13
-7.328051972100553e-14
2.778603897344095e-10
-1.761611012040143e-13
8.135006111062497e-14
-1.757425226163176e-13
8.1642173520613e-14
-1.5237181122343469e-13
1.6231336867062157e-14
-9.6064105468395e-10
-8.258278011925755e-10
-1.202801164698498e-13
3.847503027546975e-14
9.170522784028247e-10
-5.822675810618413e-12
-2.8619445568219636e-13
2.3687760394947517e-16
2.1518144708004475e-09
-1.299311771752511e-10
1.1672351546334528e-06
-6.813417425984567e-10
-1.2916399365241838e-09
8.127759381551753e-14
-6.366847777905168e-07
2.0161457434692233e-13
2.1941302938582475e-10
-1.5068437784103398e-09
-1.3662281788108889e-06
-5.822917241109889e-12
-1.3662281785305131e-06
-5.823469860982039e-12
1.086019773423755e-06
-1.3109908244265774e-12
-9.606413198930085e-10
-8.258274309553468e-10
9.170525259977122e-10
-5.822648385561095e-12
-1.2079214781687916e-13
3.844199208937447e-14
-2.8600618647036484e-13
2.418431724166664e-16
2.8271807561646185e-09
5.958803607274209e-13
-7.575438678466618e-12
1.1690069346821253e-15
-7.575445140340684e-12
1.4349289370089248e-15
-1.3099610197092023e-12
-9.580410162005719e-17
-6.702063869878051e-16
8.261700861522506e-14
8.257757235874687e-14
-2.0033531388403185e-13
8.274258805865924e-14
-2.0062795730753174e-13
-2.0042759685184728e-13
-4.922496309857669e-14
8.29002713992689e-14
-8.934174063886015e-13
-8.933467905003434e-13
1.6046294495719174e-14
1.2299072394643067e-11
2.0140109694843988e-13
2.016902190986599e-13
5.91707119840105e-16
8.283619959140985e-14
1.2299279061635255e-11
-8.93269324373763e-13
2.0120723840699784e-13
-8.935864725429617e-13
2.0154898620291717e-13
1.5998810227703344e-14
4.734124055404762e-16
-2.0058280035842688e-13
2.0158628547265323e-13
1.5974209374799163e-14
4.610800324268307e-16
2.0137162835073043e-13
-1.3109547967943077e-12
1.2864799901042734e-16
2.820206942417962e-18
8.297313707808096e-14
-8.934762723224105e-13
1.2299274781008817e-11
2.0147230516812896e-13
-8.933937053182207e-13
1.601108327447586e-14
2.013960807454831e-13
5.0078757222928625e-16
-2.00734570027795e-13
1.587033970729071e-14
2.0173284882938274e-13
3.2588482421888877e-16
2.016305420825823e-13
2.541279714857102e-16
-1.3109100767492466e-12
1.9575312990016638e-16
-2.0014845090249883e-13
2.0183532779273603e-13
2.0173739395844128e-13
-1.310883663108918e-12
1.601081265783999e-14
2.236602900346931e-16
2.497685821953484e-16
2.6385130004574284e-16
-4.9052858452658226e-14
8.4767439385615e-16
3.009821818745919e-16
-6.141554285691874e-17
6.8219145283556e-16
-2.778221640891312e-16
1.4069495377893093e-16
6.281903224847704e-17
