4.020658589590381e-12
-1.6381029660659507e-07
-1.6381029579479176e-07
5.429152803668728e-05
-1.638102968581811e-07
5.4291528038772415e-05
5.429152803728751e-05
-0.4626411517606581
-1.6381029707888294e-07
4.869181825126713e-07
4.869181840236296e-07
-2.1599056509283048e-09
0.009501303510341173
-0.006698819418476915
-0.006698819418480237
5.429152803749615e-05
-1.6381029547307475e-07
0.009501303510342908
4.869181840993686e-07
-0.006698819418483099
4.869181850870619e-07
-0.006698819418479178
-2.159905254222453e-09
5.42915280403719e-05
5.429152803723758e-05
-0.006698819418480016
-2.159907318432519e-09
4.869181836824839e-07
-0.006698819418484112
0.009501303510339659
4.869181835864518e-07
-1.6381029504861156e-07
-1.6381029504861156e-07
4.869181835864518e-07
0.009501303510339659
-0.006698819418484112
4.869181836824839e-07
-2.159907318432519e-09
-0.006698819418480016
5.429152803723758e-05
5.42915280403719e-05
-2.159905254222453e-09
-0.006698819418479178
4.869181850870619e-07
-0.006698819418483099
4.869181840993686e-07
0.009501303510342908
-1.6381029547307475e-07
5.429152803749615e-05
-0.006698819418480237
-0.006698819418476915
0.009501303510341173
-2.1599056509283048e-09
4.869181840236296e-07
4.869181825126713e-07
-1.6381029707888294e-07
-0.4626411517606581
5.429152803728751e-05
5.4291528038772415e-05
-1.638102968581811e-07
5.429152803668728e-05
-1.6381029579479176e-07
-1.6381029660659507e-07
4.020658589590381e-12
