-1.0521992348591636e-14
-3.0101914774972225
-5.807161903555337
-8.238741862098571
-10.238011277776943
-11.803296044944865
-12.974006121266685
-13.815918712292667
-14.404664749164834
-14.809921260891299
-15.087258700317502
-15.277306538817895
-15.408395092649322
-15.499834222326005
-15.564669785056886
-15.611700725867987
-15.646871315412234
-15.674209845362233
-15.696456901185451
-15.715485691479028
-15.732583818461388
-15.748642592781156
-15.764284427782991
-15.779948594414641
-15.795948869231665
-15.81251214687235
-15.82980412426727
-15.847946185687402
-15.867026294375133
-15.88710580994463
-15.908223557557024
-15.930398078136836
-15.95362872415825
-15.977896087618438
-16.003162125813596
-16.029370264638562
-16.056445693881386
-16.084296014448835
-16.112812347228918
-16.141870964098732
-16.171335452670334
-16.20105937845353
-16.230889364036624
-16.260668467360137
-16.29023971361254
-16.319449620149253
-16.348151552388558
-16.37620876075863
-16.403496972801584
-16.429906447391275
-16.455343436017312
-16.479731035112493
-16.503009449717723
-16.52513571944618
-16.546082980745556
-16.56583935406648
-16.584406550886715
-16.601798294585667
-16.61803864245762
-16.63316028528619
-16.647202887719722
-16.66021151856007
-16.672235206283492
-16.68332564250627
-16.69353604518415
-16.70292018446319
-16.71153156711824
-16.719422770574333
-16.72664491410059
-16.73324725284226
-16.739276879539414
-16.744778518770257
-16.749794399207648
-16.754364190421803
-16.758524991994836
-16.762311364166276
-16.765755390586925
-16.768886765148327
-16.771732896126572
-16.774319022041855
-16.77666833465417
-16.77880210544009
-16.780739812651696
-16.782499266728006
-16.78409673237801
-16.78554704610862
-16.786863728340794
-16.788059089563163
-16.78914433020266
-16.79012963407989
-16.791024255464
-16.7918365998487
-16.792574298644556
-16.793244278046064
-16.793852822364865
-16.794405632146642
-16.79490787739523
-16.795364246234925
-16.79577898933829
-16.79615596043185
-16.79649865318737
-16.796810234788662
-16.797093576443032
-16.797351281103186
-16.797585708628105
-16.797798998617544
-16.797993091116172
-16.798169745386037
-16.798330556916884
-16.798476972837893
-16.79861030587639
-16.79873174700028
-16.7988423768643
-16.798943176173086
-16.79903503506479
-16.79911876160264
-16.79919508946508
-16.799264684906074
-16.799328153054944
-16.799386043622604
-16.79943885606462
-16.799487044258612
-16.79953102073912
-16.799571160531794
-16.799607804628483
-16.799641263131804
-16.79967181810823
-16.799699726168654
-16.799725220811656
-16.799748514543385
-16.79976980080228
-16.799789255702212
-16.79980703961447
-16.799823298601726
-16.799838165720047
-16.799851762198823
-16.79986419851209
-16.799875575351997
-16.799885984510567
-16.79989550968186
-16.799904227190428
-16.799912206652426
-16.7999195115752
-16.79992619990525
-16.799932324523198
-16.799937933695563
-16.79994307148416
-16.799947778119357
-16.79995209034005
-16.799956041701197
-16.79995966285563
-16.79996298180907
-16.799966024152525
-16.799968813275537
-16.799971370557188
-16.799973715543135
-16.799975866104734
-16.799977838585804
-16.79997964793501
-16.799981307826748
-16.799982830771526
-16.799984228217543
-16.799985510641466
-16.799986687632355
-16.799987767968762
-16.79998875968715
-16.799989670146925
-16.799990506087696
-16.799991273682064
-16.799991978584515
-16.799992625975115
-16.799993220600854
-16.799993766811284
-16.799994268592737
-16.799994729599124
-16.79999515318001
-16.799995542406716
-16.799995900095283
-16.799996228827432
-16.799996530971782
-16.79999680870078
-16.79999706400678
-16.799997298718466
-16.79999751451292
-16.799997712929557
-16.799997895381036
-16.799998063163894
-16.79999821746842
-16.799998359386674
-16.79999848992213
-16.799998609995765
-16.799998720452923
-16.799998822070858
-16.799998915562394
-16.799999001582663
-16.799999080733958
-16.799999153568805
-16.799999220595318
-16.799999282280393
-16.79999933905289
-16.799999391306677
-16.79999943940437
-16.799999483678686
-16.799999524435997
-16.799999561957502
-16.7999995965015
-16.79999962830646
-16.799999657590714
-16.79999968455537
-16.799999709385347
-16.799999732250612
-16.79999975330775
-16.79999977270052
-16.79999979056144
-16.799999807011936
-16.799999822164274
-16.799999836121263
-16.799999848977883
-16.799999860821536
-16.799999871732027
-16.79999988178342
-16.799999891043978
-16.799999899576147
-16.799999907437307
-16.799999914680626
-16.799999921354882
-16.799999927504896
-16.799999933172096
-16.7999999383949
-16.799999943207773
-16.79999994764345
-16.799999951731575
-16.799999955498883
-16.799999958971448
-16.7999999621721
-16.799999965122243
-16.79999996784156
-16.79999997034823
-16.79999997265885
-16.79999997478891
-16.79999997675262
-16.799999978562735
-16.79999998023162
-16.799999981770164
-16.799999983188584
-16.79999998449637
-16.79999998570203
-16.79999998681382
-16.799999987838934
-16.799999988784286
-16.799999989655593
-16.79999999045927
-16.799999991200593
-16.79999999188385
-16.799999992514046
-16.7999999930953
-16.799999993631033
-16.799999994125464
-16.79999999458111
-16.799999995001517
-16.79999999538928
-16.79999999574668
-16.799999996076483
-16.79999999638066
-16.799999996661036
-16.799999996919937
-16.799999997158658
-16.799999997378773
-16.799999997581804
-16.799999997769063
-16.799999997941804
-16.79999999810127
-16.799999998248307
-16.79999999838371
-16.799999998508945
-16.799999998624255
-16.799999998730765
-16.799999998828902
-16.799999998919454
-16.799999999003006
-16.79999999908025
-16.799999999151257
-16.7999999992169
-16.79999999927756
-16.799999999333252
-16.799999999384912
-16.79999999943245
-16.799999999476295
-16.79999999951675
-16.799999999554057
-16.79999999958867
-16.799999999620294
-16.799999999649565
-16.799999999676647
-16.799999999701708
-16.79999999972475
-16.799999999745992
-16.799999999765603
-16.79999999978371
-16.799999999800452
-16.799999999815814
-16.799999999829858
-16.79999999984301
-16.79999999985526
-16.79999999986642
-16.799999999876743
-16.799999999886197
-16.79999999989499
-16.79999999990304
-16.799999999910618
-16.799999999917528
-16.79999999992385
-16.799999999929767
-16.79999999993518
-16.799999999940127
-16.799999999944735
-16.799999999949044
-16.79999999995292
-16.799999999956537
-16.79999999995992
-16.79999999996302
-16.799999999965795
-16.799999999968513
-16.799999999970975
-16.799999999973164
-16.799999999975263
-16.7999999999771
-16.79999999997893
-16.79999999998059
-16.79999999998196
-16.7999999999834
-16.799999999984664
-16.799999999985815
-16.79999999998702
-16.799999999988007
-16.79999999998885
-16.799999999989772
-16.79999999999052
-16.79999999999131
-16.79999999999191
-16.79999999999261
-16.799999999993084
-16.79999999999368
-16.799999999994178
-16.799999999994682
-16.799999999995013
-16.79999999999538
-16.799999999995745
-16.79999999999612
-16.799999999996462
-16.79999999999662
-16.799999999996885
-16.799999999997116
-16.799999999997418
-16.79999999999761
-16.799999999997812
-16.79999999999798
-16.799999999998114
-16.79999999999827
-16.799999999998402
-16.79999999999855
-16.79999999999857
-16.799999999998658
-16.799999999998764
-16.79999999999894
-16.799999999999017
-16.79999999999909
-16.799999999999166
-16.799999999999205
-16.79999999999927
-16.79999999999931
-16.799999999999386
-16.799999999999443
-16.799999999999475
-16.799999999999525
-16.79999999999956
-16.799999999999603
-16.799999999999628
-16.799999999999667
-16.79999999999969
-16.79999999999971
-16.799999999999727
-16.799999999999756
-16.799999999999773
-16.79999999999979
-16.79999999999981
-16.799999999999827
-16.79999999999985
-16.799999999999837
-16.799999999999873
-16.79999999999987
-16.799999999999887
-16.79999999999989
-16.7999999999999
-16.79999999999991
-16.799999999999926
-16.799999999999923
-16.79999999999992
-16.799999999999923
-16.79999999999995
-16.79999999999997
-16.79999999999995
-16.799999999999947
-16.79999999999996
-16.799999999999965
-16.799999999999958
-16.799999999999976
-16.79999999999997
-16.799999999999986
-16.799999999999983
-16.799999999999994
-16.799999999999983
-16.799999999999986
-16.799999999999983
-16.799999999999994
-16.799999999999997
-16.79999999999999
-16.799999999999986
-16.800000000000008
-16.799999999999997
-16.8
-16.8
-16.799999999999994
-16.800000000000008
-16.799999999999994
-16.80000000000001
-16.80000000000001
-16.8
-16.80000000000001
-16.800000000000008
-16.800000000000015
-16.8
-16.799999999999997
-16.799999999999997
-16.800000000000004
-16.80000000000002
-16.80000000000002
-16.8
-16.800000000000004
-16.8
-16.8
-16.800000000000015
-16.800000000000015
-16.800000000000015
-16.800000000000015
-16.800000000000015
-16.800000000000008
-16.800000000000015
-16.800000000000015
-16.800000000000015
-16.800000000000015
-16.799999999999997
-16.799999999999997
-16.799999999999997
-16.800000000000004
-16.800000000000015
-16.80000000000001
-16.80000000000001
-16.80000000000001
-16.80000000000001
-16.800000000000008
-16.800000000000008
-16.800000000000008
-16.80000000000001
-16.80000000000001
-16.80000000000001
-16.80000000000001
-16.80000000000001
-16.80000000000001
-16.80000000000001
-16.80000000000001
-16.80000000000001
-16.80000000000001
-16.80000000000001
-16.80000000000001
-16.80000000000001
-16.80000000000001
-16.80000000000001
-16.80000000000001
-16.80000000000001
-16.800000000000008
-16.800000000000008
-16.800000000000008
-16.800000000000008
-16.800000000000015
-16.800000000000015
-16.800000000000015
-16.800000000000015
-16.800000000000015
-16.800000000000015
-16.800000000000015
-16.800000000000015
-16.800000000000015
-16.800000000000015
-16.800000000000015
-16.800000000000015
-16.800000000000015
-16.800000000000015
-16.800000000000015
-16.800000000000015
-16.800000000000015
-16.800000000000015
-16.800000000000015
-16.800000000000015
-16.800000000000015
-16.800000000000015
-16.800000000000015
-16.800000000000015
-16.800000000000015
-16.800000000000015
-16.800000000000015
-16.800000000000015
-16.800000000000015
-16.800000000000015
-16.800000000000015
-16.800000000000015
-16.800000000000015
-16.800000000000015
-16.800000000000015
-16.800000000000015
-16.800000000000015
-16.800000000000015
-16.800000000000015
-16.800000000000015
-16.800000000000015
-16.800000000000015
-16.800000000000015
-16.800000000000015
-16.800000000000015
-16.800000000000015
-16.800000000000015
-16.800000000000015
-16.800000000000015
-16.800000000000015
-16.800000000000015
-16.800000000000015
-16.800000000000015
-16.800000000000015
-16.800000000000015
-16.800000000000015
-16.800000000000015
-16.800000000000015
-16.800000000000015
-16.800000000000015
-16.800000000000015
-16.800000000000015
-16.800000000000015
-16.800000000000015
-16.800000000000015
-16.800000000000015
-16.800000000000015
-16.800000000000015
-16.800000000000015
-16.800000000000015
-16.800000000000015
-16.800000000000015
-16.800000000000015
-16.800000000000015
-16.800000000000015
-16.800000000000015
-16.800000000000015
-16.800000000000015
-16.800000000000015
-16.800000000000015
-16.800000000000015
-16.800000000000015
-16.800000000000015
-16.800000000000015
-16.800000000000015
-16.800000000000015
-16.800000000000015
-16.800000000000015
-16.800000000000015
-16.800000000000015
-16.800000000000015
-16.800000000000015
-16.800000000000015
-16.800000000000015
-16.800000000000015
-16.800000000000015
-16.800000000000015
-16.800000000000015
-16.800000000000015
-16.800000000000015
-16.800000000000015
-16.800000000000015
-16.800000000000015
-16.800000000000015
-16.800000000000015
-16.800000000000015
-16.800000000000015
-16.800000000000015
-16.800000000000015
-16.800000000000015
-16.800000000000015
-16.800000000000015
-16.800000000000015
-16.800000000000015
-16.800000000000015
-16.800000000000015
-16.800000000000015
-16.800000000000015
-16.800000000000015
-16.800000000000015
-16.800000000000015
-16.800000000000015
-16.800000000000015
-16.800000000000015
-16.800000000000015
-16.800000000000015
-16.800000000000015
-16.800000000000015
-16.800000000000015
-16.800000000000015
-16.800000000000015
-16.800000000000015
-16.800000000000015
-16.800000000000015
-16.800000000000015
-16.800000000000015
-16.800000000000015
-16.800000000000015
-16.800000000000015
-16.800000000000015
-16.800000000000015
-16.800000000000015
-16.800000000000015
-16.800000000000015
-16.800000000000015
-16.800000000000015
-16.800000000000015
-16.800000000000015
-16.800000000000015
-16.800000000000015
-16.800000000000015
-16.800000000000015
-16.800000000000015
-16.800000000000015
-16.800000000000015
-16.800000000000015
-16.800000000000015
-16.800000000000015
-16.800000000000015
-16.800000000000015
-16.800000000000015
-16.800000000000015
-16.800000000000015
-16.800000000000015
-16.800000000000015
-16.800000000000015
-16.800000000000015
-16.800000000000015
-16.800000000000015
-16.800000000000015
-16.800000000000015
-16.800000000000015
-16.800000000000015
-16.800000000000015
-16.800000000000015
-16.800000000000015
-16.800000000000015
-16.800000000000015
-16.800000000000015
-16.800000000000015
-16.800000000000015
-16.800000000000015
-16.800000000000015
-16.800000000000015
-16.800000000000015
-16.800000000000015
-16.800000000000015
-16.800000000000015
-16.800000000000015
-16.800000000000015
-16.800000000000015
-16.800000000000015
-16.800000000000015
-16.800000000000015
-16.800000000000015
-16.800000000000015
-16.800000000000015
-16.800000000000015
-16.800000000000015
-16.800000000000015
-16.800000000000015
-16.800000000000015
-16.800000000000015
-16.800000000000015
-16.800000000000015
-16.800000000000015
-16.800000000000015
-16.800000000000015
-16.800000000000015
-16.800000000000015
-16.800000000000015
-16.800000000000015
-16.800000000000015
-16.800000000000015
-16.800000000000015
-16.800000000000015
-16.800000000000015
-16.800000000000015
-16.800000000000015
-16.800000000000015
-16.800000000000015
-16.800000000000015
-16.800000000000015
-16.800000000000015
-16.800000000000015
-16.800000000000015
-16.800000000000015
-16.800000000000015
-16.800000000000015
-16.800000000000015
-16.800000000000015
-16.800000000000015
-16.800000000000015
-16.800000000000015
-16.800000000000015
-16.800000000000015
-16.800000000000015
-16.800000000000015
-16.800000000000015
-16.800000000000015
-16.800000000000015
-16.800000000000015
-16.800000000000015
-16.800000000000015
-16.800000000000015
-16.800000000000015
-16.800000000000015
-16.800000000000015
-16.800000000000015
-16.800000000000015
-16.800000000000015
-16.800000000000015
-16.800000000000015
-16.800000000000015
-16.800000000000015
-16.800000000000015
-16.800000000000015
-16.800000000000015
-16.800000000000015
-16.800000000000015
-16.800000000000015
-16.800000000000015
-16.800000000000015
-16.800000000000015
-16.800000000000015
-16.800000000000015
-16.800000000000015
-16.800000000000015
-16.800000000000015
-16.800000000000015
-16.800000000000015
-16.800000000000015
-16.800000000000015
-16.800000000000015
-16.800000000000015
-16.800000000000015
-16.800000000000015
-16.800000000000015
-16.800000000000015
-16.800000000000015
-16.800000000000015
-16.800000000000015
-16.800000000000015
-16.800000000000015
-16.800000000000015
-16.800000000000015
-16.800000000000015
-16.800000000000015
-16.800000000000015
-16.800000000000015
-16.800000000000015
-16.800000000000015
-16.800000000000015
-16.800000000000015
-16.800000000000015
-16.800000000000015
-16.800000000000015
-16.800000000000015
-16.800000000000015
-16.800000000000015
-16.800000000000015
-16.800000000000015
-16.800000000000015
-16.800000000000015
-16.800000000000015
-16.800000000000015
-16.800000000000015
-16.800000000000015
-16.800000000000015
-16.800000000000015
-16.800000000000015
-16.800000000000015
-16.800000000000015
-16.800000000000015
-16.800000000000015
-16.800000000000015
-16.800000000000015
-16.800000000000015
-16.800000000000015
-16.800000000000015
-16.800000000000015
-16.800000000000015
-16.800000000000015
-16.800000000000015
-16.800000000000015
-16.800000000000015
-16.800000000000015
-16.800000000000015
-16.800000000000015
-16.800000000000015
-16.800000000000015
-16.800000000000015
-16.800000000000015
-16.800000000000015
-16.800000000000015
-16.800000000000015
-16.800000000000015
-16.800000000000015
-16.800000000000015
-16.800000000000015
-16.800000000000015
-16.800000000000015
-16.800000000000015
-16.800000000000015
-16.800000000000015
-16.800000000000015
-16.800000000000015
-16.800000000000015
-16.800000000000015
-16.800000000000015
-16.800000000000015
-16.800000000000015
-16.800000000000015
-16.800000000000015
-16.800000000000015
-16.800000000000015
-16.800000000000015
-16.800000000000015
-16.800000000000015
-16.800000000000015
-16.800000000000015
-16.800000000000015
-16.800000000000015
-16.800000000000015
-16.800000000000015
-16.800000000000015
-16.800000000000015
-16.800000000000015
-16.800000000000015
-16.800000000000015
-16.800000000000015
-16.800000000000015
-16.800000000000015
-16.800000000000015
-16.800000000000015
-16.800000000000015
-16.800000000000015
-16.800000000000015
-16.800000000000015
-16.800000000000015
-16.800000000000015
-16.800000000000015
-16.800000000000015
-16.800000000000015
-16.800000000000015
-16.800000000000015
-16.800000000000015
-16.800000000000015
-16.800000000000015
-16.800000000000015
-16.800000000000015
-16.800000000000015
-16.800000000000015
-16.800000000000015
-16.800000000000015
-16.800000000000015
-16.800000000000015
-16.800000000000015
-16.800000000000015
-16.800000000000015
-16.800000000000015
-16.800000000000015
-16.800000000000015
-16.800000000000015
-16.800000000000015
-16.800000000000015
-16.800000000000015
-16.800000000000015
-16.800000000000015
-16.800000000000015
-16.800000000000015
-16.800000000000015
-16.800000000000015
-16.800000000000015
-16.800000000000015
-16.800000000000015
-16.800000000000015
-16.800000000000015
-16.800000000000015
-16.800000000000015
-16.800000000000015
-16.800000000000015
-16.800000000000015
-16.800000000000015
-16.800000000000015
-16.800000000000015
-16.800000000000015
-16.800000000000015
-16.800000000000015
-16.800000000000015
-16.800000000000015
-16.800000000000015
-16.800000000000015
-16.800000000000015
-16.800000000000015
-16.800000000000015
-16.800000000000015
-16.800000000000015
-16.800000000000015
-16.800000000000015
-16.800000000000015
-16.800000000000015
-16.800000000000015
-16.800000000000015
-16.800000000000015
-16.800000000000015
-16.800000000000015
-16.800000000000015
-16.800000000000015
-16.800000000000015
-16.800000000000015
-16.800000000000015
-16.800000000000015
-16.800000000000015
-16.800000000000015
-16.800000000000015
-16.800000000000015
-16.800000000000015
-16.800000000000015
-16.800000000000015
-16.800000000000015
-16.800000000000015
-16.800000000000015
-16.800000000000015
-16.800000000000015
-16.800000000000015
-16.800000000000015
-16.800000000000015
-16.800000000000015
-16.800000000000015
-16.800000000000015
-16.800000000000015
-16.800000000000015
-16.800000000000015
-16.800000000000015
-16.800000000000015
-16.800000000000015
-16.800000000000015
-16.800000000000015
-16.800000000000015
-16.800000000000015
-16.800000000000015
-16.800000000000015
-16.800000000000015
-16.800000000000015
-16.800000000000015
-16.800000000000015
-16.800000000000015
-16.800000000000015
-16.800000000000015
-16.800000000000015
-16.800000000000015
-16.800000000000015
-16.800000000000015
-16.800000000000015
-16.800000000000015
-16.800000000000015
-16.800000000000015
-16.800000000000015
-16.800000000000015
-16.800000000000015
-16.800000000000015
-16.800000000000015
-16.800000000000015
-16.800000000000015
-16.800000000000015
-16.800000000000015
-16.800000000000015
-16.800000000000015
-16.800000000000015
-16.800000000000015
-16.800000000000015
-16.800000000000015
-16.800000000000015
-16.800000000000015
-16.800000000000015
