-1.0521992348591636e-14
-5.807161903555504
-10.238011277778835
-12.97400612126907
-14.404664749156193
-15.087258700318468
-15.408395092652924
-15.564669785054495
-15.646871315407935
-15.69645690118328
-15.7325838184576
-15.764284427783778
-15.79594886923186
-15.829804124262752
-15.86702629437423
-15.908223557554633
-15.95362872415899
-16.003162125812537
-16.056445693883468
-16.112812347227152
-16.171335452669496
-16.230889364037125
-16.29023971361211
-16.348151552389066
-16.403496972801392
-16.455343436017202
-16.503009449717933
-16.546082980745577
-16.584406550886477
-16.61803864245797
-16.6472028877197
-16.672235206283577
-16.69353604518448
-16.71153156711821
-16.72664491410069
-16.739276879539116
-16.749794399207794
-16.758524991994815
-16.765755390586847
-16.771732896126696
-16.77666833465424
-16.78073981265166
-16.78409673237809
-16.786863728340663
-16.789144330202753
-16.791024255463956
-16.79257429864457
-16.793852822364915
-16.794907877395165
-16.795778989338327
-16.796498653187392
-16.79709357644313
-16.797585708628148
-16.797993091116187
-16.798330556916905
-16.798610305876412
-16.798842376864204
-16.799035035064804
-16.79919508946511
-16.799328153054955
-16.799438856064608
-16.79953102073902
-16.799607804628497
-16.7996718181082
-16.79972522081177
-16.799769800802203
-16.79980703961452
-16.799838165720026
-16.79986419851216
-16.799885984510567
-16.7999042271905
-16.799919511575172
-16.799932324523233
-16.799943071484194
-16.799952090339993
-16.799959662855738
-16.799966024152525
-16.799971370557202
-16.79997586610474
-16.799979647935107
-16.79998283077152
-16.799985510641466
-16.79998776796873
-16.79998967014702
-16.79999127368208
-16.799992625975165
-16.799993766811248
-16.79999472959909
-16.79999554240686
-16.799996228827432
-16.7999968087007
-16.799997298718445
-16.79999771292949
-16.799998063163972
-16.79999835938662
-16.799998609995697
-16.79999882207091
-16.799999001582826
-16.799999153568812
-16.799999282280428
-16.799999391306606
-16.799999483678672
-16.79999956195738
-16.79999962830648
-16.799999684555345
-16.799999732250626
-16.799999772700478
-16.799999807011922
-16.79999983612125
-16.79999986082148
-16.799999881783513
-16.799999899576118
-16.799999914680686
-16.799999927504896
-16.799999938394837
-16.799999947643514
-16.799999955498848
-16.799999962172134
-16.799999967841725
-16.79999997265886
-16.799999976752527
-16.79999998023161
-16.799999983188528
-16.799999985702065
-16.79999998783899
-16.799999989655635
-16.79999999120055
-16.79999999251403
-16.799999993631033
-16.799999994581096
-16.79999999538918
-16.799999996076508
-16.799999996661082
-16.799999997158505
-16.799999997581843
-16.799999997941892
-16.799999998248264
-16.799999998509016
-16.799999998730723
-16.79999999891949
-16.799999999080306
-16.799999999216915
-16.79999999933333
-16.79999999943246
-16.799999999516707
-16.799999999588607
-16.799999999649614
-16.79999999970163
-16.79999999974592
-16.799999999783743
-16.799999999815856
-16.799999999843035
-16.799999999866298
-16.799999999886197
-16.799999999903054
-16.799999999917546
-16.799999999929767
-16.799999999940162
-16.79999999994901
-16.79999999995654
-16.79999999996301
-16.79999999996849
-16.79999999997321
-16.799999999977118
-16.799999999980574
-16.799999999983385
-16.79999999998587
-16.799999999987964
-16.7999999999898
-16.799999999991325
-16.799999999992586
-16.799999999993652
-16.799999999994633
-16.79999999999538
-16.799999999996114
-16.799999999996608
-16.799999999997166
-16.799999999997596
-16.799999999997986
-16.799999999998303
-16.799999999998555
-16.79999999999867
-16.79999999999888
-16.799999999999038
-16.799999999999212
-16.79999999999933
-16.799999999999436
-16.79999999999952
-16.799999999999603
-16.799999999999667
-16.799999999999706
-16.79999999999974
-16.799999999999798
-16.799999999999823
-16.799999999999844
-16.79999999999987
-16.79999999999989
-16.799999999999905
-16.799999999999923
-16.79999999999993
-16.79999999999996
-16.799999999999955
-16.799999999999972
-16.799999999999976
-16.79999999999998
-16.799999999999983
-16.799999999999986
-16.799999999999986
-16.799999999999997
-16.800000000000008
-16.80000000000001
-16.8
-16.799999999999997
-16.800000000000015
-16.80000000000001
-16.800000000000008
-16.8
-16.80000000000001
-16.800000000000015
-16.800000000000008
-16.800000000000008
-16.800000000000008
-16.80000000000001
-16.800000000000015
-16.80000000000002
-16.800000000000015
-16.799999999999997
-16.799999999999997
-16.800000000000004
-16.80000000000001
-16.800000000000008
-16.800000000000008
-16.80000000000001
-16.80000000000001
-16.80000000000001
-16.80000000000001
-16.80000000000001
-16.80000000000002
-16.80000000000002
-16.80000000000002
-16.800000000000015
-16.800000000000015
-16.800000000000015
-16.800000000000015
-16.800000000000015
-16.800000000000015
-16.800000000000015
-16.800000000000015
-16.800000000000015
-16.800000000000015
-16.800000000000015
-16.800000000000015
-16.800000000000015
-16.800000000000015
-16.800000000000015
-16.800000000000015
-16.800000000000015
-16.800000000000015
-16.800000000000015
-16.800000000000015
-16.800000000000015
-16.800000000000015
-16.800000000000015
-16.800000000000015
-16.800000000000015
-16.800000000000015
-16.800000000000015
-16.800000000000015
-16.800000000000015
-16.800000000000015
-16.800000000000015
-16.800000000000015
-16.800000000000015
-16.800000000000015
-16.800000000000015
-16.800000000000015
-16.800000000000015
-16.800000000000015
-16.800000000000015
-16.800000000000015
-16.800000000000015
-16.800000000000015
-16.800000000000015
-16.800000000000015
-16.800000000000015
-16.800000000000015
-16.800000000000015
-16.800000000000015
-16.800000000000015
-16.800000000000015
-16.800000000000015
-16.800000000000015
-16.800000000000015
-16.800000000000015
-16.800000000000015
-16.800000000000015
-16.800000000000015
-16.800000000000015
-16.800000000000015
-16.800000000000015
-16.800000000000015
-16.800000000000015
-16.800000000000015
-16.800000000000015
-16.800000000000015
-16.800000000000015
-16.800000000000015
-16.800000000000015
-16.800000000000015
-16.800000000000015
-16.800000000000015
-16.800000000000015
-16.800000000000015
-16.800000000000015
-16.800000000000015
-16.800000000000015
-16.800000000000015
-16.800000000000015
-16.800000000000015
-16.800000000000015
-16.800000000000015
-16.800000000000015
-16.800000000000015
-16.800000000000015
-16.800000000000015
-16.800000000000015
-16.800000000000015
-16.800000000000015
-16.800000000000015
-16.800000000000015
-16.800000000000015
-16.800000000000015
-16.800000000000015
-16.800000000000015
-16.800000000000015
-16.800000000000015
-16.800000000000015
-16.800000000000015
-16.800000000000015
-16.800000000000015
-16.800000000000015
-16.800000000000015
-16.800000000000015
-16.800000000000015
-16.800000000000015
-16.800000000000015
-16.800000000000015
-16.800000000000015
-16.800000000000015
-16.800000000000015
-16.800000000000015
-16.800000000000015
-16.800000000000015
-16.800000000000015
-16.800000000000015
-16.800000000000015
-16.800000000000015
-16.800000000000015
-16.800000000000015
-16.800000000000015
-16.800000000000015
-16.800000000000015
-16.800000000000015
-16.800000000000015
-16.800000000000015
-16.800000000000015
-16.800000000000015
-16.800000000000015
-16.800000000000015
-16.800000000000015
-16.800000000000015
-16.800000000000015
-16.800000000000015
-16.800000000000015
-16.800000000000015
-16.800000000000015
-16.800000000000015
-16.800000000000015
-16.800000000000015
-16.800000000000015
-16.800000000000015
-16.800000000000015
-16.800000000000015
-16.800000000000015
-16.800000000000015
-16.800000000000015
-16.800000000000015
-16.800000000000015
-16.800000000000015
-16.800000000000015
-16.800000000000015
-16.800000000000015
-16.800000000000015
-16.800000000000015
-16.800000000000015
-16.800000000000015
-16.800000000000015
-16.800000000000015
-16.800000000000015
-16.800000000000015
-16.800000000000015
-16.800000000000015
-16.800000000000015
-16.800000000000015
-16.800000000000015
-16.800000000000015
-16.800000000000015
-16.800000000000015
-16.800000000000015
-16.800000000000015
-16.800000000000015
-16.800000000000015
-16.800000000000015
-16.800000000000015
-16.800000000000015
-16.800000000000015
-16.800000000000015
-16.800000000000015
-16.800000000000015
-16.800000000000015
-16.800000000000015
-16.800000000000015
-16.800000000000015
-16.800000000000015
-16.800000000000015
-16.800000000000015
-16.800000000000015
-16.800000000000015
-16.800000000000015
-16.800000000000015
-16.800000000000015
-16.800000000000015
-16.800000000000015
-16.800000000000015
-16.800000000000015
-16.800000000000015
-16.800000000000015
-16.800000000000015
-16.800000000000015
-16.800000000000015
-16.800000000000015
-16.800000000000015
-16.800000000000015
-16.800000000000015
-16.800000000000015
-16.800000000000015
-16.800000000000015
-16.800000000000015
-16.800000000000015
-16.800000000000015
-16.800000000000015
-16.800000000000015
-16.800000000000015
-16.800000000000015
-16.800000000000015
-16.800000000000015
-16.800000000000015
-16.800000000000015
-16.800000000000015
-16.800000000000015
-16.800000000000015
-16.800000000000015
-16.800000000000015
-16.800000000000015
-16.800000000000015
-16.800000000000015
-16.800000000000015
-16.800000000000015
-16.800000000000015
-16.800000000000015
-16.800000000000015
-16.800000000000015
-16.800000000000015
-16.800000000000015
-16.800000000000015
-16.800000000000015
-16.800000000000015
-16.800000000000015
-16.800000000000015
-16.800000000000015
-16.800000000000015
-16.800000000000015
-16.800000000000015
-16.800000000000015
-16.800000000000015
-16.800000000000015
-16.800000000000015
-16.800000000000015
-16.800000000000015
-16.800000000000015
-16.800000000000015
-16.800000000000015
-16.800000000000015
-16.800000000000015
-16.800000000000015
-16.800000000000015
-16.800000000000015
-16.800000000000015
-16.800000000000015
-16.800000000000015
-16.800000000000015
-16.800000000000015
-16.800000000000015
-16.800000000000015
-16.800000000000015
-16.800000000000015
-16.800000000000015
-16.800000000000015
-16.800000000000015
-16.800000000000015
-16.800000000000015
-16.800000000000015
-16.800000000000015
-16.800000000000015
-16.800000000000015
-16.800000000000015
-16.800000000000015
-16.800000000000015
-16.800000000000015
-16.800000000000015
-16.800000000000015
-16.800000000000015
-16.800000000000015
-16.800000000000015
-16.800000000000015
-16.800000000000015
-16.800000000000015
-16.800000000000015
-16.800000000000015
-16.800000000000015
-16.800000000000015
-16.800000000000015
-16.800000000000015
-16.800000000000015
-16.800000000000015
-16.800000000000015
-16.800000000000015
-16.800000000000015
-16.800000000000015
-16.800000000000015
-16.800000000000015
-16.800000000000015
-16.800000000000015
-16.800000000000015
-16.800000000000015
-16.800000000000015
-16.800000000000015
-16.800000000000015
-16.800000000000015
-16.800000000000015
-16.800000000000015
-16.800000000000015
-16.800000000000015
-16.800000000000015
-16.800000000000015
-16.800000000000015
-16.800000000000015
-16.800000000000015
-16.800000000000015
-16.800000000000015
-16.800000000000015
-16.800000000000015
-16.800000000000015
-16.800000000000015
-16.800000000000015
-16.800000000000015
-16.800000000000015
-16.800000000000015
-16.800000000000015
-16.800000000000015
-16.800000000000015
-16.800000000000015
-16.800000000000015
-16.800000000000015
-16.800000000000015
-16.800000000000015
-16.800000000000015
-16.800000000000015
-16.800000000000015
-16.800000000000015
-16.800000000000015
-16.800000000000015
-16.800000000000015
-16.800000000000015
-16.800000000000015
-16.800000000000015
-16.800000000000015
-16.800000000000015
-16.800000000000015
-16.800000000000015
-16.800000000000015
-16.800000000000015
-16.800000000000015
-16.800000000000015
-16.800000000000015
-16.800000000000015
-16.800000000000015
-16.800000000000015
-16.800000000000015
-16.800000000000015
