-1.8539857149502126e-17
-7.298165912683958
-22.0658637161435
-30.52911244530833
-31.75676117197774
-31.9545350440548
-31.991110247300202
-31.998230029598595
-31.99964484929902
-31.999928493814892
-31.99998558098397
-31.999997090465307
-31.9999994127214
-31.999999881443713
-31.99999997606502
-31.999999995167713
-31.999999999024386
-31.999999999803055
-31.999999999960227
-31.999999999991978
-31.999999999998373
-31.999999999999645
-31.99999999999994
-31.99999999999997
-32.000000000000014
-31.999999999999993
-32.00000000000001
-31.999999999999993
-32.00000000000001
-31.999999999999993
-32.00000000000001
-31.999999999999993
-32.00000000000001
-31.999999999999993
-32.00000000000001
-31.999999999999993
-32.00000000000001
-31.999999999999993
-32.00000000000001
-31.999999999999993
-32.00000000000001
-31.999999999999993
-32.00000000000001
-31.999999999999993
-32.00000000000001
-31.999999999999993
-32.00000000000001
-31.999999999999993
-32.00000000000001
-31.999999999999993
-32.00000000000001
-31.999999999999993
-32.00000000000001
-31.999999999999993
-32.00000000000001
-31.999999999999993
-32.00000000000001
-31.999999999999993
-32.00000000000001
-31.999999999999993
-32.00000000000001
-31.999999999999993
-32.00000000000001
-31.999999999999993
-32.00000000000001
-31.999999999999993
-32.00000000000001
-31.999999999999993
-32.00000000000001
-31.999999999999993
-32.00000000000001
-31.999999999999993
-32.00000000000001
-31.999999999999993
-32.00000000000001
-31.999999999999993
-32.00000000000001
-31.999999999999993
-32.00000000000001
-31.999999999999993
-32.00000000000001
-31.999999999999993
-32.00000000000001
-31.999999999999993
-32.00000000000001
-31.999999999999993
-32.00000000000001
-31.999999999999993
-32.00000000000001
-31.999999999999993
-32.00000000000001
-31.999999999999993
-32.00000000000001
-31.999999999999993
-32.00000000000001
-31.999999999999993
-32.00000000000001
-31.999999999999993
-32.00000000000001
-31.999999999999993
-32.00000000000001
-31.999999999999993
-32.00000000000001
-31.999999999999993
-32.00000000000001
-31.999999999999993
-32.00000000000001
-31.999999999999993
-32.00000000000001
-31.999999999999993
-32.00000000000001
-31.999999999999993
-32.00000000000001
-31.999999999999993
-32.00000000000001
-31.999999999999993
-32.00000000000001
-31.999999999999993
-32.00000000000001
-31.999999999999993
-32.00000000000001
-31.999999999999993
-32.00000000000001
-31.999999999999993
-32.00000000000001
-31.999999999999993
-32.00000000000001
-31.999999999999993
-32.00000000000001
-31.999999999999993
-32.00000000000001
-31.999999999999993
-32.00000000000001
-31.999999999999993
-32.00000000000001
-31.999999999999993
-32.00000000000001
-31.999999999999993
-32.00000000000001
-31.999999999999993
-32.00000000000001
-31.999999999999993
-32.00000000000001
-31.999999999999993
-32.00000000000001
-31.999999999999993
-32.00000000000001
-31.999999999999993
-32.00000000000001
-31.999999999999993
-32.00000000000001
-31.999999999999993
-32.00000000000001
-31.999999999999993
-32.00000000000001
-31.999999999999993
-32.00000000000001
-31.999999999999993
-32.00000000000001
-31.999999999999993
-32.00000000000001
-31.999999999999993
-32.00000000000001
-31.999999999999993
-32.00000000000001
-31.999999999999993
-32.00000000000001
-31.999999999999993
-32.00000000000001
-31.999999999999993
-32.00000000000001
-31.999999999999993
-32.00000000000001
-31.999999999999993
-32.00000000000001
-31.999999999999993
-32.00000000000001
-31.999999999999993
-32.00000000000001
-31.999999999999993
-32.00000000000001
-31.999999999999993
-32.00000000000001
-31.999999999999993
-32.00000000000001
-31.999999999999993
-32.00000000000001
-31.999999999999993
-32.00000000000001
-31.999999999999993
-32.00000000000001
-31.999999999999993
-32.00000000000001
-31.999999999999993
-32.00000000000001
-31.999999999999993
-32.00000000000001
-31.999999999999993
-32.00000000000001
-31.999999999999993
-32.00000000000001
-31.999999999999993
-32.00000000000001
-31.999999999999993
-32.00000000000001
-31.999999999999993
-32.00000000000001
-31.999999999999993
-32.00000000000001
-31.999999999999993
-32.00000000000001
-31.999999999999993
-32.00000000000001
-31.999999999999993
-32.00000000000001
-31.999999999999993
-32.00000000000001
-31.999999999999993
-32.00000000000001
-31.999999999999993
-32.00000000000001
-31.999999999999993
-32.00000000000001
-31.999999999999993
-32.00000000000001
-31.999999999999993
-32.00000000000001
-31.999999999999993
-32.00000000000001
-31.999999999999993
-32.00000000000001
-31.999999999999993
-32.00000000000001
-31.999999999999993
-32.00000000000001
-31.999999999999993
-32.00000000000001
-31.999999999999993
-32.00000000000001
-31.999999999999993
-32.00000000000001
-31.999999999999993
-32.00000000000001
-31.999999999999993
-32.00000000000001
-31.999999999999993
-32.00000000000001
-31.999999999999993
-32.00000000000001
-31.999999999999993
-32.00000000000001
-31.999999999999993
-32.00000000000001
-31.999999999999993
-32.00000000000001
-31.999999999999993
-32.00000000000001
-31.999999999999993
-32.00000000000001
-31.999999999999993
-32.00000000000001
-31.999999999999993
-32.00000000000001
-31.999999999999993
-32.00000000000001
-31.999999999999993
-32.00000000000001
-31.999999999999993
-32.00000000000001
-31.999999999999993
-32.00000000000001
-31.999999999999993
-32.00000000000001
-31.999999999999993
-32.00000000000001
-31.999999999999993
-32.00000000000001
-31.999999999999993
-32.00000000000001
-31.999999999999993
-32.00000000000001
-31.999999999999993
-32.00000000000001
-31.999999999999993
-32.00000000000001
-31.999999999999993
-32.00000000000001
-31.999999999999993
-32.00000000000001
-31.999999999999993
-32.00000000000001
-31.999999999999993
-32.00000000000001
-31.999999999999993
-32.00000000000001
-31.999999999999993
-32.00000000000001
-31.999999999999993
-32.00000000000001
-31.999999999999993
-32.00000000000001
-31.999999999999993
-32.00000000000001
-31.999999999999993
-32.00000000000001
-31.999999999999993
-32.00000000000001
-31.999999999999993
-32.00000000000001
-31.999999999999993
-32.00000000000001
-31.999999999999993
-32.00000000000001
-31.999999999999993
-32.00000000000001
-31.999999999999993
-32.00000000000001
-31.999999999999993
-32.00000000000001
-31.999999999999993
-32.00000000000001
-31.999999999999993
-32.00000000000001
-31.999999999999993
-32.00000000000001
-31.999999999999993
-32.00000000000001
-31.999999999999993
-32.00000000000001
-31.999999999999993
-32.00000000000001
-31.999999999999993
-32.00000000000001
-31.999999999999993
-32.00000000000001
-31.999999999999993
-32.00000000000001
-31.999999999999993
-32.00000000000001
-31.999999999999993
-32.00000000000001
-31.999999999999993
-32.00000000000001
-31.999999999999993
-32.00000000000001
-31.999999999999993
-32.00000000000001
-31.999999999999993
-32.00000000000001
-31.999999999999993
-32.00000000000001
-31.999999999999993
-32.00000000000001
-31.999999999999993
-32.00000000000001
-31.999999999999993
-32.00000000000001
-31.999999999999993
-32.00000000000001
-31.999999999999993
-32.00000000000001
-31.999999999999993
-32.00000000000001
-31.999999999999993
-32.00000000000001
-31.999999999999993
-32.00000000000001
-31.999999999999993
-32.00000000000001
-31.999999999999993
-32.00000000000001
-31.999999999999993
-32.00000000000001
-31.999999999999993
-32.00000000000001
-31.999999999999993
-32.00000000000001
-31.999999999999993
-32.00000000000001
-31.999999999999993
-32.00000000000001
-31.999999999999993
-32.00000000000001
-31.999999999999993
-32.00000000000001
-31.999999999999993
-32.00000000000001
-31.999999999999993
-32.00000000000001
-31.999999999999993
-32.00000000000001
-31.999999999999993
-32.00000000000001
-31.999999999999993
-32.00000000000001
-31.999999999999993
-32.00000000000001
-31.999999999999993
-32.00000000000001
-31.999999999999993
-32.00000000000001
-31.999999999999993
-32.00000000000001
-31.999999999999993
-32.00000000000001
-31.999999999999993
-32.00000000000001
-31.999999999999993
-32.00000000000001
-31.999999999999993
-32.00000000000001
-31.999999999999993
-32.00000000000001
-31.999999999999993
-32.00000000000001
-31.999999999999993
-32.00000000000001
-31.999999999999993
-32.00000000000001
-31.999999999999993
-32.00000000000001
-31.999999999999993
-32.00000000000001
-31.999999999999993
-32.00000000000001
-31.999999999999993
-32.00000000000001
-31.999999999999993
-32.00000000000001
-31.999999999999993
-32.00000000000001
-31.999999999999993
-32.00000000000001
-31.999999999999993
-32.00000000000001
-31.999999999999993
-32.00000000000001
-31.999999999999993
-32.00000000000001
-31.999999999999993
-32.00000000000001
-31.999999999999993
-32.00000000000001
-31.999999999999993
-32.00000000000001
-31.999999999999993
-32.00000000000001
-31.999999999999993
-32.00000000000001
-31.999999999999993
-32.00000000000001
-31.999999999999993
-32.00000000000001
-31.999999999999993
-32.00000000000001
-31.999999999999993
-32.00000000000001
-31.999999999999993
-32.00000000000001
-31.999999999999993
-32.00000000000001
-31.999999999999993
-32.00000000000001
-31.999999999999993
-32.00000000000001
-31.999999999999993
-32.00000000000001
-31.999999999999993
-32.00000000000001
-31.999999999999993
-32.00000000000001
-31.999999999999993
-32.00000000000001
-31.999999999999993
-32.00000000000001
-31.999999999999993
-32.00000000000001
-31.999999999999993
-32.00000000000001
-31.999999999999993
-32.00000000000001
-31.999999999999993
-32.00000000000001
-31.999999999999993
-32.00000000000001
-31.999999999999993
-32.00000000000001
-31.999999999999993
-32.00000000000001
-31.999999999999993
-32.00000000000001
-31.999999999999993
-32.00000000000001
-31.999999999999993
-32.00000000000001
-31.999999999999993
-32.00000000000001
-31.999999999999993
-32.00000000000001
-31.999999999999993
-32.00000000000001
-31.999999999999993
-32.00000000000001
-31.999999999999993
-32.00000000000001
-31.999999999999993
-32.00000000000001
-31.999999999999993
-32.00000000000001
-31.999999999999993
-32.00000000000001
-31.999999999999993
-32.00000000000001
-31.999999999999993
-32.00000000000001
-31.999999999999993
-32.00000000000001
-31.999999999999993
-32.00000000000001
-31.999999999999993
-32.00000000000001
-31.999999999999993
-32.00000000000001
-31.999999999999993
-32.00000000000001
-31.999999999999993
-32.00000000000001
-31.999999999999993
-32.00000000000001
-31.999999999999993
-32.00000000000001
-31.999999999999993
-32.00000000000001
-31.999999999999993
-32.00000000000001
-31.999999999999993
-32.00000000000001
-31.999999999999993
-32.00000000000001
-31.999999999999993
-32.00000000000001
-31.999999999999993
-32.00000000000001
-31.999999999999993
-32.00000000000001
-31.999999999999993
-32.00000000000001
-31.999999999999993
-32.00000000000001
-31.999999999999993
-32.00000000000001
-31.999999999999993
-32.00000000000001
-31.999999999999993
-32.00000000000001
-31.999999999999993
-32.00000000000001
-31.999999999999993
-32.00000000000001
-31.999999999999993
-32.00000000000001
-31.999999999999993
-32.00000000000001
-31.999999999999993
-32.00000000000001
-31.999999999999993
-32.00000000000001
-31.999999999999993
-32.00000000000001
-31.999999999999993
-32.00000000000001
-31.999999999999993
-32.00000000000001
-31.999999999999993
-32.00000000000001
-31.999999999999993
-32.00000000000001
-31.999999999999993
-32.00000000000001
-31.999999999999993
-32.00000000000001
-31.999999999999993
-32.00000000000001
-31.999999999999993
-32.00000000000001
-31.999999999999993
-32.00000000000001
-31.999999999999993
-32.00000000000001
-31.999999999999993
-32.00000000000001
-31.999999999999993
-32.00000000000001
-31.999999999999993
-32.00000000000001
-31.999999999999993
-32.00000000000001
-31.999999999999993
-32.00000000000001
-31.999999999999993
