-1.046702329844662e-14
-0.003020250918955758
-0.014599211863179308
-0.03890372483138317
-0.07810587599185896
-0.13208154502995914
-0.19846857215906202
-0.27306625690696096
-0.3505064397671194
-0.42508731602029876
-0.49163980957232595
-0.5462953160040587
-0.5870422927687615
-0.6139940116234186
-0.6293350216737715
-0.636962424949422
-0.6418826563936703
-0.6494586704750972
-0.6646216197711275
-0.6911629919189238
-0.7312080818203279
-0.7849424007563598
-0.8506239004926774
-0.9248716476216043
-1.0031820415201045
-1.080592434246598
-1.1523932924139253
-1.2147861020276085
-1.2653951196506932
-1.3035647495523364
-1.3304069517218362
-1.3485996878704847
-1.3619726265812868
-1.3749451799158257
-1.3919005475464779
-1.4165855237069516
-1.4516189732712104
-1.498173562107878
-1.5558685691958694
-1.622880534478633
-1.6962476835421185
-1.7723178813982692
-1.8472718405449546
-1.9176456813405525
-1.9807803817165854
-2.035139212500358
-2.080455569324772
-2.1176992916424036
-2.1488757192490806
-2.17669458720547
-2.2041622610055804
-2.2341587113799526
-2.2690593094439038
-2.3104516571598026
-2.358981137697178
-2.41433843056479
-2.475381065891413
-2.540362307552964
-2.6072268624307764
-2.6739258582655463
-2.7387038880531556
-2.800318234745572
-2.8581632052410155
-2.9122886004677055
-2.9633181163926667
-3.012288313833815
-3.060439536190386
-3.108995361168171
-3.1589663530275556
-3.2110075189999825
-3.265348297665975
-3.321801033967737
-3.379840883898104
-3.4387389859413626
-3.4977231545101093
-3.5561372674212612
-3.6135721637649962
-3.669946740328175
-3.7255269242456883
-3.7808807828951623
-3.8367785123978297
-3.894054808612096
-3.9534568724690318
-4.015503242128625
-4.0803765970554435
-4.14786808642863
-4.21738257333512
-4.2880047928529486
-4.358617261777157
-4.428053205464953
-4.4952628221835065
-4.559469474754929
-4.620293969353135
-4.677829572582787
-4.732657085447885
-4.785797164222801
-4.8386051011716145
-4.892620455759801
-4.949389428479242
-5.010281108653844
-5.076319409726736
-5.1480506396484245
-5.225462533818083
-5.307964732723453
-5.3944338080849805
-5.48331879873919
-5.572796568942929
-5.660960819181682
-5.746024792336845
-5.826515980518618
-5.9014416159070615
-5.970406399932402
-6.033668582740125
-6.092126765381304
-6.147237109252257
-6.20086830220207
-6.255108843454032
-6.312047126903502
-6.373548639490767
-6.441055734821052
-6.5154335624754465
-6.596880871233195
-6.68491700829746
-6.778447337120825
-6.8758996139976265
-6.975414862637466
-7.075069197521505
-7.1730988885441365
-7.268100381079582
-7.359180162676315
-7.446035959102593
-7.5289599188124825
-7.608764985555551
-7.686646110118128
-7.763996827850696
-7.8422077276456
-7.922475547599019
-8.005649682962048
-8.092137032835574
-8.181877192504425
-8.274389348210304
-8.368881460246113
-8.464403067524959
-8.560016722309465
-8.654960625154933
-8.748776831318539
-8.841385135495504
-8.933091495829457
-9.02453024985545
-9.116549777904625
-9.210060069922411
-9.30586650407993
-9.404516182417053
-9.50618113039947
-9.610596930689558
-9.717066866422936
-9.824531736330604
-9.931695695760755
-10.037190239935072
-10.139752967895866
-10.2383957906675
-10.332538976154593
-10.422092503004494
-10.50747379087524
-10.589559810560464
-10.669580530543415
-10.748968360044481
-10.829183680125396
-10.911539072998936
-10.99704427340042
-11.086290423556106
-11.179386531685985
-11.275953980730065
-11.375177491035524
-11.475904072068674
-11.576776033835161
-11.676380677376471
-11.773398173046765
-11.86673038526333
-11.955596732741652
-12.039588047787204
-12.118675103711945
-12.193174229671998
-12.263677480732003
-12.330958572758576
-12.395867836538955
-12.459229653543037
-12.52175431568709
-12.583973328910767
-12.646203344109233
-12.708539733337705
-12.770876935765228
-12.832949611296945
-12.894386745797833
-12.954770322236755
-13.01369093463857
-13.070794478171145
-13.125816343908133
-13.178601874764611
-13.22911375917512
-13.277428270467361
-13.323722730074733
-13.368256409997192
-13.41134656719517
-13.453340753050185
-13.494586265558722
-13.53539780059759
-13.576025036165168
-13.616622890891406
-13.657228214566526
-13.697747278703455
-13.737958235407032
-13.777531435948928
-13.816068128064865
-13.85315487372758
-13.88842762504058
-13.92163652102548
-13.952700879478648
-13.981744116994097
-14.009100637074866
-14.035290838098062
-14.060965642943803
-14.086827373041658
-14.113538310336422
-14.141630965273512
-14.171434287218194
-14.203027686597526
-14.236230182333333
-14.270626096319619
-14.305622622487077
-14.34052947517284
-14.374647630428647
-14.40735345661114
-14.438166302394693
-14.466791371857928
-14.493134581744412
-14.517291005800276
-14.539512476636734
-14.560162241331497
-14.57966499340299
-14.598459341693985
-14.616957420223335
-14.635513688317639
-14.654402785476252
-14.673805116541946
-14.693798795229489
-14.714357410347045
-14.73535424071455
-14.756574369373425
-14.777736100859071
-14.798521951855445
-14.818617456109909
-14.83775364693679
-14.855747092641531
-14.872530461402864
-14.888167230270788
-14.90284638759854
-14.916856453297969
-14.930542160038154
-14.944250816188026
-14.958277830006331
-14.972821449084961
-14.987955187395977
-15.003622906155925
-15.019656815816258
-15.035813860106797
-15.051822198584134
-15.067427752209168
-15.082431437759485
-15.096710576050143
-15.110222228250935
-15.12299076028991
-15.135085586044088
-15.146596886855622
-15.157616717284617
-15.168230431642616
-15.178519499252909
-15.188572614606555
-15.198498789435753
-15.208434885867922
-15.218541342687619
-15.228983445822967
-15.239900424766962
-15.25136942146958
-15.263374403792676
-15.275790246284876
-15.28838918166375
-15.300871323170467
-15.312914463088992
-15.324232730415474
-15.334630624426596
-15.344039432112835
-15.35252709665948
-15.36027921635353
-15.367556230859172
-15.37463791683911
-15.381769297134118
-15.389121055559844
-15.396772819951206
-15.404720670624895
-15.412903141458337
-15.421235049783775
-15.429637259004382
-15.438053239434398
-15.44644898367896
-15.454799394257941
-15.463069359281647
-15.471199572992175
-15.479105109995848
-15.486689574644336
-15.493871198280493
-15.500611914945628
-15.506938249532322
-15.51294477755923
-15.518776479161147
-15.524593664513977
-15.530529679919425
-15.536654852260193
-15.542958716020873
-15.549356777953014
-15.555719843367878
-15.56191618069969
-15.567852381223085
-15.573499356203886
-15.578895345940019
-15.584126124814274
-15.589290712869673
-15.594465839132244
-15.599682323919438
-15.604921519826515
-15.610131916704784
-15.6152580818846
-15.620269368940162
-15.625176164364195
-15.630026740780664
-15.634885938033165
-15.639804593161262
-15.644792706958826
-15.649808038012468
-15.65476562756788
-15.65956520044406
-15.664125996513913
-15.668415442593066
-15.672460496418717
-15.6763374827896
-15.68014488870011
-15.683970289519051
-15.687864560362183
-15.691832999191849
-15.69584550331055
-15.699859747316385
-15.703845964794613
-15.707801752798897
-15.711750329832382
-15.715723591625954
-15.719738516030752
-15.72377867603512
-15.727790362836302
-15.731696143257334
-15.735420654545061
-15.738917763209662
-15.742187478185182
-15.745275519942144
-15.748256094170396
-15.751205661741489
-15.754179022399462
-15.757197301299765
-15.760251399463169
-15.763317117115037
-15.766373034026806
-15.76941172764222
-15.772439099774672
-15.775463206093017
-15.778479611684414
-15.781462083796761
-15.784364551995578
-15.787134297831127
-15.789730418952555
-15.792138798757556
-15.79437649485596
-15.796483680105409
-15.798507264702833
-15.80048400886069
-15.802430521242995
-15.804343461376506
-15.806207873050523
-15.808007802135043
-15.809733090001735
-15.811379336308809
-15.812942477142162
-15.81441257091433
-15.815771484201397
-15.81699637052046
-15.81806700404858
-15.81897256796151
-15.819713862753817
-15.820299747706546
-15.820740077271275
-15.821039253617837
-15.821193693827334
