-1.046702329844662e-14
-0.0024173960856155446
-0.01168919842634469
-0.031157261625506586
-0.06256301030796547
-0.10579922620950163
-0.15895183467494084
-0.21861916012076818
-0.280453859440824
-0.33984004126379486
-0.3925996133165283
-0.4356200270791507
-0.467310079319593
-0.4878185995701059
-0.4989880541468447
-0.5040554868497696
-0.5071506664828422
-0.5126703312813631
-0.5246239481329843
-0.5460483574802801
-0.5785761890675395
-0.6222182684732799
-0.675387368689857
-0.7351546530864349
-0.7976963677684625
-0.8588616453944324
-0.9147763684028817
-0.9623949146759132
-0.9999213600147702
-1.0270425543410906
-1.044944082733494
-1.056112107190347
-1.063954741547078
-1.0723015582636173
-1.084855639951075
-1.1046772726469385
-1.1337716005425764
-1.1728356513458076
-1.221195839764468
-1.2769390783011838
-1.3372130909477864
-1.3986483592858105
-1.4578384996453546
-1.5118097564629132
-1.5584142507282766
-1.5965947281558097
-1.6264886090170159
-1.6493630257608407
-1.6673966815882
-1.6833453031079044
-1.700142319017963
-1.7204932920826987
-1.746520907638486
-1.779507593967378
-1.8197668619650291
-1.8666547745820585
-1.9187125811972943
-1.973913438893611
-2.0299727958560005
-2.0846751368712413
-2.136170077884697
-2.1831978613024017
-2.225216784216824
-2.2624208873494664
-2.295652845800853
-2.326231930796349
-2.3557280256284203
-2.385718531620618
-2.417565014459797
-2.4522409556278726
-2.490232139402958
-2.5315187662907306
-2.575635374164117
-2.6217930715457003
-2.6690401145003073
-2.716432598716011
-2.7631874044084213
-2.8087942145235165
-2.853071474764409
-2.8961611534024936
-2.9384674274858393
-2.9805533334293934
-3.0230156175044756
-3.066360634322623
-3.1109029065195544
-3.15670324307493
-3.203556028250773
-3.2510267216693256
-3.2985321821658653
-3.3454494814602667
-3.3912344465380024
-3.435529856190095
-3.4782451040630917
-3.519593825529544
-3.5600826664634093
-3.6004519855968993
-3.641576670348987
-3.684341324320189
-3.729507992644721
-3.777595807267795
-3.828790338476759
-3.882896319151324
-3.9393414038677843
-3.997231621768268
-4.0554521725278825
-4.112801149543752
-4.168139430116792
-4.220537855339205
-4.269403122029412
-4.31456640084278
-4.356323184709268
-4.395418669017144
-4.432979365409148
-4.470397921379757
-4.509183570287507
-4.550794691153249
-4.596472191579748
-4.647092608052789
-4.703057923194833
-4.764235317692436
-4.82995478816087
-4.899066312123702
-4.9700516760129085
-5.04117989533879
-5.110690020110579
-5.176981617983274
-5.238791800536122
-5.295338545992045
-5.346413283293105
-5.392410993481418
-5.434292959792214
-5.473485040093288
-5.511722064123248
-5.550855721880415
-5.592648202668943
-5.638576135693916
-5.689668637684277
-5.746399442098509
-5.808646544727715
-5.875724328939803
-5.946483817235628
-6.019467786181141
-6.09310021934347
-6.165885003697369
-6.236587592259974
-6.304375788313505
-6.368901571539482
-6.430314215103138
-6.489204677354381
-6.5464910036124735
-6.60326282084882
-6.660608708906062
-6.719452416763709
-6.780422208081996
-6.843772296188372
-6.909367154001674
-6.976729693663481
-7.045144398277376
-7.113797977423547
-7.181934325012152
-7.248998385097681
-7.314745325135661
-7.379296910308112
-7.443135324045447
-7.5070345966863234
-7.57193974342452
-7.638812121406193
-7.70846507612229
-7.781415785981394
-7.857777041716955
-7.93720685241956
-8.018925160992485
-8.1017969072893
-8.184470732516576
-8.26555427348922
-8.343801485497963
-8.418285546992195
-8.48853287277393
-8.55459925357414
-8.617077295908903
-8.677033931715641
-8.735886395569729
-8.795233352961045
-8.856663664892832
-8.921567845288921
-8.990976350816881
-9.065444686051213
-9.14499860388072
-9.229144448701152
-9.316941107205958
-9.407122267538103
-9.49825174203198
-9.588891187036516
-9.677758987318178
-9.763861294708205
-9.846580781784612
-9.925714857671547
-10.001461981117128
-10.074361340618168
-10.14519669255338
-10.214878907127293
-10.284323405408367
-10.354338125529825
-10.42553516549862
-10.498275272359898
-10.57264948621659
-10.648497166591541
-10.72545497390313
-10.803027710700114
-10.880669663407149
-10.957864455671935
-11.03419244224661
-11.109377129911396
-11.183305606772384
-11.256021955367563
-11.327696529352645
-11.398577241098398
-11.468931215489967
-11.53898606992005
-11.608879637279879
-11.678625299175511
-11.74809753321157
-11.81703919618883
-11.885088910171909
-11.951824131996903
-12.016813450202493
-12.079670634409828
-12.140103071013169
-12.197948386112822
-12.253195042013695
-12.305985131555515
-12.356600066075954
-12.405431968993533
-12.452945061886272
-12.499632025229745
-12.545970249008107
-12.592382205583933
-12.639203105205228
-12.686657782498735
-12.734847630023625
-12.78374749420136
-12.833211843873602
-12.882989189345205
-12.932743578486088
-12.982081900874164
-13.030585572750244
-13.077844884295931
-13.1234938697793
-13.1672430943402
-13.20890738457759
-13.248425434802819
-13.285868545132152
-13.321436571102115
-13.355440464718201
-13.388272427055313
-13.420366435026331
-13.452153449891323
-13.484016658253935
-13.516252396910314
-13.549041853141187
-13.582437254361691
-13.616364268816195
-13.650640058677642
-13.685004238759754
-13.71915825319625
-13.752807648137459
-13.785701513384046
-13.817663968992257
-13.848613842962422
-13.878570402768947
-13.90764491072972
-13.936019618010151
-13.963917372132295
-13.991566116491168
-14.019163099596097
-14.046843548670855
-14.074657928908163
-14.102560798274915
-14.130412814954656
-14.15799582215492
-14.18503929489216
-14.211254956837713
-14.236375228469008
-14.260190504365738
-14.282580204142521
-14.303533171364112
-14.323154295230808
-14.341656075986098
-14.35933600447692
-14.376542745678721
-14.393635837925828
-14.410944620698267
-14.428732178854856
-14.447169206762393
-14.466321004177981
-14.486148629498098
-14.506522965709841
-14.527248525799157
-14.548092589460913
-14.56881492322677
-14.589193895435807
-14.60904605964918
-14.62823789701439
-14.646689972850217
-14.664374922197137
-14.681311231376446
-14.697554724776552
-14.713189173874568
-14.728316795296552
-14.743048867469248
-14.75749644729779
-14.77176124599527
-14.785927036047154
-14.800052342305381
-14.814165441146308
-14.828262716400143
-14.842311136130506
-14.856255039838118
-14.870026658299334
-14.883558987296029
-14.896798995466863
-14.909718851382063
-14.9223230317439
-14.93464983935902
-14.946766902082093
-14.958761411338664
-14.97072690162905
-14.982749006169474
-14.994892692918082
-15.007192992811847
-15.019650340652861
-15.032230627839745
-15.044869203734663
-15.057477575170399
-15.069951519356575
-15.082179665981487
-15.094052118677622
-15.10546912537025
-15.116349962087817
-15.126641971308704
-15.136329150509125
-15.145439015599205
-15.154045946440263
-15.162269132092826
-15.170263749765153
-15.178205142239886
-15.186267313668617
-15.194598680535115
-15.203299240952479
-15.212403741920001
-15.221874775793736
-15.231608033818382
-15.241449495411308
-15.251221690646517
-15.26075400608441
-15.269910907413035
-15.278612280384117
-15.286841838301289
-15.294642323488743
-15.302099358145595
-15.309318466690536
-15.316401276832474
-15.323426785524493
-15.330441859905259
-15.337462303795135
-15.344482679124189
-15.351490570450153
-15.358479892399025
-15.365458509739113
-15.372447651828784
-15.379473627793557
-15.386555170724026
-15.393691392751201
-15.400855233720762
-15.407995439311092
-15.41504711840358
-15.421947822507653
-15.42865395331831
-15.435151928720598
-15.441460127633642
-15.44762071167613
-15.453683958829016
-15.459690496728925
-15.465657761233677
-15.471575696354604
-15.477413511434571
-15.48313528661585
-15.488718797229414
-15.494170401613061
-15.499529872485507
-15.504862412134676
-15.510239670950778
-15.515715773508488
-15.52130659363967
-15.526979892061739
-15.53266052570447
-15.538249864914839
-15.543653579041925
-15.548808871786589
-15.553702235429434
-15.55837193344518
-15.56289464649701
-15.56736116694783
-15.571849718046025
-15.576406037554436
-15.58103658113659
-15.585716107882051
-15.590405444744079
-15.595071494876812
-15.599701017235645
-15.604302583026175
-15.608896270693032
-15.61349601792257
-15.618092906267444
-15.622647578976025
-15.627096427446622
-15.631370502524033
-15.635420597048121
-15.63923888491204
-15.642868231077587
-15.646394639362278
-15.649924633576568
-15.653555180127702
-15.657346713156395
-15.661308684113827
-15.665402237371376
-15.669558033917834
-15.673701572876048
-15.677775904233886
-15.681753358605143
-15.685633047799373
-15.689427178622427
-15.693143948608444
-15.696775924848302
-15.700299893778261
-15.7036885414084
-15.70692851398088
-15.710036043950394
-15.713061960760239
-15.716082324887186
-15.71917721453602
-15.722405575158195
-15.725786090152708
-15.729291776403665
-15.73286039254445
-15.736416229173818
-15.739894307091816
-15.743257435332357
-15.746500168068735
-15.749639749421943
-15.75269984558273
-15.75569563292365
-15.758627448599574
-15.761485481588068
-15.764262229523355
-15.766965465411012
-15.769624161248219
-15.772283319400657
-15.774989236198074
-15.777771625996081
-15.780630853195367
-15.78353634596012
-15.786437145768252
-15.789279971634885
-15.792026849605
-15.794664854863846
-15.797204513384374
-15.799668870264764
-15.802079434821055
-15.804446138847968
-15.806765777647012
-15.809028651865486
-15.811228812139442
-15.813371640092166
-15.815474244753045
-15.817558269114917
-15.819638924100957
-15.821716138157777
-15.823772576811594
-15.825779635626713
-15.827708360538628
-15.829539830226647
-15.831270072194458
-15.832907665033053
-15.834466031097026
-15.835954936088127
-15.837375614862813
-15.838721476122483
-15.839983047205253
-15.841153614511999
-15.84223206067887
-15.843221482213547
-15.844124896181713
-15.844941027064905
-15.845662858765076
-15.846279674812662
-15.846781037828338
-15.847160046243028
-15.847413903274477
-15.84754177973804
