-1.046702329844662e-14
-0.0012098932424260687
-0.005854422130390822
-0.015612852224037898
-0.03135949299918812
-0.0530324317448682
-0.07964960886863892
-0.10946815817045037
-0.14026070017631798
-0.16966444634450903
-0.1955482382723377
-0.21634055456792656
-0.23126825279284305
-0.2404701955728821
-0.2449696040282498
-0.24651087897228163
-0.24728733861466184
-0.24960268984638168
-0.2555186456608255
-0.2665425663923812
-0.2834022415449059
-0.3059410989313651
-0.3331484389963126
-0.3633186535866343
-0.39431395443557316
-0.42388982557168436
-0.45003347191948007
-0.47126421131638946
-0.48685112901041405
-0.4969163040316329
-0.502409472121629
-0.5049594073819031
-0.5066256492878934
-0.5095887490324715
-0.515825849396625
-0.5268199533853278
-0.5433455651168995
-0.5653614636223032
-0.5920250701508448
-0.6218246826839291
-0.6528085032905881
-0.6828754269884109
-0.7100839989606232
-0.7329339499979837
-0.7505794662495443
-0.7629440186973705
-0.7707214924037954
-0.7752652445630027
-0.778383066477664
-0.7820694401589631
-0.7882150562257512
-0.7983361363436333
-0.8133624246242193
-0.8335134440779324
-0.8582792263097652
-0.8865062558121601
-0.9165741241131631
-0.9466355797130266
-0.9748840970997694
-0.9998099204141128
-1.0204080984766772
-1.036309808080237
-1.0478200031200553
-1.055858323837296
-1.0618141808197628
-1.0673389624754495
-1.07410671073546
-1.0835782523664468
-1.0968022701792322
-1.1142805169644396
-1.1359143663211841
-1.161037720082107
-1.1885287804081097
-1.2169821669571887
-1.2449148639279903
-1.270975575631519
-1.2941276799230261
-1.3137808509364723
-1.3298547157408203
-1.3427682850701177
-1.353359770755466
-1.3627511722865402
-1.3721793048116324
-1.3828187907751956
-1.3956225299658236
-1.4112014634145402
-1.429758755476102
-1.4510849451023615
-1.4746115002516622
-1.4995119089499211
-1.524833137278638
-1.549636811967665
-1.5731292203216838
-1.5947620460610246
-1.6142911034357503
-1.6317872698208336
-1.6476012284759765
-1.662290379797176
-1.6765213790896707
-1.6909645290290227
-1.7061964030222323
-1.722624725229844
-1.740445184167322
-1.7596342902045194
-1.7799765298828156
-1.8011188450848472
-1.8226416506244854
-1.8441337195755216
-1.8652585050973607
-1.8858016824129051
-1.9056934323768187
-1.9250035748447154
-1.9439123151813895
-1.962663331118535
-1.9815085819375082
-2.000655185947554
-2.020223893525913
-2.04022628419797
-2.0605642910969224
-2.0810516269056514
-2.101452835778225
-2.1215326585431775
-2.1411066557849305
-2.160083844842717
-2.1784934757502783
-2.1964907516601806
-2.2143398411187887
-2.2323763528131395
-2.250954931131432
-2.2703902251783643
-2.2909007715712795
-2.3125651063939117
-2.335297715147204
-2.3588495024835026
-2.3828337644377218
-2.4067747395274264
-2.430172294595891
-2.452573697652732
-2.4736421336559253
-2.493211824634832
-2.511321297127021
-2.528219259908679
-2.5443413021869548
-2.5602596728158336
-2.5766121925951295
-2.5940193613152895
-2.6130005352263925
-2.633900418540029
-2.6568359786188003
-2.681671402592985
-2.7080251857260236
-2.7353093353837146
-2.762796518268136
-2.789707305669816
-2.8153069505310313
-2.8389997079050207
-2.860408770972344
-2.879431439907516
-2.896261992460287
-2.9113785481928995
-2.9254945612743253
-2.9394799233786855
-2.9542604867945705
-2.970707660510767
-2.989531229333881
-3.0111884902878923
-3.035821163158649
-3.0632284713750937
-3.0928806371677804
-3.1239722615966845
-3.155510223363499
-3.1864264116574033
-3.215702344272377
-3.2424909394805996
-3.2662206705165615
-3.286669094532657
-3.3039961552725217
-3.3187323441238465
-3.331722228549989
-3.344029367033229
-3.356813535222581
-3.37119484810734
-3.3881212720595646
-3.4082558813092048
-3.431897986237344
-3.458948180293264
-3.4889219062358725
-3.5210100151478434
-3.554178777316574
-3.587296701496554
-3.6192720225438704
-3.6491833188357905
-3.676386636780742
-3.7005856346952117
-3.721856210410687
-3.7406231863216606
-3.757593060732107
-3.773652705667901
-3.78974837653315
-3.8067618626634108
-3.8254006972112404
-3.8461170462466434
-3.869065543449695
-3.8941045633394005
-3.9208390790665617
-3.9486972640540006
-3.9770282521200566
-4.005205665604372
-4.032721062320938
-4.05925339310459
-4.084704592031388
-4.109196912773553
-4.133033725040344
-4.156631248901458
-4.180433237618333
-4.204823217389079
-4.2300491513658995
-4.2561732764778775
-4.283055698102204
-4.310374774441309
-4.337681255167968
-4.364477517998
-4.390308968252062
-4.414852421195684
-4.437986452253322
-4.4598312780232945
-4.480750344762981
-4.501311750461898
-4.522213994262282
-4.544186339430754
-4.567878378696029
-4.593755511830442
-4.622016625797303
-4.652547339374657
-4.6849171559536495
-4.71842250235878
-4.752170868805997
-4.785195118734186
-4.8165824285861785
-4.84559993731851
-4.871799391225407
-4.895085835174378
-4.915740323056723
-4.9343929803562565
-4.951949627181531
-4.969481571138035
-4.988093196183127
-5.008784909282499
-5.03232947639539
-5.059177760334371
-5.089405699837596
-5.122708674899982
-5.158443018919188
-5.195708265508655
-5.233458598003699
-5.270628565069062
-5.306256833616163
-5.339592657551176
-5.370172626693095
-5.397859640957551
-5.422841265632011
-5.445589920973215
-5.466792031144835
-5.487256720450887
-5.50781651883934
-5.529232685374745
-5.5521162823554135
-5.5768733472941685
-5.603678876569261
-5.632480387507248
-5.663028094771468
-5.694925678596199
-5.72769356782628
-5.760835785326096
-5.793901718647608
-5.826535546023619
-5.858508208424825
-5.889729438456044
-5.920240075707317
-5.950187376891791
-5.979787989931733
-6.009284513951691
-6.038902020215471
-6.068810566290537
-6.099098683471236
-6.129761206499822
-6.160702841054152
-6.1917567523963335
-6.222715443103779
-6.2533694977731775
-6.283548611018148
-6.313158837313339
-6.342210293663364
-6.370830608904371
-6.399261152424724
-6.427835304925929
-6.45694049463738
-6.486968107066725
-6.518257366290995
-6.55104058988839
-6.585397613491922
-6.621226541251376
-6.658236308756976
-6.695963988880185
-6.733816607931204
-6.771133860612634
-6.807264975645157
-6.841650553449124
-6.873898872716217
-6.90384621230315
-6.931592243437488
-6.957504389605837
-6.9821888984274585
-7.006430726821139
-7.031108614337947
-7.0570953015177755
-7.085155206895572
-7.115852629763506
-7.149482534055997
-7.186033276939898
-7.225186602188418
-7.266355354936055
-7.308754355275347
-7.351495397240885
-7.393694057998796
-7.434574391742853
-7.473557891714829
-7.510325304053687
-7.5448436645376775
-7.57735576483824
-7.608334443821296
-7.638408894173862
-7.6682738874006615
-7.698594926043473
-7.729922547020173
-7.762627321619636
-7.796863801953694
-7.832567259590437
-7.8694822123440265
-7.907217155487701
-7.94531626637463
-7.983336650283812
-8.020919232819102
-8.05784271331305
-8.094052846581302
-8.129663265100808
-8.164928483422976
-8.2001939709909
-8.235831605897902
-8.272170930783915
-8.309437130527948
-8.347705495640167
-8.386879531493387
-8.426696240134591
-8.466757998965639
-8.506586502695974
-8.545690994995361
-8.583640945511702
-8.620132695972476
-8.655040463835224
-8.688444300119418
-8.7206308145315
-8.75206624007074
-8.783345182553012
-8.815121669433193
-8.848031439826634
-8.882615506006756
-8.919254745776465
-8.958123724764887
-8.999169341903496
-9.042116618688631
-9.086500468102768
-9.13171904786411
-9.17710173729901
-9.221983184427321
-9.26577441623375
-9.308022702141438
-9.348453571442809
-9.386990848743235
-9.42375344082958
-9.45903049968254
-9.493239129177757
-9.52687068839044
-9.560432763327935
-9.594393946306365
-9.629137722955365
-9.66493018337432
-9.70190419840402
-9.740060436768491
-9.779283453012543
-9.819369323551832
-9.860060152894071
-9.901080325413407
-9.942169649504132
-9.983109442158105
-10.023738964637962
-10.063961222413763
-10.103738743742579
-10.143081325531679
-10.182028703431666
-10.22063155691344
-10.258934172422032
-10.296961512635432
-10.334712498455989
-10.37216016876087
-10.409258224180746
-10.445952458032282
-10.482194867792048
-10.517957910180389
-10.553246437256309
-10.588105294413694
-10.622621286333505
-10.656919099384082
-10.691151668242721
-10.72548625556473
-10.760088068058474
-10.795103493922811
-10.830644999051732
-10.866779395710186
-10.903520670183244
-10.940827922255274
-10.978608332121619
-11.016724520888939
-11.055005275562351
-11.093258401726047
-11.131284446137093
-11.16889016584198
-11.205900857444771
-11.242170937081625
-11.277592418481403
-11.312101127635563
-11.345680595434361
-11.378363588211675
-11.410231198702968
-11.441409371276785
-11.472062724511176
-11.502385601715552
-11.532590446836974
-11.56289386457843
-11.593501048827143
-11.624589601856432
-11.656294056322865
-11.688692591372574
-11.72179745241058
-11.755550410146965
-11.789824222648694
-11.824430516955172
-11.859133835194545
-11.893670869065836
-11.92777322755478
-11.961191542673205
-11.99371840439282
-12.025207593097639
-12.055587373160298
-12.084866208231537
-12.11313009576211
-12.140531695432955
-12.167272418903007
-12.193579525281177
-12.219680908157548
-12.245780574946671
-12.272037758054628
-12.298552158590876
-12.32535705506513
-12.352421004548887
-12.379657749025638
-12.40694286144546
-12.43413477127927
-12.461097225134683
-12.487720052436124
-12.513935352972892
-12.539726874423751
-12.565131315942336
-12.590231442614522
-12.615142061016654
-12.639990921207872
-12.664897329884225
-12.689951582208332
-12.715198202843837
-12.740625450841327
-12.766162668439428
-12.791685967352228
-12.817031601616545
-12.842015332142338
-12.866455284866449
-12.890195345001308
-12.913126067119624
-12.935200412882258
-12.95644230113732
-12.976946873062367
-12.99687241424627
-13.016424901240484
-13.035837023164548
-13.055344161654649
-13.07516012187102
-13.095455363942099
-13.116340106683392
-13.137854026374347
-13.159963450310295
-13.182566063003506
-13.205502316973945
-13.228572065346867
-13.251554474324859
-13.274229058163906
-13.296395702919618
-13.317891778928281
-13.338604841860734
-13.358479937714977
-13.377521105069183
-13.395787254425532
-13.413383145805073
-13.430446631277478
-13.447133636118206
-13.463602492975642
-13.479999209740921
-13.496445057674594
-13.513027544377621
-13.529795431340496
-13.546758016238302
-13.563888470997494
-13.581130644893854
-13.598408436073184
-13.615636625203615
-13.632731965040009
-13.649623335806076
-13.666259906554929
-13.682616475357152
-13.698695474620639
-13.714525491587864
-13.730156532481026
-13.74565261451571
-13.761082568121182
-13.77651014213787
-13.791984604071999
-13.807533000839484
-13.823155087564555
-13.838821650338545
-13.85447656472749
-13.870042482221908
-13.885429571998577
-13.900546325193458
-13.915311114069723
-13.929663041472615
-13.943570650337882
-13.957037295360879
-13.970102385151614
-13.982838230367157
-13.995342807456492
-14.007729286595538
-14.02011359920985
-14.032601577035646
-14.045277248804428
-14.058193729744396
-14.071367806871578
-14.084778854394749
-14.098372167605278
-14.11206624731663
-14.125763069396935
-14.139359999608876
-14.152761815259456
-14.165891303458862
-14.178697124079527
-14.191158024280224
-14.203283011165189
-14.21510764995194
-14.226687171107994
-14.238087466309377
-14.249375278179132
-14.26060892215228
-14.271830730487167
-14.283062113634617
-14.294301743994307
-14.305526939747581
-14.31669791878919
-14.327764254367958
-14.338672631518993
-14.349374897457537
-14.359835421944975
-14.370036919916766
-14.37998410904858
-14.389704842438919
-14.39924863430545
-14.408682753984294
-14.418086280844276
-14.427542680565788
-14.437131580374917
-14.446920489411347
-14.456957232068758
-14.467263835241434
-14.477832530336482
-14.488624392041064
-14.499570935233185
-14.510578733368378
-14.52153682116071
-14.532326328403315
-14.542831498238508
-14.552951015142071
-14.562608446283072
-14.571760614554744
-14.58040288371797
-14.588570635723977
-14.596336625972635
-14.60380436698084
-14.6110981583418
-14.618350792905897
-14.625690272116458
-14.633227014605641
-14.641043014365081
-14.649184192799169
-14.657656812784907
-14.666428328520846
-14.675432499300369
-14.684578075302861
-14.693759942000893
-14.702871341973701
-14.711815707538094
-14.720516735048525
-14.72892558866281
-14.737024498977187
-14.744826473303743
-14.752371308814967
-14.75971854598826
-14.766938366225228
-14.774101677685042
-14.781270711827593
-14.788491354252937
-14.795788167359323
-14.803162666231067
-14.81059494129642
-14.818048251204706
-14.825475805195824
-14.832828672397262
-14.84006363298591
-14.847149836763277
-14.854073347771575
-14.860838994847294
-14.867469364227102
-14.874001195781712
-14.880479812734375
-14.886952470216848
-14.893461616953372
-14.900039020302733
-14.906701527261397
-14.913448961714726
-14.920264339239644
-14.927116263309106
-14.933963092513482
-14.940758268761046
-14.947456090925273
-14.954017213029807
-14.96041323337401
-14.96662990015139
-14.972668659821094
-14.978546483051515
-14.984294088789431
-14.98995282943666
-14.995570590716707
-15.001197102351634
-15.006879061841788
-15.01265545836807
-15.018553460515832
-15.02458520690232
-15.030745811570172
-15.037012854655549
-15.043347556117238
-15.049697708774712
-15.05600226927887
-15.062197282892676
-15.068222583335203
-15.074028512744983
-15.079581803590393
-15.084869795674486
-15.08990234055487
-15.09471105176919
-15.09934594022967
-15.103869860477262
-15.108351514409895
-15.112857958035473
-15.117447601639766
-15.122164581121334
-15.127035132883417
-15.132066274615218
-15.137246741611214
-15.142549817991352
-15.14793748685294
-15.153365232529863
-15.158786860285831
-15.164158825600953
-15.169443740248663
-15.174612898136932
-15.17964780306435
-15.184540765480062
-15.189294667712101
-15.193921993346253
-15.198443200800092
-15.202884517790098
-15.207275259805776
-15.211644836392699
-15.216019692193782
-15.220420508114445
-15.224860026623501
-15.22934183362761
-15.233860315516104
-15.238401828443857
-15.242946906839675
-15.247473151847446
-15.25195832551818
-15.256383161017322
-15.260733483723843
-15.265001398371496
-15.269185493140332
-15.273290197523428
-15.277324566990144
-15.281300826357853
-15.285232976052438
-15.28913566274411
-15.293023370620915
-15.29690984819785
-15.300807595359904
-15.304727228544001
-15.308676622751609
-15.312659870010284
-15.316676244702174
-15.320719470935934
-15.324777604111523
-15.32883375416745
-15.332867709385678
-15.336858310169179
-15.340786227370275
-15.34463667252051
-15.348401544592713
-15.352080610872544
-15.355681508634692
-15.359218593411725
-15.36271088665329
-15.366179530769156
-15.369645205209924
-15.373125890125287
-15.376635217104337
-15.380181475444099
-15.383767205032985
-15.387389241485693
-15.391039091773104
-15.394703584099624
-15.39836581015011
-15.402006417340537
-15.405605285586702
-15.409143536728074
-15.412605700226788
-15.415981739501275
-15.419268576416984
-15.422470772014098
-15.4256001402249
-15.42867426764781
-15.431714139246637
-15.434741266505082
-15.437774825608875
-15.440829307143149
-15.443913058133827
-15.447027897084876
-15.450169758430553
-15.453330131645366
-15.456497944032899
-15.459661511340215
-15.462810236876782
-15.46593584863547
-15.469033087944638
-15.472099869449448
-15.475137000088083
-15.478147570433116
-15.481136126250691
-15.48410771131767
-15.487066864023125
-15.490016661073913
-15.492957928503314
-15.49588876714005
-15.498804543188836
-15.501698454160191
-15.504562688271276
-15.507390062529295
-15.510175881045422
-15.512919642608798
-15.515626186620961
-15.518305926217913
-15.52097397707723
-15.523648220407187
-15.526346583793073
-15.529084019566408
-15.531869752372295
-15.53470532891721
-15.537583843196964
-15.540490473256261
-15.543404213590012
-15.546300482740326
-15.549154171877069
-15.55194268944341
-15.554648630774654
-15.557261819167556
-15.559780580326908
-15.56221219198261
-15.564572486370432
-15.566884593766826
-15.569176835827658
-15.571479841539734
-15.573823078704514
-15.57623115043471
-15.5787203513087
-15.581296052246454
-15.583951439212594
-15.586667953255771
-15.589417493555844
-15.592166112816413
-15.5948786357232
-15.5975234428606
-15.600076634251064
-15.602524926877914
-15.604866911309374
-15.607112620543978
-15.609281662280646
-15.611400362011288
-15.613498425150249
-15.615605566555704
-15.617748428305815
-15.619947977865852
-15.622217499638143
-15.624561278535012
-15.626974100996396
-15.629441718221194
-15.631942378584224
-15.634449413956203
-15.63693466804818
-15.639372332900402
-15.641742585628034
-15.644034365359333
-15.646246743402466
-15.64838861019705
-15.65047676504755
-15.652532845313011
-15.65457976444037
-15.656638374984608
-15.658724929877366
-15.660849643250538
-15.663016350098605
-15.665223030062178
-15.667462856067388
-15.669725459934142
-15.671998230026611
-15.674267596764125
-15.676520348720691
-15.678745013504134
-15.680933240008684
-15.683080984372515
-15.68518920782945
-15.687263807557603
-15.689314644704984
-15.691353771272496
-15.693393205462451
-15.695442766587048
-15.697508487258663
-15.699591962508068
-15.701690724542022
-15.703799441362936
-15.70591152480084
-15.708020666196278
-15.710121910226892
-15.712212086768826
-15.714289664789508
-15.716354278045026
-15.718406233096568
-15.720446232314908
-15.722475373670074
-15.724495310422784
-15.726508352461632
-15.728517313098036
-15.730525036917127
-15.732533720437354
-15.734544272938098
-15.73655599390551
-15.738566747833467
-15.740573631994584
-15.742573932902554
-15.744566035953502
-15.74654994922151
-15.748527236000468
-15.75050037346233
-15.752471778368758
-15.754442871727433
-15.756413535931081
-15.758382157200108
-15.760346211883837
-15.762303147193986
-15.764251210367924
-15.766189929124412
-15.768120110676517
-15.770043430256505
-15.771961834921216
-15.773877032150951
-15.775790253606807
-15.777702324793069
-15.77961390845525
-15.78152570222279
-15.78343840247896
-15.785352383162534
-15.78726721346649
-15.789181263475042
-15.791091654369852
-15.792994688244795
-15.794886692629968
-15.79676502575597
-15.798628896164818
-15.800479697452248
-15.802320727819087
-15.804156384875592
-15.805991108088556
-15.807828411466799
-15.809670283297221
-15.81151706263882
-15.813367711488878
-15.8152202725037
-15.817072287481883
-15.818921046853653
-15.820763686461774
-15.82259726331466
-15.82441896446347
-15.826226521018965
-15.82801875691209
-15.829796075429506
-15.831560646139577
-15.83331612962052
-15.835066941453782
-15.83681724005976
-15.838569943272672
-15.840326079726484
-15.842084660238198
-15.843843063348814
-15.84559775199733
-15.84734505025312
-15.849081741204092
-15.850805372834746
-15.852514308443624
-15.854207657047128
-15.855885224034179
-15.857547542046762
-15.859195930121636
-15.86083245361346
-15.862459665246195
-15.864080099888561
-15.865695626832299
-15.867306864809795
-15.868912879581252
-15.870511296727566
-15.872098809069975
-15.873671908608273
-15.875227595798542
-15.876763847673132
-15.878279742508377
-15.879775283170279
-15.881251064978006
-15.882707953303843
-15.884146873413956
-15.885568714188107
-15.886974268274656
-15.888364117145544
-15.889738424345003
-15.891096688088629
-15.89243757046363
-15.893758922280323
-15.895058053235237
-15.896332189884083
-15.89757897398798
-15.898796828396723
-15.899985070592034
-15.901143758698229
-15.902273359213398
-15.903374380269648
-15.904447097809319
-15.905491431279685
-15.90650694328569
-15.907492888453678
-15.90844824194473
-15.909371686198256
-15.91026159030596
-15.911116042977984
-15.911932980409802
-15.912710396673997
-15.9134465696334
-15.914140213341739
-15.914790492869109
-15.915396896475345
-15.915959020995974
-15.916476357245212
-15.91694814946529
-15.917373357657727
-15.917750702008886
-15.918078741483338
-15.918355944339615
-15.918580735879381
-15.918751535459075
-15.918866801517822
-15.918925087503332
