0.10522304069616573
-5.206056439359
-8.735794816555572
-10.97533677595157
-12.07283138434047
-12.68606752248763
-13.133380389926884
-13.533070754861136
-13.914354657898212
-14.27326907101247
-14.601176453348373
-14.894358506975736
-15.149622964803227
-15.361090555463605
-15.526105668193395
-15.649461189554295
-15.74004034725919
-15.80645014080005
-15.855376207092702
-15.89163321488536
-15.91863592069054
-15.938822831902407
-15.953956665947976
-15.965325907982656
-15.973880335750458
-15.980324789549197
-15.985184919427258
-15.988854056894091
-15.991627275219551
-15.993726374905044
-15.995318347294855
-15.996529106052932
-15.99745374155636
-15.998164198627464
-15.998715038744667
-15.999147774887728
-15.999494140153804
-15.999778558424097
-16.000020017301644
-16.000233493339906
-16.00043104235068
-16.0006226398656
-16.000816836144285
-16.00102127467908
-16.001243111617015
-16.00148936493183
-16.001767215816226
-16.002084280094785
-16.00244886410915
-16.00287021724335
-16.00335879192662
-16.00392652161862
-16.004587128274324
-16.00535647388
-16.006252977338036
-16.007298130262573
-16.008517162552586
-16.00993991294831
-16.011601871334666
-16.01354499451821
-16.01581729059599
-16.018470705773826
-16.02155989513063
-16.025144758064172
-16.029294084457
-16.034087011425733
-16.03961301950532
-16.045971703509657
-16.053272364806993
-16.06163314296441
-16.07117950104721
-16.082041914547453
-16.094352591214346
-16.108241045021312
-16.123828389367112
-16.141220307102678
-16.160498800746915
-16.18171302545432
-16.204869750455828
-16.22992425583046
-16.256772704531144
-16.285247171169
-16.315114489821116
-16.34607984780004
-16.37779558397369
-16.409874990242454
-16.44191016859665
-16.473492316945332
-16.504232366865836
-16.53377979619262
-16.56183772450453
-16.58817300431329
-16.61262079833438
-16.63508390493891
-16.655527705577697
-16.6739719704063
-16.690480858616837
-16.70515233594546
-16.71810798251329
-16.729483860806113
-16.7394228203417
-16.7480683719809
-16.75556008734518
-16.762030366852972
-16.76760236306518
-16.772388830048254
-16.776491680243293
-16.780002056131988
-16.783000756153378
-16.78555888714325
-16.78773864570767
-16.789594156813145
-16.791172319006428
-16.79251362227684
-16.793652917177763
-16.794620123093797
-16.79544087015098
-16.796137073804207
-16.796727444124766
-16.79722793365183
-16.797652128699387
-16.798011589464483
-16.798316144362193
-16.798574143834937
-16.798792678568066
-16.79897776663757
-16.79913451368122
-16.799267249744425
-16.799379646027017
-16.799474814361616
-16.799555391890397
-16.79962361308019
-16.799681370924844
-16.79973026892574
-16.799771665217666
-16.799806710009904
-16.79983637734393
-16.799861492021872
-16.799882752433945
-16.799900749904968
-16.799915985088376
-16.799928881855017
-16.799939799058635
-16.799949040501783
-16.79995686337575
-16.799963485408107
-16.799969090915745
-16.79997383592939
-16.799977852533605
-16.79998125254059
-16.799984130600954
-16.799986566837234
-16.799988629073578
-16.799990374723105
-16.79999185238581
-16.79999310320133
-16.79999416199422
-16.79999505824282
-16.799995816900477
-16.799996459089694
-16.799997002690446
-16.799997462837872
-16.799997852343605
-16.79999818205248
-16.799998461144416
-16.799998697390176
-16.799998897367413
-16.7999990666441
-16.79999920993335
-16.799999331224804
-16.799999433895547
-16.799999520804192
-16.79999959437061
-16.79999965664306
-16.79999970935541
-16.79999975397534
-16.799999791745194
-16.799999823716558
-16.799999850779695
-16.799999873688073
-16.799999893079544
-16.799999909494023
-16.79999992338858
-16.79999993514998
-16.79999994510579
-16.79999995353314
-16.79999996066677
-16.79999996670518
-16.79999997181665
-16.799999976143326
-16.799999979805804
-16.79999998290605
-16.799999985530288
-16.799999987751644
-16.799999989632056
-16.799999991223718
-16.79999999257102
-16.79999999371153
-16.799999994676906
-16.7999999954941
-16.79999999618583
-16.79999999677137
-16.799999997267033
-16.799999997686573
-16.799999998041738
-16.799999998342336
-16.799999998596785
-16.799999998812222
-16.79999999899456
-16.799999999148906
-16.799999999279542
-16.799999999390156
-16.799999999483745
-16.799999999563003
-16.799999999630074
-16.799999999686865
-16.7999999997349
-16.799999999775597
-16.799999999810023
-16.799999999839194
-16.799999999863847
-16.799999999884754
-16.79999999990242
-16.799999999917393
-16.799999999930062
-16.799999999940756
-16.799999999949847
-16.799999999957556
-16.79999999996405
-16.799999999969558
-16.799999999974226
-16.799999999978137
-16.799999999981505
-16.799999999984326
-16.799999999986735
-16.79999999998875
-16.799999999990472
-16.799999999991904
-16.799999999993112
-16.799999999994206
-16.799999999995052
-16.79999999999578
-16.799999999996434
-16.79999999999699
-16.79999999999742
-16.799999999997812
-16.79999999999815
-16.799999999998402
-16.799999999998654
-16.799999999998857
-16.79999999999901
-16.799999999999145
-16.799999999999233
-16.799999999999354
-16.799999999999446
-16.79999999999952
-16.799999999999578
-16.79999999999962
-16.799999999999653
-16.79999999999972
-16.79999999999975
-16.799999999999752
-16.79999999999981
-16.7999999999998
-16.799999999999788
-16.79999999999983
-16.79999999999986
-16.799999999999866
-16.79999999999986
-16.79999999999986
-16.79999999999991
-16.799999999999887
-16.7999999999999
-16.799999999999894
-16.7999999999999
-16.799999999999898
-16.799999999999944
-16.799999999999905
-16.799999999999912
-16.79999999999991
-16.79999999999992
-16.799999999999883
-16.79999999999992
-16.79999999999995
-16.79999999999993
-16.79999999999992
-16.79999999999989
-16.79999999999991
-16.79999999999993
-16.799999999999947
-16.799999999999944
-16.799999999999947
-16.799999999999926
-16.79999999999993
-16.799999999999926
-16.79999999999992
-16.799999999999958
-16.79999999999995
-16.799999999999923
-16.799999999999933
-16.799999999999912
-16.799999999999894
-16.79999999999992
-16.79999999999992
-16.799999999999926
-16.799999999999912
-16.799999999999926
-16.799999999999937
-16.799999999999926
-16.799999999999944
-16.799999999999912
-16.799999999999947
-16.799999999999912
-16.799999999999958
-16.799999999999933
-16.799999999999883
-16.79999999999994
-16.799999999999965
-16.799999999999937
-16.79999999999994
-16.799999999999923
-16.799999999999898
-16.799999999999933
-16.799999999999923
-16.7999999999999
-16.799999999999926
-16.799999999999926
-16.799999999999944
-16.799999999999958
-16.799999999999944
-16.79999999999993
-16.799999999999955
-16.79999999999996
-16.799999999999915
-16.79999999999993
-16.799999999999944
-16.799999999999947
-16.7999999999999
-16.799999999999944
-16.799999999999905
-16.79999999999994
-16.79999999999993
-16.799999999999944
-16.799999999999937
-16.799999999999912
-16.79999999999994
-16.799999999999926
-16.799999999999958
-16.7999999999999
-16.799999999999937
-16.799999999999923
-16.79999999999995
-16.799999999999915
-16.799999999999944
-16.799999999999944
-16.799999999999926
-16.799999999999965
-16.799999999999944
-16.799999999999983
-16.79999999999993
-16.799999999999955
-16.799999999999955
-16.79999999999992
-16.799999999999923
-16.799999999999944
-16.79999999999991
-16.799999999999958
-16.79999999999995
-16.79999999999995
-16.799999999999944
-16.799999999999947
-16.799999999999944
-16.799999999999933
-16.799999999999923
-16.799999999999933
-16.79999999999993
-16.79999999999995
-16.799999999999944
-16.799999999999958
-16.799999999999933
-16.79999999999994
-16.799999999999958
-16.79999999999996
-16.79999999999996
-16.799999999999958
-16.799999999999947
-16.799999999999915
-16.799999999999923
-16.79999999999993
-16.799999999999944
-16.79999999999993
-16.799999999999933
-16.79999999999994
-16.799999999999915
-16.799999999999944
-16.799999999999933
-16.799999999999947
-16.799999999999937
-16.799999999999933
-16.79999999999992
-16.79999999999992
-16.799999999999933
-16.79999999999995
-16.799999999999926
-16.79999999999994
-16.799999999999933
-16.79999999999992
-16.79999999999993
-16.799999999999905
-16.799999999999915
-16.79999999999994
-16.79999999999994
-16.799999999999937
-16.79999999999994
-16.799999999999915
-16.79999999999991
-16.799999999999972
-16.799999999999915
-16.79999999999993
-16.799999999999926
-16.79999999999994
-16.79999999999992
-16.79999999999995
-16.799999999999915
-16.799999999999972
-16.799999999999944
-16.799999999999947
-16.799999999999926
-16.79999999999995
-16.79999999999994
-16.799999999999926
-16.799999999999958
-16.799999999999926
-16.799999999999958
-16.799999999999937
-16.799999999999937
-16.799999999999947
-16.799999999999947
-16.799999999999947
-16.799999999999944
-16.799999999999937
-16.799999999999972
-16.799999999999937
-16.799999999999947
-16.799999999999944
-16.799999999999955
-16.799999999999937
-16.799999999999986
-16.79999999999994
-16.799999999999958
-16.799999999999972
-16.799999999999937
-16.799999999999955
-16.799999999999955
-16.799999999999926
-16.79999999999996
-16.799999999999958
-16.799999999999955
-16.799999999999937
-16.79999999999992
-16.79999999999994
-16.79999999999995
-16.799999999999976
-16.799999999999955
-16.799999999999955
-16.799999999999965
-16.799999999999958
-16.79999999999992
-16.79999999999995
-16.79999999999994
-16.79999999999994
-16.799999999999937
-16.79999999999994
-16.799999999999944
-16.799999999999955
-16.799999999999923
-16.799999999999937
-16.79999999999994
-16.79999999999993
-16.799999999999965
-16.79999999999992
-16.799999999999933
-16.799999999999923
-16.79999999999995
-16.799999999999947
-16.79999999999992
-16.799999999999947
-16.799999999999926
-16.799999999999944
-16.799999999999944
-16.79999999999994
-16.79999999999994
-16.79999999999994
-16.799999999999972
-16.79999999999996
-16.79999999999995
-16.799999999999972
-16.799999999999923
-16.79999999999994
-16.799999999999955
-16.79999999999998
-16.799999999999947
-16.799999999999947
-16.79999999999994
-16.799999999999923
-16.799999999999944
-16.799999999999926
-16.79999999999995
-16.799999999999937
-16.79999999999995
-16.799999999999947
-16.799999999999947
-16.799999999999933
-16.799999999999955
-16.799999999999944
-16.799999999999965
-16.799999999999955
-16.79999999999998
-16.79999999999996
-16.79999999999994
-16.79999999999997
-16.799999999999923
-16.79999999999994
-16.79999999999997
-16.799999999999947
-16.799999999999955
-16.799999999999958
-16.799999999999965
-16.799999999999923
-16.799999999999923
-16.799999999999912
-16.79999999999994
-16.799999999999944
-16.799999999999955
-16.799999999999958
-16.799999999999947
-16.799999999999955
-16.799999999999976
-16.799999999999976
-16.799999999999965
-16.79999999999997
-16.799999999999947
-16.799999999999965
-16.79999999999996
-16.79999999999995
-16.799999999999944
-16.799999999999965
-16.79999999999996
-16.79999999999996
-16.79999999999998
-16.799999999999986
-16.79999999999996
-16.79999999999997
-16.799999999999958
-16.79999999999997
-16.799999999999976
-16.79999999999996
-16.799999999999955
-16.799999999999933
-16.799999999999955
-16.79999999999993
-16.79999999999994
-16.79999999999994
-16.799999999999965
-16.799999999999958
-16.799999999999923
-16.79999999999995
-16.79999999999996
-16.799999999999955
-16.799999999999983
-16.799999999999958
-16.799999999999958
-16.79999999999995
-16.79999999999997
-16.79999999999998
-16.799999999999947
-16.79999999999996
-16.799999999999976
-16.799999999999926
-16.799999999999955
-16.799999999999947
-16.799999999999933
-16.799999999999958
-16.799999999999965
-16.799999999999965
-16.79999999999997
-16.799999999999976
-16.799999999999955
-16.799999999999955
-16.799999999999958
-16.79999999999995
-16.79999999999997
-16.799999999999965
-16.799999999999944
-16.799999999999976
-16.799999999999947
-16.799999999999933
-16.79999999999996
-16.79999999999998
-16.799999999999958
