0.10522304069616573
-2.709402115075245
-5.261983127969563
-7.272220275867414
-8.992360098323726
-10.245596344462545
-11.135997677688035
-11.769202123901248
-12.234201767380195
-12.595026380296346
-12.893741381203538
-13.15629100886871
-13.397671301888867
-13.625788021473385
-13.844173130738767
-14.053833818893775
-14.254441228825538
-14.445019185486503
-14.624303509810751
-14.790957038896263
-14.943776931814485
-15.08192067889837
-15.205084226894183
-15.313558672333619
-15.408154322094372
-15.490041974248573
-15.560577523348355
-15.621155803575753
-15.673110827828523
-15.717659663341564
-15.755878869302968
-15.788701745360981
-15.816927173535602
-15.84123385010681
-15.862196133350237
-15.880299424288612
-15.89595408172177
-15.909507515372077
-15.921254448318102
-15.931445505495594
-15.940294347249043
-15.94798357480359
-15.954669616653373
-15.960486776999584
-15.965550598082817
-15.9699606619214
-15.973802934416769
-15.977151734934784
-15.980071397487402
-15.98261767644864
-15.984838939839946
-15.986777185415015
-15.988468908390931
-15.989945844467481
-15.991235607581373
-15.992362238472435
-15.993346677428324
-15.994207172380932
-15.9949596317334
-15.995617929818941
-15.996194171667657
-15.996698922741377
-15.997141408453398
-15.997529687583189
-15.99787080311187
-15.998170913503753
-15.998435407041086
-15.998669001458673
-15.998875830820069
-15.999059521313587
-15.999223257422615
-15.999369839729194
-15.999501735445685
-15.999621122623314
-15.99972992886429
-15.999829865256288
-15.99992245615498
-16.000009065360793
-16.000090919166603
-16.00016912669177
-16.000244697866854
-16.000318559387132
-16.000391568914342
-16.000464527771083
-16.000538192343946
-16.000613284384
-16.000690500373548
-16.000770520105753
-16.00085401460994
-16.000941653539133
-16.001034112125343
-16.001132077796342
-16.00123625653957
-16.001347379090717
-16.001466207018233
-16.00159353876927
-16.00173021573803
-16.00187712841439
-16.00203522266702
-16.002205506213592
-16.002389055327708
-16.002587021833428
-16.00280064043528
-16.00303123643291
-16.003280233870093
-16.00354916416835
-16.003839675297193
-16.004153541535793
-16.004492673883107
-16.004859131177334
-16.00525513198986
-16.005683067362256
-16.006145514459963
-16.00664525121578
-16.00718527203451
-16.00776880461662
-16.008399327929293
-16.009080591298005
-16.00981663449747
-16.01061180857654
-16.011470796957276
-16.012398636123777
-16.013400735025808
-16.014482892285038
-16.015651310561402
-16.01691260812983
-16.018273828775527
-16.019742452198706
-16.02132640764776
-16.023034092975166
-16.02487439970722
-16.026856742658364
-16.028991091003306
-16.031287997170978
-16.03375862042235
-16.036414743028377
-16.039268777998785
-16.04233376797565
-16.045623375127185
-16.04915186176836
-16.052934061136753
-16.056985337399524
-16.06132153362859
-16.065958906187696
-16.070914043750314
-16.076203769010807
-16.081845021090036
-16.087854716703735
-16.094249588404534
-16.10104599868989
-16.108259729524658
-16.115905747861042
-16.123997948977717
-16.132548880753113
-16.141569453135478
-16.151068637903464
-16.161053164254092
-16.171527215903964
-16.182492135458446
-16.193946142031788
-16.205884068634084
-16.21829712665498
-16.23117270568925
-16.244494217699256
-16.258240994853875
-16.27238825013106
-16.286907108851114
-16.301764717718264
-16.316924435760505
-16.33234610888116
-16.347986426716695
-16.363799357291345
-16.379736651752598
-16.395748408445368
-16.41178368291932
-16.427791128332437
-16.443719649255197
-16.4595190511865
-16.47514066822044
-16.490537952243187
-16.50566700871852
-16.520487066446464
-16.534960871475953
-16.5490549984592
-16.562740075953265
-16.57599092532482
-16.588786615832014
-16.60111044100915
-16.612949823570776
-16.624296157624
-16.635144598016247
-16.64549380716628
-16.655345669776516
-16.664704985469246
-16.67357914871002
-16.681977824456286
-16.68991262688835
-16.697396807409806
-16.70444495691769
-16.711072726189826
-16.717296567158513
-16.723133496864982
-16.728600885038453
-16.733716265518062
-16.73849717114683
-16.74296099129459
-16.74712485081763
-16.75100550900878
-16.75461927693196
-16.75798195144683
-16.76110876420483
-16.764014343918515
-16.76671269026704
-16.76921715788707
-16.771540449002142
-16.77369461336021
-16.775691054270812
-16.777540539654908
-16.7792532171418
-16.780838632361647
-16.782305749689787
-16.783662974802432
-16.7849181784913
-16.78607872127168
-16.787151478391745
-16.78814286491658
-16.789058860620415
-16.789905034470962
-16.790686568534646
-16.791408281168653
-16.79207464939942
-16.792689830415323
-16.793257682122693
-16.79378178273587
-16.79426544938686
-16.79471175575339
-16.795123548715452
-16.795503464057674
-16.79585394124305
-16.796177237286596
-16.796475439763274
-16.796750478985718
-16.797004139388804
-16.79723807016124
-16.797453795161633
-16.797652722157988
-16.79783615142987
-16.798005283769772
-16.798161227919636
-16.79830500747841
-16.79843756731394
-16.798559779510637
-16.798672448884727
-16.798776318095076
-16.79887207237736
-16.79896034392812
-16.7990417159622
-16.7991167264671
-16.79918587167589
-16.799249609278377
-16.799308361389954
-16.79936251729556
-16.79941243598484
-16.799458448494793
-16.799500860073078
-16.799539952176243
-16.799575984314483
-16.799609195755018
-16.799639807094355
-16.799668021709397
-16.799694027096656
-16.799717996108306
-16.79974008809224
-16.799760449944177
-16.79977921707823
-16.79979651432205
-16.799812456742682
-16.799827150408387
-16.799840693090644
-16.799853174912396
-16.799864678945276
-16.799875281760556
-16.79988505393692
-16.799894060529073
-16.799902361499612
-16.79991001211689
-16.799917063322535
-16.799923562069647
-16.799929551634854
-16.799935071905868
-16.79994015964689
-16.799944848742896
-16.7999491704251
-16.799953153478437
-16.79995682443341
-16.799960207742306
-16.7999633259421
-16.799966199804317
-16.799968848473224
-16.799971289593397
-16.799973539427143
-16.79997561296273
-16.799977524014125
-16.799979285312915
-16.799980908593522
-16.799982404670597
-16.79998378351171
-16.799985054303257
-16.799986225512125
-16.799987304941567
-16.799988299783376
-16.79998921666602
-16.799990061698452
-16.799990840510965
-16.79999155829265
-16.799992219826134
-16.799992829519013
-16.799993391433762
-16.7999939093144
-16.79999438661162
-16.79999482650563
-16.799995231927475
-16.799995605578523
-16.799995949948496
-16.799996267331952
-16.799996559843628
-16.799996829432676
-16.79999707789533
-16.799997306887224
-16.79999751793408
-16.799997712442263
-16.79999789170774
-16.799998056925002
-16.799998209195014
-16.799998349532313
-16.799998478872038
-16.799998598076005
-16.79999870793849
-16.799998809191617
-16.799998902509923
-16.799998988515316
-16.79999906778091
-16.79999914083479
-16.799999208163744
-16.799999270216407
-16.799999327406354
-16.799999380114556
-16.79999942869224
-16.79999947346307
-16.799999514725425
-16.79999955275427
-16.799999587802933
-16.799999620105037
-16.79999964987572
-16.79999967731346
-16.799999702600957
-16.7999997259068
-16.799999747386266
-16.79999976718251
-16.79999978542737
-16.799999802242482
-16.799999817739877
-16.799999832022763
-16.799999845186413
-16.79999985731849
-16.79999986849982
-16.7999998788049
-16.79999988830242
-16.799999897055674
-16.799999905122963
-16.799999912558064
-16.79999991941049
-16.799999925725924
-16.799999931546456
-16.799999936910883
-16.7999999418549
-16.799999946411457
-16.799999950610953
-16.799999954481372
-16.79999995804849
-16.799999961336006
-16.7999999643659
-16.799999967158428
-16.799999969732024
-16.79999997210404
-16.799999974290103
-16.79999997630488
-16.79999997816175
-16.79999997987312
-16.799999981450366
-16.799999982904023
-16.799999984243765
-16.799999985478486
-16.799999986616506
-16.799999987665288
-16.79999998863191
-16.79999998952277
-16.799999990343853
-16.79999999110051
-16.799999991797947
-16.799999992440704
-16.79999999303309
-16.79999999357905
-16.799999994082235
-16.799999994545967
-16.79999999497336
-16.79999999536728
-16.799999995730328
-16.799999996064933
-16.799999996373298
-16.799999996657498
-16.79999999691944
-16.79999999716083
-16.799999997383317
-16.799999997588372
-16.79999999777739
-16.799999997951552
-16.79999999811205
-16.799999998260056
-16.79999999839638
-16.79999999852203
-16.79999999863785
-16.799999998744585
-16.799999998842992
-16.799999998933664
-16.799999999017214
-16.799999999094226
-16.79999999916518
-16.799999999230604
-16.7999999992909
-16.79999999934646
-16.799999999397674
-16.799999999444893
-16.799999999488396
-16.799999999528513
-16.79999999956543
-16.799999999599468
-16.799999999630877
-16.799999999659782
-16.799999999686428
-16.799999999710995
-16.799999999733657
-16.799999999754544
-16.79999999977374
-16.799999999791492
-16.799999999807824
-16.79999999982291
-16.79999999983677
-16.799999999849536
-16.79999999986135
-16.79999999987221
-16.79999999988219
-16.79999999989145
-16.79999999989994
-16.7999999999078
-16.799999999915013
-16.799999999921628
-16.799999999927802
-16.79999999993347
-16.799999999938656
-16.799999999943502
-16.799999999947893
-16.79999999995197
-16.799999999955727
-16.7999999999592
-16.799999999962417
-16.799999999965348
-16.799999999968026
-16.799999999970556
-16.799999999972876
-16.799999999975
-16.799999999976944
-16.799999999978745
-16.799999999980404
-16.79999999998194
-16.79999999998335
-16.799999999984674
-16.799999999985886
-16.799999999986984
-16.79999999998798
-16.79999999998892
-16.79999999998976
-16.799999999990614
-16.79999999999131
-16.799999999992004
-16.799999999992625
-16.79999999999319
-16.799999999993727
-16.799999999994217
-16.79999999999464
-16.799999999995084
-16.79999999999547
-16.799999999995784
-16.799999999996125
-16.799999999996437
-16.799999999996686
-16.799999999996974
-16.799999999997233
-16.7999999999974
-16.79999999999761
-16.799999999997805
-16.799999999997986
-16.799999999998118
-16.79999999999827
-16.799999999998395
-16.799999999998544
-16.799999999998622
-16.79999999999875
-16.79999999999885
-16.799999999998942
-16.799999999999034
-16.79999999999907
-16.799999999999162
-16.799999999999198
-16.799999999999276
-16.799999999999315
-16.79999999999939
-16.799999999999454
-16.799999999999464
-16.799999999999518
-16.799999999999528
-16.79999999999959
-16.799999999999628
-16.799999999999628
-16.799999999999653
-16.79999999999971
-16.799999999999724
-16.799999999999702
-16.799999999999713
-16.799999999999773
-16.799999999999763
-16.7999999999998
-16.799999999999816
-16.799999999999805
-16.799999999999834
-16.799999999999844
-16.799999999999844
-16.799999999999862
-16.799999999999887
-16.799999999999862
-16.799999999999873
-16.799999999999898
-16.79999999999989
-16.79999999999988
-16.79999999999989
-16.799999999999898
-16.799999999999937
-16.79999999999994
-16.799999999999923
-16.799999999999926
-16.79999999999992
-16.799999999999915
-16.79999999999995
-16.799999999999937
-16.79999999999993
-16.79999999999994
-16.799999999999955
-16.799999999999947
-16.79999999999996
-16.799999999999965
-16.799999999999958
-16.79999999999998
-16.799999999999983
-16.79999999999997
-16.79999999999996
-16.799999999999965
-16.79999999999996
-16.799999999999958
-16.799999999999947
-16.799999999999958
-16.79999999999997
-16.799999999999947
-16.79999999999997
-16.799999999999937
-16.799999999999955
-16.79999999999998
-16.79999999999994
-16.799999999999972
-16.799999999999947
-16.79999999999996
-16.799999999999965
-16.799999999999965
-16.79999999999996
-16.799999999999947
-16.799999999999958
-16.799999999999965
-16.799999999999965
-16.799999999999965
-16.79999999999994
-16.79999999999995
-16.799999999999965
-16.799999999999972
-16.799999999999958
-16.799999999999976
-16.799999999999965
-16.79999999999995
-16.79999999999999
-16.799999999999955
-16.799999999999983
-16.799999999999983
-16.79999999999997
-16.799999999999986
-16.79999999999998
-16.79999999999996
-16.799999999999958
-16.799999999999976
-16.799999999999976
-16.799999999999944
-16.79999999999997
-16.799999999999947
-16.799999999999983
-16.79999999999996
-16.799999999999965
-16.799999999999958
-16.799999999999937
-16.79999999999995
-16.79999999999997
-16.79999999999995
-16.799999999999965
-16.79999999999995
-16.79999999999996
-16.799999999999986
-16.79999999999995
-16.799999999999972
-16.799999999999947
-16.799999999999933
-16.799999999999965
-16.79999999999995
-16.799999999999958
-16.79999999999997
-16.799999999999965
-16.799999999999944
-16.799999999999933
-16.79999999999995
-16.799999999999955
-16.79999999999995
-16.79999999999996
-16.79999999999994
-16.799999999999947
-16.79999999999997
-16.79999999999995
-16.79999999999994
-16.799999999999944
-16.799999999999958
-16.79999999999995
-16.799999999999965
-16.79999999999998
-16.799999999999976
-16.79999999999996
-16.79999999999996
-16.799999999999965
-16.799999999999958
-16.799999999999944
-16.79999999999996
-16.79999999999996
-16.799999999999947
-16.799999999999937
-16.799999999999955
-16.799999999999965
-16.79999999999996
-16.799999999999933
-16.799999999999947
-16.799999999999944
-16.799999999999955
-16.79999999999997
-16.79999999999996
-16.79999999999998
-16.799999999999972
-16.79999999999995
-16.79999999999996
-16.79999999999996
-16.79999999999998
-16.79999999999997
-16.799999999999923
-16.799999999999976
-16.799999999999958
-16.799999999999986
-16.799999999999965
-16.799999999999976
-16.799999999999965
-16.79999999999998
-16.79999999999997
-16.79999999999996
-16.799999999999972
-16.799999999999965
-16.79999999999996
-16.79999999999995
-16.79999999999998
-16.799999999999965
-16.79999999999993
-16.799999999999986
-16.799999999999986
-16.799999999999972
-16.799999999999986
-16.799999999999965
-16.79999999999997
-16.799999999999972
-16.8
-16.79999999999999
-16.799999999999972
-16.799999999999972
-16.799999999999947
-16.799999999999923
-16.799999999999947
-16.799999999999986
-16.799999999999955
-16.799999999999944
-16.799999999999972
-16.799999999999972
-16.799999999999986
-16.79999999999997
-16.799999999999976
-16.79999999999997
-16.799999999999958
-16.79999999999997
-16.799999999999965
-16.79999999999997
-16.79999999999996
-16.799999999999986
-16.79999999999996
-16.799999999999986
-16.799999999999947
-16.79999999999996
-16.799999999999983
-16.79999999999997
-16.799999999999955
-16.79999999999997
-16.799999999999944
-16.799999999999955
-16.79999999999996
-16.79999999999994
-16.79999999999997
-16.799999999999972
-16.799999999999994
-16.799999999999958
-16.799999999999965
-16.799999999999972
-16.79999999999995
-16.79999999999996
-16.79999999999997
-16.799999999999944
-16.79999999999995
-16.79999999999995
-16.799999999999955
-16.79999999999996
-16.799999999999937
-16.799999999999972
-16.799999999999955
-16.799999999999955
-16.799999999999972
-16.799999999999955
-16.79999999999997
-16.799999999999965
-16.799999999999937
-16.799999999999986
-16.799999999999958
-16.79999999999995
-16.79999999999996
-16.799999999999955
-16.799999999999976
-16.799999999999994
-16.799999999999947
-16.79999999999998
-16.79999999999997
-16.799999999999983
-16.799999999999947
-16.799999999999976
-16.799999999999947
-16.799999999999965
-16.799999999999955
-16.799999999999955
-16.799999999999983
-16.799999999999976
-16.799999999999983
-16.799999999999955
-16.799999999999976
-16.799999999999972
-16.79999999999998
-16.799999999999983
-16.79999999999995
-16.799999999999972
-16.799999999999994
-16.799999999999972
-16.79999999999998
-16.79999999999997
-16.799999999999955
-16.799999999999958
-16.799999999999983
-16.79999999999999
-16.799999999999972
-16.799999999999976
-16.799999999999955
-16.799999999999958
-16.799999999999933
-16.799999999999972
-16.799999999999958
-16.79999999999995
-16.799999999999976
-16.799999999999944
-16.79999999999996
-16.799999999999983
-16.799999999999983
-16.799999999999972
-16.799999999999965
-16.79999999999997
-16.799999999999972
-16.8
-16.799999999999976
-16.799999999999972
-16.79999999999994
-16.79999999999996
-16.799999999999947
-16.79999999999996
-16.799999999999944
-16.799999999999958
-16.799999999999958
-16.799999999999994
-16.799999999999983
-16.799999999999986
-16.799999999999983
-16.799999999999976
-16.8
-16.79999999999999
-16.799999999999976
-16.799999999999958
-16.799999999999933
-16.79999999999999
-16.799999999999958
-16.79999999999997
-16.79999999999998
-16.799999999999955
-16.799999999999947
-16.799999999999965
-16.799999999999972
-16.79999999999997
-16.799999999999944
-16.799999999999958
-16.799999999999972
-16.799999999999965
-16.799999999999972
-16.79999999999997
-16.799999999999955
-16.799999999999972
-16.79999999999998
-16.799999999999972
-16.79999999999994
-16.79999999999994
-16.799999999999947
-16.799999999999955
-16.799999999999976
-16.799999999999965
-16.799999999999955
-16.79999999999997
-16.79999999999995
-16.799999999999958
-16.799999999999972
-16.799999999999955
-16.799999999999947
-16.79999999999996
-16.799999999999955
-16.799999999999965
-16.79999999999997
-16.799999999999965
-16.799999999999955
-16.799999999999923
-16.799999999999958
-16.79999999999994
-16.799999999999976
-16.799999999999955
-16.799999999999976
-16.799999999999965
-16.79999999999999
-16.79999999999995
-16.79999999999992
-16.799999999999994
-16.799999999999976
-16.79999999999998
-16.799999999999976
-16.79999999999996
-16.79999999999998
-16.79999999999995
-16.799999999999955
-16.799999999999947
-16.799999999999965
-16.799999999999937
-16.79999999999995
-16.799999999999976
-16.799999999999955
-16.799999999999983
-16.799999999999965
-16.79999999999994
-16.799999999999958
-16.799999999999976
-16.79999999999995
-16.799999999999986
-16.799999999999972
-16.799999999999958
-16.799999999999944
-16.799999999999923
-16.799999999999937
-16.79999999999996
-16.79999999999998
-16.799999999999965
-16.79999999999996
-16.79999999999997
-16.799999999999994
-16.799999999999983
-16.799999999999965
-16.79999999999998
-16.79999999999996
-16.79999999999999
-16.799999999999972
-16.79999999999996
-16.79999999999998
-16.799999999999955
-16.8
-16.799999999999944
-16.799999999999994
-16.799999999999983
-16.799999999999976
-16.79999999999996
-16.799999999999983
-16.799999999999976
-16.79999999999999
-16.79999999999996
-16.79999999999997
-16.799999999999986
-16.79999999999996
-16.79999999999997
-16.799999999999965
-16.799999999999983
-16.799999999999947
-16.79999999999999
-16.79999999999994
-16.799999999999958
-16.79999999999997
-16.799999999999983
-16.799999999999947
-16.799999999999947
-16.799999999999983
-16.799999999999958
-16.79999999999997
-16.79999999999995
-16.79999999999997
-16.799999999999994
-16.799999999999972
-16.799999999999965
-16.799999999999976
-16.799999999999983
-16.79999999999995
-16.799999999999983
-16.799999999999997
-16.799999999999965
-16.79999999999995
-16.79999999999995
-16.799999999999958
-16.79999999999995
-16.799999999999965
-16.799999999999972
-16.79999999999997
-16.8
-16.799999999999955
-16.799999999999958
-16.79999999999997
-16.79999999999996
-16.799999999999983
-16.799999999999972
-16.79999999999998
-16.799999999999955
-16.79999999999997
-16.799999999999972
-16.799999999999972
-16.79999999999997
-16.79999999999997
-16.799999999999965
-16.799999999999972
-16.79999999999997
-16.79999999999995
-16.79999999999996
-16.79999999999993
-16.799999999999986
-16.799999999999947
-16.79999999999997
-16.799999999999965
-16.799999999999965
-16.799999999999997
-16.79999999999997
-16.799999999999958
-16.79999999999994
-16.79999999999995
-16.79999999999999
-16.799999999999958
-16.799999999999983
-16.799999999999955
-16.799999999999947
-16.799999999999958
-16.799999999999958
-16.799999999999944
-16.799999999999965
-16.79999999999997
