5.1974266904175614e-14
-0.06584008590213382
-0.23927550924648874
-0.5341022305393412
-0.9407017842172501
-1.4123892954083672
-1.9635902639115936
-2.5553222018031847
-3.144410430228932
-3.691648640957015
-4.138855110012908
-4.402605677482536
-4.425325788223255
-4.191294881967403
-3.737287391015913
-3.1523126376461876
-2.561730916980749
-2.095237419051925
-1.8459003673758714
-1.8357542301638212
-2.006523165536606
-2.2460971636937144
-2.4836590313970275
-2.672325012518945
-2.919100836606864
-3.271799609109113
-3.710692544104682
-4.192586593652994
-4.689216953746725
-5.196926805974828
-5.706418981423454
-6.290540433784089
-6.931557950447416
-7.602352882788972
-8.270330762014346
-8.834452165028722
-9.197893824378147
-9.290211500092507
-9.089418761278854
-8.637168678573262
-8.038621610724809
-7.4403343369592
-6.98699838710235
-6.770149152620763
-6.792181061023581
-6.9671341230067325
-7.171145446264886
-7.269676396553323
-7.38158649324268
-7.586361478745242
-7.88927964629351
-8.266163030846787
-8.701661770602731
-9.191687184673135
-9.729879947199391
-10.20409510028266
-10.762409422423799
-11.395849979521453
-12.00660703907019
-12.489220067493983
-12.756299893266597
-12.763032483850179
-12.522706698803859
-12.106387234877099
-11.62353625438179
-11.187199581928407
-10.875308107076137
-10.704335493003272
-10.629198814803699
-10.426368541007042
-10.142532945747313
-9.998363742918912
-10.097943250590804
-10.42116074272355
-10.910275263257512
-11.497045602109106
-12.093822082100546
-12.614104918843163
-13.009543132094054
-13.283056425043865
-13.444779883788833
-13.619212990514207
-13.785913827977705
-13.927919280038802
-14.036656760016397
-14.112591490508303
-14.162141877345567
-14.19324769453065
-14.211992777531577
-14.221416831932771
-14.222272536846864
-14.214767895547356
-14.200296583832468
