5.2632377622874316e-14
-0.03500875647993575
-0.16674416395303207
-0.43782359244008645
-0.8657145618857361
-1.4409456405959515
-2.1299670617163655
-2.8823019816030793
-3.6407588840529557
-4.352696796250108
-4.979939653900269
-5.505145627581521
-5.9332647556364755
-6.2879432919146625
-6.6040011423524545
-6.918072331775694
-7.259907678190018
-7.6465693646211
-8.080826302918593
-8.553717128931897
-9.049921295644817
-9.55377549266871
-10.053818414305669
-10.54458847794026
-11.025623276499214
-11.49866987435575
-11.964603176578535
-12.421355179957276
-12.863471941850669
-13.283113544734643
-13.671773782523358
-14.021917551833631
-14.32803765675681
-14.587045821173364
-14.798177371970572
-14.962637853588486
-15.083164321083446
-15.16364018612004
-15.20889700727695
-15.224772735758705
-15.21832090843242
-15.197847806830405
-15.172367795798571
-15.150281188527966
-15.137588607429159
-15.136453549947642
-15.144954596221336
-15.158275473040668
-15.170779379185067
-15.178027271469261
