-5.551115123125783e-17
-0.0011455602755048866
-0.0055423807132432
-0.014776201185659366
-0.02966289685740131
-0.05012036010312748
-0.07518241745104387
-0.10315258875729233
-0.1318733719982098
-0.15906842759705633
-0.18270344653043813
-0.20130846929688156
-0.21421048023717768
-0.221639298856782
-0.22468989585259763
-0.22514709694136129
-0.22520057436751695
-0.22709556260611127
-0.232775054836142
-0.2435706626261865
-0.2599915900456016
-0.2816454893723432
-0.3073038182538072
-0.3351010920327525
-0.36283586022730063
-0.3883248260293594
-0.40975294882728
-0.4259630401498832
-0.4366382019337801
-0.44234788566078087
-0.4444505476624591
-0.4448692238529143
-0.4457770268419029
-0.44924418259975435
-0.45690435921521577
-0.4696946720926062
-0.4877114220328941
-0.5102043693592431
-0.5357093655740078
-0.5622962862111038
-0.5878902604804415
-0.610612346654233
-0.6290830320978773
-0.6426386812950429
-0.6514261367502167
-0.6563615033122411
-0.6589621510716128
-0.6610822284705316
-0.6645978692424617
-0.6710961189366937
-0.6816201076258078
-0.6965124829922134
-0.7153814870404713
-0.737192444680887
-0.7604656586032923
-0.7835436098490144
-0.8048791099542467
-0.8232935559958567
-0.8381610315974739
-0.8494883586971368
-0.8578806263179974
-0.8644026041401469
-0.8703649661440727
-0.8770770549795387
-0.8856127485443186
-0.8966320786292956
-0.9102894601659429
-0.9262420497459591
-0.9437522281393715
-0.9618602577830946
-0.9795902481303791
-0.9961471275587045
-1.011065355327752
-1.0242809218175841
-1.0361145479151237
-1.0471725719385874
-1.0581890362959094
-1.0698445057617814
-1.0826017226241895
-1.096594386676616
-1.1115938890001722
-1.1270620345370155
-1.1422790835429217
-1.156519700237851
-1.1692381708691508
-1.1802210421730968
-1.189671034998265
-1.198199767878509
-1.2067258366367368
-1.2162952844473498
-1.2278591706780277
-1.2420539680377136
-1.259032320671229
-1.2783835586771355
-1.2991666050562478
-1.320055667823888
-1.3395757496281975
-1.3563852760392898
-1.3695512253472681
-1.378760799959175
-1.384423644976029
-1.3876383625605575
-1.39002300587925
-1.3934363610043503
-1.3996396835305827
-1.4099623497166063
-1.4250364909922573
-1.4446543762797595
-1.4677799733830437
-1.4927169345970182
-1.517404871001432
-1.5397902204820206
-1.5582024436071322
-1.5716639743148377
-1.5800740144416312
-1.5842298445443106
-1.5856803754676982
-1.5864391547101995
-1.588611524073361
-1.5940075326059198
-1.6038150136698794
-1.6183952325618243
-1.6372390327854927
-1.6590893880455069
-1.6822032312873274
-1.7046981368734961
-1.724913435839779
-1.7417138449911216
-1.7546768708697893
-1.764130258535633
-1.7710373146695673
-1.7767594340384354
-1.7827500154370406
-1.7902469769280502
-1.800029570012792
-1.8122895444316456
-1.8266403877604822
-1.842257174156133
-1.8581104300050992
-1.8732368561129205
-1.8869823268356425
-1.8991599453308885
-1.9100863602416505
-1.920488382355925
-1.9313026285991166
-1.9434164923197945
-1.9574133435189744
-1.9733850600562335
-1.9908605176456138
-2.0088725361627486
-2.0261536894391066
-2.0414205297394292
-2.053683287985736
-2.062509435343681
-2.068177081064171
-2.071676806129727
-2.074553445409629
-2.078615277863889
-2.085568940648696
-2.0966570293444238
-2.1123773196807516
-2.1323470735226553
-2.155346082071511
-2.179534269856264
-2.202801997266452
-2.223181910810469
-2.2392368567000753
-2.250342397275837
-2.256804273959294
-2.2597862034786096
-2.261064076320666
-2.2626599384584725
-2.266434707267277
-2.273726627789679
-2.285111225944615
-2.3003305912013237
-2.3184016505254474
-2.337873384791472
-2.357170650348885
-2.374944584135934
-2.3903503058750544
-2.403191419772528
-2.4139032174832877
-2.423384957448281
-2.4327271834899475
-2.4429043917101376
-2.4545106649317736
-2.467604369517636
-2.4817003737044434
-2.495911171650381
-2.5092008204927327
-2.520686906115744
-2.5299129104613853
-2.537019563288026
-2.5427676112702393
-2.5484002758336697
-2.5553729844274966
-2.5650113795373977
-2.578178078457946
-2.5950292866503646
-2.614923605477421
-2.6365112246116262
-2.657989901698482
-2.6774744871423444
-2.693398770878097
-2.7048590398854198
-2.7118205008663296
-2.7151381129112426
-2.7163853359977352
-2.7175279740032923
-2.720515427629438
-2.726880105268327
-2.7374332825307905
-2.7521230573238324
-2.7700825702165917
-2.7898530789245726
-2.8097268978813394
-2.828128822777887
-2.8439475903924674
-2.856742776642126
-2.8667839095292407
-2.8749197997109106
-2.882317064612751
-2.8901375108052445
-2.899237023666786
-2.9099609551797405
-2.9220849337164245
-2.9349122930878084
-2.9474994189399326
-2.9589480777932233
-2.968687046510145
-2.9766680881250815
-2.9834228062186003
-2.9899619244474773
-2.9975385495017637
-3.0073321379630715
-3.0201313925120186
-3.036096588271842
-3.054664019216115
-3.074621542907016
-3.094342830588296
-3.1121291151286696
-3.1265805456741984
-3.136911212045677
-3.1431343585596085
-3.1460741430400585
-3.147200295967777
-3.1483227100467657
-3.1512148428518896
-3.1572505060941527
-3.1671346092877166
-3.1807857861864797
-3.197392996016057
-3.215627732414973
-3.2339580766987637
-3.250988925220456
-3.2657493537468705
-3.2778636551567706
-3.287572800866031
-3.2956101289538107
-3.3029697322659035
-3.310630026343815
-3.3193029603518127
-3.3292699900470084
-3.3403421081000872
-3.351949072789171
-3.3633304162489854
-3.373775702779936
-3.382849832147753
-3.390543664427489
-3.3973096623609487
-3.4039716917943053
-3.4115301712846313
-3.4209103685159428
-3.432716202201961
-3.4470509630826647
-3.4634504139258797
-3.480946953889137
-3.4982526006103614
-3.514020842171933
-3.527129276274862
-3.536920294572654
-3.543346642570488
-3.546990072973256
-3.548949536800979
-3.5506239963000468
-3.5534375361275816
-3.5585659620990597
-3.5667220957424655
-3.5780422946952637
-3.592093146150116
-3.607990574821646
-3.6246000290341693
-3.6407711013111013
-3.6555557670644534
-3.668366499143647
-3.6790464569338224
-3.6878446784608085
-3.695309981504145
-3.702133710569332
-3.708980324641811
-3.716344606687255
-3.7244654669445936
-3.733311249983031
-3.7426338386527807
-3.7520728735563043
-3.7612807409845126
-3.770035846841599
-3.778316356791656
-3.78631741821638
-3.794408949868497
-3.8030450054000307
-3.8126464946142304
-3.8234846577385664
-3.8355923149329003
-3.848723907553705
-3.862375049383299
-3.875859794302133
-3.8884316044553096
-3.899424577652919
-3.908386867915169
-3.9151794165574145
-3.920019820129184
-3.9234618710427847
-3.926313661551299
-3.929508589181581
-3.9339520102819296
-3.940370343301396
-3.9491887222415443
-3.960458221297505
-3.9738451650369444
-3.9886844646220734
-4.0040879405508
-4.019089034596417
-4.03279892507076
-4.044547136975625
-4.053982753148525
-4.061119723372589
-4.066320034449296
-4.070219586135743
-4.073611422924779
-4.07730783473475
-4.08200577340071
-4.088178752712428
-4.09601322945323
-4.105399230974735
-4.11597498971742
-4.127215255371994
-4.138544690093125
-4.149453079888125
-4.159589168397706
-4.168814865035771
-4.177210359400165
-4.185031312615379
-4.192629413053709
-4.200355022855141
-4.2084639688991805
-4.217049258403642
-4.226013036489612
-4.235085565466673
-4.243887987055076
-4.252025999822868
-4.259194268928957
-4.2652680500730495
-4.270360162976654
-4.274828068528375
-4.279226168101007
-4.284210325430224
-4.290412315015535
-4.298308984534599
-4.308112833991349
-4.319707139783883
-4.332640545396577
-4.346184903797333
-4.3594481972806145
-4.371523709507273
-4.3816491644119555
-4.389346701234078
-4.394517069854681
-4.397469142675989
-4.398877532483369
-4.399674599322142
-4.400895680717456
-4.403505336869079
-4.408235897548691
-4.415467019356487
-4.425167041532717
-4.436905437832951
-4.449932893914668
-4.463313786915934
-4.476087030828853
-4.487426740774244
-4.496774665665018
-4.503921800687181
-4.509026147620677
-4.51256554893234
-4.515236579668156
-4.517820193156853
-4.5210402003228
-4.525440738654415
-4.531303922888861
-4.538620226289614
-4.547113805459277
-4.556314999028737
-4.565664271554243
-4.574627041609694
-4.582797673509859
-4.589973488290616
-4.596185560386563
-4.601681401326236
-4.606863961621073
-4.612199914936766
-4.618116137258073
-4.624905360205814
-4.632659755857528
-4.641245312458165
-4.650321699212326
-4.65940365060954
-4.667952345229003
-4.675479982499317
-4.6816484289611076
-4.686343639680829
-4.689711448682752
-4.692146806024376
-4.694236729957414
-4.696665792904216
-4.700100221360007
-4.705071087209008
-4.7118775692084744
-4.720527732260358
-4.730727522921002
-4.741920198159988
-4.75336987146905
-4.764275707846966
-4.7738984807946006
-4.781679212783806
-4.787330626784975
-4.790886079442122
-4.792697178584458
-4.793379628268996
-4.793715703333728
-4.7945294761427375
-4.796555865897115
-4.800325637810348
-4.80608542037845
-4.8137653692982605
-4.822998711919925
-4.833188708151734
-4.84361101213818
-4.853534041570547
-4.8623373684423505
-4.869608630682351
-4.875203045184017
-4.879255927654774
-4.882146830675119
-4.884422595541043
-4.886694046962444
-4.889525632267259
-4.8933380320450865
-4.898340610824051
-4.90450442853704
-4.91157886770693
-4.919147297866477
-4.926710830931723
-4.933784895153714
-4.939991479680325
-4.94513067048077
-4.949218529744506
-4.952484181025648
-4.955326379553801
-4.958237558038886
-4.961709705688922
-4.966139964712044
-4.971753672633736
-4.978558862232776
-4.986339973556115
-4.994691248476686
-5.0030834524581795
-5.010952273654309
-5.017793550197988
-5.023249566825024
-5.027172058176043
-5.02965116144666
-5.0310050550026135
-5.03173168431976
-5.032430651529235
-5.033708637878881
-5.036084443652734
-5.039909306808423
-5.045314879596091
-5.052196071170044
-5.060230142292753
-5.068928023741165
-5.077709458929046
-5.0859905088026816
-5.0932703323296025
-5.099204160502834
-5.103651257594011
-5.106690470567912
-5.108601302917154
-5.1098143503259985
-5.110840103388743
-5.112188383836061
-5.114291440845432
-5.117442160664757
-5.1217556825649435
-5.127158869611482
-5.133408213830598
-5.140133135967816
-5.146898322276285
-5.1532758703761
-5.158916040221724
-5.163604988592419
-5.1672995361311305
-5.170132777659066
-5.172389512078748
-5.174455856191225
-5.176751794938698
-5.17965799629423
-5.183448778995494
-5.188241942367836
-5.193973681324659
-5.200403332285156
-5.207148404834163
-5.213745510286312
-5.2197280083189534
-5.224707455806166
-5.228444368114014
-5.2308951244560715
-5.2322260075415015
-5.23279144052791
-5.233080009720567
-5.233637396118111
-5.234978937691198
-5.237505917708761
-5.241438994484921
-5.246779746434837
-5.253307310325029
-5.2606117474741785
-5.2681595735252795
-5.275380822779905
-5.281762481645207
-5.286931464306092
-5.29071222052801
-5.293149217239143
-5.294491584539505
-5.295144341655743
-5.295596211454669
-5.296337206841197
-5.297779843883047
-5.300196422267169
-5.30368182519709
-5.308147111734157
-5.313344143854359
-5.318916162853574
-5.324464536584742
-5.329618990359803
-5.334098417643469
-5.337752008575946
-5.340575164318337
-5.342700047982071
-5.344365170318102
-5.345871185737399
-5.347530965790515
-5.34962153344453
-5.352344239332798
-5.35579801878878
-5.359968693710578
-5.364734974971439
-5.369889233477281
-5.375168794386746
-5.38029219655746
-5.384994994536446
-5.389061072806643
-5.392347288327884
-5.394800582807967
-5.396466962830563
-5.3974911727496915
-5.398105364999858
-5.398605557871849
-5.399316546634054
-5.400548729396206
-5.402552939939755
-5.4054807536016085
-5.40935732728539
-5.4140718922333235
-5.419388262850083
-5.424974850432074
-5.430450984698239
-5.435443821805892
-5.439647772373148
-5.442876640980726
-5.445098368635005
-5.446444237707801
-5.447188831036257
-5.44770311570885
-5.448389078743885
-5.449608533454583
-5.451619837392265
-5.454534220460076
-5.458299112459876
-5.462710604909395
-5.4674521115224515
-5.472152051473614
-5.4764502735264875
-5.480061274477039
-5.482822525993493
-5.484718849213464
-5.485878674091714
-5.486544211501605
-5.487023322362754
-5.48763437689658
-5.488655610030847
-5.490287636171398
-5.492633274543005
-5.495694445493363
-5.499382934436024
-5.503540609739423
-5.507964718840902
-5.512434431467903
-5.51673544034491
-5.520680237553614
-5.52412288477999
-5.526968596170217
-5.529179658601647
-5.530779348826694
-5.53185423492635
-5.532553118213052
-5.53307917403265
-5.533671918588298
-5.53457798829646
-5.536013652555974
-5.538125833455854
-5.540960449186613
-5.544446229463833
-5.548399063017712
-5.552547584627432
-5.556576389235415
-5.560179825446147
-5.563117080271805
-5.565258325840914
-5.566612329851952
-5.5673285734448505
-5.567671719186443
-5.567972525772862
-5.568565334034313
-5.5697259488891016
-5.571623596528918
-5.574296564516506
-5.577654625927643
-5.581504757310078
-5.585592049976282
-5.589645994003554
-5.5934231239352155
-5.596739315810042
-5.599487876135245
-5.601642519642771
-5.603247261012306
-5.604397842677008
-5.605220858118843
-5.605856360823527
-5.606447204890988
-5.60713447579739
-5.608054906117404
-5.609334954942258
-5.611078061368452
-5.613345671688035
-5.616136973478815
-5.619374714650476
-5.622903925631929
-5.6265071593486295
-5.6299354289145205
-5.632949910739484
-5.635366658553824
-5.637095312004684
-5.638163066304682
-5.638717118197907
-5.6390026319040105
-5.639318758950935
-5.639961238789518
-5.641164588648201
-5.643057837989229
-5.6456443062351065
-5.6488090528383
-5.652349883965596
-5.656022036755461
-5.659584656876541
-5.662838927591462
-5.665651749855228
-5.667963370145373
-5.669781037087277
-5.671163231076979
-5.6722002936730975
-5.672997310676946
-5.6736635753484475
-5.674309826993621
-5.675050514292653
-5.676005246750285
-5.677293171469029
-5.679017003535622
-5.681238815547563
-5.683954955867738
-5.6870799528284595
-5.690447625399581
-5.69383252785296
-5.696988502452478
-5.699695944329706
-5.701806905156463
-5.7032775795885025
-5.704180403615435
-5.704692206384774
-5.70506002553306
-5.705551618066983
-5.706402123392329
-5.707770065772826
-5.709713611140533
-5.7121918660449165
-5.715088063256929
-5.718244903398466
-5.721499832781186
-5.724710406821042
-5.727765570701215
-5.730584796740336
-5.733110971196391
-5.735303676343946
-5.737137651736328
-5.738608104476779
-5.739741337707006
-5.74060649233119
-5.741322448064153
-5.742053744604288
-5.7429915414264565
-5.744320306987494
-5.7461769178503905
-5.748613655571121
-5.751577568781752
-5.7549146428591325
-5.758399435995084
-5.761782496269905
-5.764842434039861
-5.767428910219488
-5.769486621699551
-5.771056539251773
-5.7722568038741535
-5.773250247824392
-5.77420790145852
-5.775277970716386
-5.776567543735312
-5.778139851068226
-5.780024235883325
-5.782231129136446
-5.7847626545082855
-5.7876122959457845
-5.790753386125245
-5.7941229623218895
-5.797611231016525
-5.801065486201652
-5.804311542200725
-5.80718845306647
-5.809586802614771
-5.811479145783899
-5.81293329880638
-5.814103826937536
-5.815202730726846
-5.816455782294046
-5.818055174830782
-5.8201209052468155
-5.822681435490803
-5.825678444606585
-5.828992464964153
-5.832479081227887
-5.836002466708335
-5.839455800675364
-5.84276512256069
-5.845880836284796
-5.848765697318237
-5.8513879637204695
-5.8537243374144525
-5.855771854901045
-5.857563456288688
-5.859179868725125
-5.860750854791675
-5.862441498872368
-5.864423646617301
-5.8668380859169575
-5.869757887120739
-5.873165166827209
-5.87695063044618
-5.880937869685972
-5.8849253694216
-5.888732653596774
-5.892236097850681
-5.895384914688277
-5.89819598383611
-5.900733629139462
-5.90308421658727
-5.9053349077039154
-5.907562302672104
-5.909831943875908
-5.912205255691714
-5.914747507089763
-5.917529683087419
-5.920619446831192
-5.924061501981692
-5.927853872388991
-5.931930842740416
-5.93616275806825
-5.940376985674088
-5.944395551680744
-5.948077590541802
-5.951352463722035
-5.954233122323294
-5.956806849951649
-5.959208271926869
-5.961584453681735
-5.964062915837254
-5.96673101082692
-5.969630578985749
-5.9727664321014
-5.976122411748202
-5.979676222570272
-5.983405411519018
-5.987281869784136
-5.9912590508754855
-5.995261160668155
-5.999183778036464
-6.002910171698065
-6.006339613496068
-6.00941752157859
-6.012155616967042
-6.014633961821328
-6.016983577828536
-6.019355096417337
-6.021883132245912
-6.024656893449934
-6.027705192588386
-6.030999269493406
-6.034470862693943
-6.038037609522559
-6.041625396204371
-6.045179319714003
-6.0486610020629685
-6.0520372266031774
-6.0552693086107325
-6.0583117050748765
-6.061122651840276
-6.063682431332249
-6.066010212303136
-6.0681704937792516
-6.070264498000714
-6.072407948721628
-6.074701888414506
-6.077205854173292
-6.079922280050934
-6.082797579699682
-6.085739764703746
-6.088646338120334
-6.0914320593296685
-6.094046299571626
-6.096474610921771
-6.09872666927624
-6.100818990450604
-6.102762362757493
-6.104560117345029
-6.106216622466094
-6.107749644016387
-6.109198356870298
-6.110621229170183
-6.1120829756168815
-6.113634811768583
-6.115295432618026
-6.117040535520261
-6.118806135842872
-6.1205059491530935
-6.122057299163575
-6.1234058422158055
-6.124539276106608
-6.12548482399377
-6.1262926917648866
-6.127014038054107
-6.1276838110044185
-6.128315258040144
-6.12890629115744
-6.1294520107676975
-6.129955475839803
-6.130430771492355
-6.130896933481213
-6.13136595724833
-6.131831071781257
-6.13226174869816
-6.132609410138451
-6.132823172178797
-6.1328698933904695
-6.132749738429826
-6.132499489244069
-6.132181097013353
-6.131860042304086
-6.131583090944577
-6.131365097004213
-6.131189632566875
-6.131021337082751
-6.130822809659581
-6.130567955934552
-6.13024670339687
-6.1298608016573874
-6.129414617107041
-6.128906835170608
-6.128328258977528
-6.1276677409961025
-6.126923822600884
-6.12611584649816
-6.125287376261207
-6.1244978623620225
-6.123804500901091
-6.123241888638041
-6.122808913207984
-6.122469028144166
-6.122163523357189
-6.121831411308977
-6.121427279514523
-6.120930582407795
-6.120344582047478
-6.119687824070077
-6.118983675032324
-6.1182533567489426
-6.117515427092301
-6.116790813073906
-6.116108951296546
-6.115509265953102
-6.11503433177048
-6.11471595584712
-6.114560357553784
-6.114540391493107
-6.114599875361267
-6.114669092053462
-6.1146850177411665
-6.11460793414693
-6.114428502596485
-6.114164248600057
-6.113848922648973
-6.113520393193325
-6.113212146446972
-6.112950818562119
-6.112758720837241
-6.112657535928036
-6.11266870881325
-6.112808206264728
-6.113077368020844
-6.113455101235
-6.11389715446822
-6.114344931088845
-6.114741130031832
-6.115045683679019
-6.115245321073655
-6.11535346419799
-6.115401803056129
-6.115428190558952
-6.115466113140755
-6.1155392121595575
-6.115661385435997
-6.115840271032936
-6.1160805429040375
-6.116384087121588
-6.116746577243302
-6.117152921199255
-6.117575586593265
-6.117978652758193
-6.118327086847521
-6.118597346016963
-6.118784268892703
-6.118901087044074
-6.118972968334914
-6.11902753108932
-6.119086633747925
-6.1191623802995165
-6.119257816788473
-6.119370605334069
-6.119496964049338
-6.119633619018194
-6.119777100672869
-6.119921592331784
-6.120057608115636
-6.12017328570621
-6.120258243343722
-6.120307994614495
-6.120326256849048
-6.120323644666941
-6.1203133951679565
-6.120306428024989
-6.120308175458163
-6.120318342983932
-6.120333073009409
-6.120347913275055
-6.120359979411062
-6.120368516621723
-6.120374122521867
-6.12037759256409
-6.12037933384106
-6.1203796247156586
-6.120379180929763
