-5.551115123125783e-17
-0.0022888018065477245
-0.0110643994374367
-0.02947397450785766
-0.05911871595003909
-0.09980367686208691
-0.14957237443172106
-0.20502086098611624
-0.2618416599310999
-0.3155112739285173
-0.362011806806915
-0.3984713950514222
-0.4236207096300314
-0.43799192600559567
-0.44382774808552283
-0.44471478932589303
-0.44500035844021535
-0.4490871782514989
-0.4607208893613888
-0.4823868389754006
-0.5149151168515249
-0.5573587249364067
-0.6071646138310118
-0.660608520545754
-0.7134202992013663
-0.7614943300526641
-0.8015652483621871
-0.8317352924076027
-0.8517651563963322
-0.8630810584415526
-0.8684997941155919
-0.8717223255275734
-0.8766863968276313
-0.8868926706571703
-0.9048225789069189
-0.9315486701547456
-0.9666027075187663
-1.0081194801679605
-1.0532238874136342
-1.098584717595335
-1.1410290104241574
-1.1781015986168841
-1.2084671434293985
-1.2320842013309827
-1.2501262548651062
-1.2646742922632965
-1.2782496784454405
-1.2932860542137512
-1.3116489305861478
-1.3342995448024195
-1.3611678132875003
-1.3912542390954707
-1.422931616798391
-1.4543745865125082
-1.4840177328020838
-1.5109371520136086
-1.535067832880768
-1.557206343048866
-1.5787972501851477
-1.60155169111628
-1.626986361656901
-1.6559918237449354
-1.6885354111499251
-1.7235763915778075
-1.7592248841319016
-1.7931209750807924
-1.822958403576666
-1.8470398130946455
-1.8647369338936712
-1.8767434572833523
-1.8850490289195243
-1.892621899059594
-1.9028528006422727
-1.9188689982363494
-1.9428618710179537
-1.9755751048239927
-2.0160716095019295
-2.061841119982098
-2.109238836519642
-2.1541738272085627
-2.1929099271223267
-2.2228140617300136
-2.242894015338515
-2.2540090472476284
-2.258704407376966
-2.26070068764149
-2.264143766687751
-2.272773985556548
-2.289191600414701
-2.3143745389955788
-2.3475482309348488
-2.3864284424212188
-2.427774816402198
-2.468124505429539
-2.504537581849843
-2.5351871856540313
-2.5596668473587583
-2.578955583488793
-2.5950622754529187
-2.6104457752958616
-2.6273587138795333
-2.6472788876839264
-2.6705682527871457
-2.6964412647960723
-2.723245486646269
-2.748977516286434
-2.7718966239577543
-2.7910727600130083
-2.8067216630980583
-2.820233705367299
-2.833881125094977
-2.850270637223954
-2.8716744573938517
-2.8994062225735915
-2.9334009541103243
-2.972111700005917
-3.0127606732964116
-3.0518971872830947
-3.0861389325898307
-3.1129257853283647
-3.131108663038762
-3.141232516982809
-3.1454440619183854
-3.147043839890313
-3.1497864653633263
-3.1570913336578963
-3.1713444675644724
-3.1934468328832026
-3.2227028157730553
-3.257060749933942
-3.2936356876959008
-3.329382306924042
-3.361756801823119
-3.3892164452811038
-3.411450710833837
-3.4293067285531307
-3.4444472812485913
-3.4588429032562793
-3.474235384821897
-3.491709729228792
-3.511476492544033
-3.532906840546615
-3.5547952067372797
-3.575767126147304
-3.5947169103439247
-3.611158161745431
-3.6253979412479196
-3.6384937072389203
-3.6520077962044133
-3.6676235438634355
-3.686719061036418
-3.710002746952846
-3.737298010945036
-3.7675280480755435
-3.7989039625215972
-3.829272550146889
-3.8565448219806386
-3.8791108892573
-3.8961538564106486
-3.907801698722443
-3.915093886778971
-3.9197788786059213
-3.923990620405909
-3.929871163289546
-3.939210660197294
-3.9531669172114268
-3.9721078556106044
-3.995595906524607
-4.022507718998532
-4.051259620767143
-4.080092681503933
-4.107363819637069
-4.131792404264315
-4.152624243637523
-4.169693514206241
-4.183383511369863
-4.194504609466568
-4.204119418724205
-4.213349757357184
-4.223198400596084
-4.234412206585692
-4.247403811814053
-4.262238047858227
-4.278677916196356
-4.29627500537379
-4.314482534767493
-4.332767334898953
-4.350700454107197
-4.368013501508124
-4.384616743915721
-4.4005825591646035
-4.416102334757845
-4.43142628593914
-4.446795431088001
-4.462374911026839
-4.478198793798741
-4.4941376662413415
-4.509899710828267
-4.525071765402523
-4.539198721495045
-4.551889276310089
-4.562926790112729
-4.572359220253311
-4.580543855843743
-4.588130763103765
-4.595981429270526
-4.605033014993317
-4.616130877218353
-4.6298602567940135
-4.646410682322567
-4.665502898445322
-4.68639799527459
-4.707993111528902
-4.72899033471087
-4.7481092448273845
-4.76430325091652
-4.776938529108223
-4.785902498722788
-4.791623930841505
-4.795004489096562
-4.797277053936325
-4.799816479766326
-4.80393283757704
-4.810677017682397
-4.820685641770358
-4.834087526158221
-4.85048710543579
-4.869030365918923
-4.8885458794912084
-4.907739266499008
-4.925407417263638
-4.940633075773989
-4.952923515203608
-4.962268783421407
-4.969112240837041
-4.97424408042977
-4.978642678085183
-4.983296194497718
-4.989037299629307
-4.996418388965681
-5.005645140833864
-5.016574712727096
-5.028773150353991
-5.041616547854878
-5.054414005954836
-5.066528889193513
-5.077478506783182
-5.0869997080061555
-5.095076244783616
-5.101930233914402
-5.107983108675192
-5.113791688809368
-5.119964695506055
-5.127066561305735
-5.135519450273733
-5.145519302138659
-5.1569840978047745
-5.169549416022526
-5.182617103795889
-5.195450093304054
-5.207294771004117
-5.217506283684765
-5.225653608283696
-5.231588530922009
-5.235471955154342
-5.237758284800019
-5.239142248848523
-5.240473507405671
-5.242645415121522
-5.246467653406528
-5.2525380664681585
-5.261134470846427
-5.272148929801065
-5.2850825499946215
-5.299108382627808
-5.313196154291841
-5.326279197975054
-5.3374345160557795
-5.346043257531709
-5.351901327111527
-5.3552577362240115
-5.356770671351714
-5.357386678458343
-5.3581644415199685
-5.3600777285220635
-5.363838093693185
-5.3697740575379225
-5.377789984783423
-5.387408581734979
-5.3978819614503
-5.408343334972428
-5.417967394572675
-5.426111262065481
-5.432415721892393
-5.4368545687737555
-5.4397267234080635
-5.441592312447386
-5.443162006320274
-5.445158768463564
-5.448180057032441
-5.4525917423342865
-5.45847879972262
-5.465662348005388
-5.473772796750199
-5.482352528076867
-5.490955356900413
-5.499216090637406
-5.506878376814444
-5.513785669322843
-5.51985173431969
-5.5250302176110155
-5.529298259713276
-5.532660561903331
-5.535171445834444
-5.53696556298335
-5.538283749808354
-5.5394794500912035
-5.540993925363913
-5.5432959320490545
-5.546793008780056
-5.551733804175265
-5.5581288779296125
-5.565716570267743
-5.573989719024195
-5.58228170345107
-5.5898931370578815
-5.596229864302454
-5.600921603997256
-5.603897085557401
-5.605401749602608
-5.605954513466168
-5.60624974171188
-5.607020272669121
-5.608887304841359
-5.6122305437053965
-5.617112355325754
-5.623278770661467
-5.630238760296844
-5.637398148164016
-5.644206302452316
-5.650270852671267
-5.655409787212966
-5.659635002906013
-5.663085696682734
-5.665944126039625
-5.6683663232250945
-5.670449111036047
-5.672238739330568
-5.673771770095577
-5.675128890524829
-5.676478162553314
-5.678086187735496
-5.680284298031492
-5.683391721949094
-5.6876153241819924
-5.692959258744066
-5.699180339867929
-5.705812606941764
-5.712260963844461
-5.7179386274421695
-5.722407434751002
-5.725480127028452
-5.727258000279706
-5.728098165885764
-5.728523529984719
-5.729100533508466
-5.73031438669395
-5.7324707740012935
-5.735647498729528
-5.739708247973557
-5.7443734103647515
-5.749323553788119
-5.754297879261569
-5.7591509052935
-5.763848141290676
-5.768408876992298
-5.77282834077415
-5.777020178327133
-5.780809398373494
-5.7839817717754975
-5.786370358072172
-5.787944420022564
-5.788865111906346
-5.789483843668252
-5.790277612626307
-5.791735475609675
-5.794227333998869
-5.797895830910943
-5.802609575152481
-5.807998472598457
-5.81356311587571
-5.818820812704335
-5.823435041962487
-5.8272821961597945
-5.830437230020195
-5.833094796401556
-5.8354673157471835
-5.837705148856132
-5.8398675788222105
-5.841947441046944
-5.843929886129877
-5.845854815912982
-5.847853880097077
-5.850143327993981
-5.852969838688384
-5.856524475707147
-5.860855496792479
-5.865817050587753
-5.871081790730039
-5.8762213735123
-5.880829071677863
-5.884638294061394
-5.887591315416647
-5.889834437103873
-5.8916475802188435
-5.893341705074572
-5.895165397180257
-5.897252004116678
-5.899618795623288
-5.902209425731505
-5.904956758317799
-5.907837310251449
-5.9108921504492296
-5.914202467024235
-5.917828712713228
-5.921742478974074
-5.925788812003357
-5.929705841824223
-5.933201173466978
-5.93605445988349
-5.938200156320038
-5.9397528439489005
-5.940964759678732
-5.94213584972349
-5.94351516859857
-5.9452319316293
-5.947278600054856
-5.949546172367848
-5.951892093762488
-5.9542096892637275
-5.956468236538708
-5.958705874857792
-5.960980178501917
-5.9633039330949
-5.965603774000767
-5.967728849658327
-5.969509349852783
-5.970835863620859
-5.971717607491257
-5.972288475639177
-5.972757570938914
-5.973328720615548
-5.974126559436243
-5.97516050910901
-5.976338477604155
-5.977520026203813
-5.978583113027327
-5.979474227688765
-5.98021997950151
-5.9808964980766035
-5.981574255255197
-5.982269481082107
-5.982930327308196
-5.983466134731577
-5.983802480103202
-5.983929096809845
-5.983912360037162
-5.983865572864256
-5.983894648062993
-5.984049161300794
-5.984303457210464
-5.984574976303473
-5.984768199789747
-5.984821629501944
-5.984735514379266
-5.984568157294096
-5.984404039834322
-5.984311093736936
-5.984310089874915
-5.9843721997895925
-5.984444169172755
-5.9844840503966115
-5.984484907946699
-5.984473090213706
-5.984484938258702
-5.984539088640402
-5.984622417414613
-5.984697137511565
-5.984722931314034
-5.984679991833159
-5.984579964470706
-5.984459723555481
-5.984362537875253
-5.984317562765117
-5.984328749225643
-5.984378131860728
-5.984439518196845
-5.9844925972549605
-5.984528697577191
-5.984546901992623
