5.2632377622874316e-14
-0.0017846374806454964
-0.008634557661665274
-0.023021458887737083
-0.04622009326762841
-0.07810988446898383
-0.11719703974483703
-0.16085321206716632
-0.2057326309623174
-0.24830154146814937
-0.28539618555376883
-0.3147211934917241
-0.3352098014823767
-0.34718925961256264
-0.3523256679902397
-0.3533573956427108
-0.3536596730011501
-0.3567096123012147
-0.36553657711558746
-0.38224500730896416
-0.40768516011552736
-0.44132360027740664
-0.48133342078985974
-0.5248891766767949
-0.5686189543165354
-0.6091410830967902
-0.6435997107943748
-0.6701139317032166
-0.6880692896570866
-0.6982059887000441
-0.7024909097850581
-0.7037952596347984
-0.7054307595388494
-0.7106197020313315
-0.7219843545105291
-0.7411374604873575
-0.7684386347712314
-0.8029540836045824
-0.8426238224505743
-0.8846068899976066
-0.9257464959087099
-0.9630782528181796
-0.9942986467950932
-1.0181185685277747
-1.0344466539292478
-1.0443759312167467
-1.0499799646897974
-1.0539558348254554
-1.0591757270152007
-1.068222629211137
-1.082986524128464
-1.1043855664935192
-1.1322542947760097
-1.1654119457248702
-1.2018934870209632
-1.2392992960529305
-1.2752009799882866
-1.3075336161858806
-1.3349096317988565
-1.3568054258362194
-1.373595563686028
-1.3864365426788445
-1.3970278521156565
-1.4072978450235483
-1.419072507712952
-1.4337850220443653
-1.4522735256385524
-1.4746960132497953
-1.5005686037378703
-1.5289107978923917
-1.5584630674192606
-1.587931364880852
-1.6162115855058246
-1.6425544676982156
-1.6666459734833239
-1.6885966205160872
-1.7088516942655325
-1.7280490608588204
-1.7468596276216002
-1.7658459891986276
-1.7853677508962078
-1.805549299751465
-1.8263103972296524
-1.8474453732747809
-1.8687261133326123
-1.8899996902834206
-1.9112542090026385
-1.9326354149797504
-1.9544096771682102
-1.9768829862525414
-2.000297295026624
-2.0247320788222503
-2.050038784392369
-2.075828784116429
-2.101523067492428
-2.1264569699620868
-2.1500192155861026
-2.171794782927293
-2.191678061531472
-2.2099274482689597
-2.2271441959715976
-2.2441746031204577
-2.2619520121817884
-2.28130966211048
-2.3028037800396066
-2.3265862124707763
-2.3523569953881833
-2.3794111179150086
-2.4067736234043853
-2.433397442199028
-2.4583834071212434
-2.4811753239647003
-2.50168657731393
-2.5203281516905696
-2.537928537430249
-2.5555594736514036
-2.5743027706317396
-2.59500777007068
-2.6180929227167975
-2.6434372166907645
-2.6703890131675565
-2.6978948239076215
-2.724723956306247
-2.7497426080156986
-2.7721780794022273
-2.7918135633932613
-2.8090670212244686
-2.824931549460892
-2.8407844583738298
-2.858101602990392
-2.8781358419743848
-2.901628705937344
-2.9286198036524826
-2.9583996853781676
-2.989622430978134
-3.02056018130359
-3.049450443862791
-3.0748652218837726
-3.0960239274922237
-3.1129816675473556
-3.12664921849066
-3.138635818936573
-3.1509434297851002
-3.1655732170352624
-3.184124637924236
-3.2074702312231747
-3.235574233613723
-3.267493501363955
-3.3015611485557583
-3.3357149484734743
-3.3679021665683466
-3.3964767326481957
-3.420507001933815
-3.4399323058094446
-3.455539633163085
-3.468770727979217
-3.481405959970647
-3.49519653420756
-3.511525475894398
-3.5311686224910024
-3.5542019489888936
-3.5800668571282213
-3.6077686731253777
-3.6361539499126176
-3.66419607461431
-3.6912197412063863
-3.7170125757050125
-3.7418021154301244
-3.7661110363268255
-3.7905344546696123
-3.8155027140495017
-3.8410965075720953
-3.866967619798249
-3.8923912813792008
-3.9164417522588315
-3.93824973234466
-3.9572768005619317
-3.9735343852518605
-3.9876851393054635
-4.000990996667941
-4.015108557970867
-4.031770101068515
-4.052418230317657
-4.07787652276538
-4.1081336703959845
-4.1422952927279
-4.178720948810674
-4.215322268442537
-4.249961186892576
-4.2808636986204425
-4.306960048841491
-4.328078167015596
-4.344949907484227
-4.359031711719916
-4.372182753096689
-4.386274689777837
-4.402820592438842
-4.422703506319358
-4.446059507732815
-4.47233246953885
-4.500477252694108
-4.529254390951902
-4.557540431299731
-4.584578172622028
-4.61010968211151
-4.634367160488121
-4.657934113411679
-4.68152225509296
-4.705729737424448
-4.730848699576986
-4.756774501979929
-4.783039782127594
-4.808961551891308
-4.833858216722048
-4.857273886952459
-4.879144826071399
-4.899858104159326
-4.9201816336082205
-4.94108017081611
-4.963464138522968
-4.987938428953315
-5.014620862193128
-5.043083547581604
-5.072438978327937
-5.101554346165677
-5.129342356482265
-5.1550541709914715
-5.178496321383987
-5.20011009266285
-5.220885317418682
-5.2421226767719835
-5.265098875097748
-5.290716939662213
-5.319231697667442
-5.350125437546431
-5.382173939424059
-5.413696731299588
-5.442939012737817
-5.4684978528860935
-5.489690965195679
-5.506776573756571
-5.520965632806882
-5.534215422630028
-5.548845016740781
-5.567055887430814
-5.590464498143415
-5.619752196351126
-5.654511280385809
-5.693321131215022
-5.734035692771158
-5.774216034478794
-5.811610485361595
-5.84457696154281
-5.872358900759781
-5.895163005804053
-5.914034429516438
-5.930571398122647
-5.946555391096615
-5.963587007274832
-5.982808960248055
-6.004769551586831
-6.029440645774918
-6.05636435246464
-6.0848726344608846
-6.114311088411968
-6.144204511446753
-6.174324695043097
-6.204653113935693
-6.235263542146572
-6.266173121582813
-6.297218622697005
-6.328005470153833
-6.357953377383886
-6.386431153991771
-6.412943669775189
-6.437314901000772
-6.459808263629602
-6.481140172547642
-6.502371080718454
-6.524692409404911
-6.549158341433689
-6.576429832316042
-6.606598964772857
-6.639144119262463
-6.673034475835524
-6.706964183592799
-6.73966212332989
-6.770201795168845
-6.798233467747391
-6.824078370006251
-6.84865816448471
-6.873273819402934
-6.899285928437407
-6.927773840220252
-6.959257138165661
-6.993548355670145
-7.029773905599411
-7.066559048579611
-7.102332716302344
-7.135679227223268
-7.165653500532012
-7.191986595741706
-7.215136267456836
-7.236175341704235
-7.256549383249618
-7.2777648326541655
-7.301082584621808
-7.32728702767765
-7.356578738953857
-7.3886063402039985
-7.422618078980414
-7.457685484963761
-7.492936968270971
-7.527741643233558
-7.561801524677367
-7.595138012575341
-7.627988308976716
-7.660651033166704
-7.693331813743158
-7.726036571900514
-7.758544078803662
-7.790465062528732
-7.8213695232934
-7.850943993821821
-7.8791315678173826
-7.906211860342601
-7.932794279585648
-7.959721498839681
-7.987904344623601
-8.018127901154813
-8.050876611039044
-8.086221613771762
-8.123797942874727
-8.162876782973099
-8.202514690077724
-8.241743478959645
-8.279755872638292
-8.31604487211915
-8.3504679873398
-8.38322717761887
-8.414776243243196
-8.445684096167177
-8.476490812424679
-8.507591996767822
-8.53917678209214
-8.571228952966303
-8.603583657392793
-8.63601840164611
-8.668349847926557
-8.700508794667893
-8.732573878377025
-8.764757361111407
-8.79735010678962
-8.830643698338374
-8.864852810971033
-8.900059385637345
-8.93619273656528
-8.973048937131523
-9.010341877259659
-9.047770295192436
-9.085081869954067
-9.122117658541862
-9.158826808456796
-9.195250460626909
-9.231482455857272
-9.267620466514888
-9.303722961437371
-9.339784706377367
-9.375737322819305
-9.411473731799454
-9.446888377708596
-9.481920884542987
-9.5165902764725
-9.55101000341446
-9.585379642864625
-9.619955567766679
-9.655008244960685
-9.690776744032181
-9.727430857469919
-9.76504824176819
-9.803609260014852
-9.843007263135263
-9.88306839270117
-9.923573650707644
-9.964277209579024
-10.004918143680966
-10.045226738282508
-10.084929829286226
-10.123761030859013
-10.161480611897781
-10.197906384986531
-10.232952238427739
-10.266666342530419
-10.299258151941743
-10.331103287129721
-10.362718635479768
-10.394706055237963
-10.42767053264615
-10.462125661520915
-10.498403999995475
-10.536590825817575
-10.576496552083892
-10.617676096447637
-10.65949424581689
-10.701226534202751
-10.74217748495009
-10.781794027068239
-10.819752469049075
-10.8560025674239
-10.890760882401523
-10.924455880730894
-10.957636870041659
-10.990865747365076
-11.024613300951946
-11.05917997555433
-11.094655175461396
-11.130920742226103
-11.167695076367906
-11.204606392563257
-11.241278383546003
-11.277410061915472
-11.312833892504857
-11.347541846887982
-11.381676369739646
-11.415490753633698
-11.449289430480489
-11.483361998471622
-11.517924910919422
-11.553081922608083
-11.588809511420436
-11.624967806392979
-11.661332328658272
-11.69763812451106
-11.733626265774461
-11.769083350152995
-11.80386721379251
-11.83791584372713
-11.8712405035816
-11.903907417710977
-11.936014281590282
-11.967668059174903
-11.998969118662442
-12.030004251095642
-12.06084823226446
-12.091571074705918
-12.122246579192238
-12.15295758188907
-12.183794430274771
-12.214845405441313
-12.246180464831658
-12.277832084882045
-12.309778449984423
-12.341934304507191
-12.374153370490696
-12.406243651359445
-12.437993825030697
-12.46920605469963
-12.499728632308793
-12.529481413699044
-12.558468171685757
-12.586772587487394
-12.614538096246745
-12.641935439596814
-12.66912471855741
-12.696220256865086
-12.723266251099407
-12.750228999328197
-12.777007910888598
-12.803463300424227
-12.829455111002211
-12.85488407752719
-12.879726044788772
-12.90405139923011
-12.928024611859007
-12.951883072629876
-12.97589881515077
-13.00033041923344
-13.02537453807295
-13.051126676117665
-13.077559035682956
-13.104519872561276
-13.131754580929776
-13.15894453414701
-13.18575637421042
-13.211892615144555
-13.237134446492604
-13.261369457724472
-13.284600231040544
-13.30693363676275
-13.328554338244048
-13.349688682003906
-13.370566317572086
-13.39138647284133
-13.41229410046129
-13.43336864781419
-13.454625582045779
-13.476028524315737
-13.497508251350917
-13.518984077629637
-13.540383264676887
-13.56165501261927
-13.582777049337514
-13.603754518494295
-13.624612414402018
-13.645383905076198
-13.666097352308272
-13.686764687432284
-13.707373195444289
-13.7278819335026
-13.748223178997936
-13.768308601323945
-13.788039316718967
-13.807318584982259
-13.826065591697539
-13.844228515499674
-13.861794953205331
-13.87879786523961
-13.895315614135868
-13.911465446003907
-13.927390840042188
-13.943244329384855
-13.959168400763398
-13.975277638757676
-13.991645216350474
-14.008296120235086
-14.025208260439562
-14.0423210860088
-14.059549811837424
-14.076802173717688
-14.093994056484325
-14.111060579181817
-14.127960300297834
-14.144671932758435
-14.161184926629499
-14.177486962402815
-14.193552317834563
-14.209334949685253
-14.224768986583822
-14.239777456328317
-14.25428793644965
-14.26825192296188
-14.28166348545219
-14.294572502644261
-14.307088559739599
-14.319373342979594
-14.331621775353424
-14.344034694766062
-14.356787974489572
-14.370004073674906
-14.383731759379
-14.397938181459551
-14.412514973824138
-14.427297197411466
-14.442091381728604
-14.45670719871584
-14.470986732506473
-14.484825962265113
-14.498184795331932
-14.511084425307097
-14.523593449408725
-14.535806489846824
-14.547820490248158
-14.559714047000526
-14.571534044714221
-14.583291807041428
-14.594968533335399
-14.606527633879633
-14.617930228178006
-14.629149768213988
-14.640182410185433
-14.651051078365725
-14.661802753755422
-14.672500022050086
-14.683209059636559
-14.693986842137523
-14.704870335720797
-14.715869796126734
-14.72696721303351
-14.73811969028732
-14.74926649783052
-14.760337956738091
-14.771264334990189
-14.781983431124367
-14.792446240319453
-14.802620733756026
-14.812494128885785
-14.822074031452232
-14.83138857919962
-14.840485383171258
-14.849428825964107
-14.858295272065956
-14.86716602870127
-14.87611842510337
-14.88521601756751
-14.894499473963991
-14.903979934457078
-14.913636441551365
-14.923418365500702
-14.93325274731464
-14.943055379844326
-14.952743532094509
-14.96224774814264
-14.971520278661313
-14.980538446308202
-14.989302460011226
-14.997828588420985
-15.006139811102157
-15.014256741082391
-15.022191538404678
-15.029946699608754
-15.037519216288096
-15.044909009380833
-15.05212918837535
-15.05921493155298
-15.066227868235067
-15.073253792094114
-15.080393146297517
-15.087745605496321
-15.09539175050798
-15.10337583554415
-15.111693692409819
-15.12028885400742
-15.129058224597879
-15.137866498999118
-15.146566560215799
-15.155021756219318
-15.163125600770016
-15.170815137491422
-15.178075751646565
-15.184937196750564
-15.191462518478973
-15.197732952571885
-15.203832451361796
-15.20983516916385
-15.215798135673083
-15.221759776144866
-15.227743326223637
-15.233762987203754
-15.239830209553133
-15.24595787693338
-15.252161204323887
-15.258455463483356
-15.264851756557938
-15.271352640739549
-15.277949343575207
-15.284621685150332
-15.291340862792861
-15.29807424212827
-15.304790534524686
-15.311463487848776
-15.318072626222808
-15.324600597929404
-15.331028038407363
-15.337328053890202
-15.343462991748646
-15.349385788958276
-15.355046917484728
-15.36040614556939
-15.36544657205713
-15.370187221783345
-15.374690285492875
-15.379059952888243
-15.383431561859807
-15.387952093339663
-15.392755348821979
-15.397936860223764
-15.403534168446797
-15.40951727442125
-15.41579190624778
-15.42221527238686
-15.428620988806953
-15.43484771303048
-15.440765276914368
-15.44629294589222
-15.451406567957958
-15.456134208076554
-15.460542640060888
-15.46471906987442
-15.468753179285702
-15.47272384336536
-15.476692947878597
-15.480706240715476
-15.484798897370496
-15.489002168056384
-15.493347473521917
-15.497865562243303
-15.50258038580347
-15.50749952274253
-15.512604587118386
-15.517845559918928
-15.52314215498156
-15.528393360007652
-15.533493755976556
-15.538352933093243
-15.54291307225498
-15.547160004859949
-15.55112475007603
-15.554875119078066
-15.55849965170205
-15.562088111347498
-15.565713483363416
-15.569419775873795
-15.573218164433149
-15.577091670028215
-15.58100625242807
-15.584924563830416
-15.588818115807523
-15.592674437832594
-15.596497700845976
-15.600303593020808
-15.604111117498196
-15.60793473587453
-15.611779679333905
-15.615641635963122
-15.619510128172221
-15.623373478131006
-15.627222794876042
-15.631052971173888
-15.634859985613183
-15.638635418350546
-15.642360500438263
-15.64600274109484
-15.649517848137437
-15.652858176475068
-15.655986622316494
-15.658892463325268
-15.661604075545661
-15.664193506721597
-15.666769762941398
-15.66946086279436
-15.672388178900698
-15.67563915439467
-15.679245328274686
-15.683171506844811
-15.687319238713485
-15.691544223711675
-15.695683797813274
-15.699588061027457
-15.70314727305887
-15.706309202123522
-15.709082981482853
-15.711529872423187
-15.713744892264886
-15.715835334461232
-15.717902148985319
-15.720028169509042
-15.722274183596177
-15.724681030060898
-15.727274237442863
-15.730067612190371
-15.733063475407516
-15.736249327857672
-15.73959279923917
-15.743038060104109
-15.746506934421133
-15.749906628803657
-15.753143654009033
-15.756140962706821
-15.758853583649312
-15.761277920979907
-15.763451624391461
-15.765443946526204
-15.767339625451699
-15.769221326760324
-15.771155803565216
-15.77318722162767
-15.775338291554712
-15.777617028194078
-15.780025114737587
-15.782563591554412
-15.785232988192528
-15.788027593758544
-15.790926401787665
-15.793885270280988
-15.796835098643404
-15.799689028847194
-15.802358348101038
-15.804773147532739
-15.806901368363937
-15.808759730522697
-15.810412361804884
-15.811956893914676
-15.813501894070928
-15.815142275360179
-15.816939847775565
-15.818914330532188
-15.821046617794485
-15.823292067598683
-15.825598424274556
-15.827921797573605
-15.830235364299025
-15.83252868230831
-15.834799439346005
-15.837042481986323
-15.839241824149129
-15.841369703772015
-15.843393411212805
-15.845287040198652
-15.847043034757878
-15.848678337568197
-15.850232064652394
-15.851755054956309
-15.853295006888532
-15.854882882354753
-15.85652599580064
-15.858210694314993
-15.859913653467178
-15.86161709054875
-15.863321243014735
-15.865048254980731
-15.866834989372133
-15.868716907133056
-15.870709096718798
-15.872792125394241
-15.874908931616824
-15.87697503656699
-15.878899438913322
-15.880609535792129
-15.882071802699011
-15.883301388489553
-15.8843577231167
-15.8853281990093
-15.886306042774962
-15.88737004844671
-15.888572325036664
-15.889936352907258
-15.891463189371663
-15.893140591749292
-15.894949442760469
-15.896864212626673
-15.898848066233947
-15.900846746773245
-15.902786852846601
-15.904582802869538
-15.90615310955165
-15.90744207993118
-15.908439681645538
-15.909191692837853
-15.909794920786485
-15.910377365917167
-15.91106873369022
-15.911970372708673
-15.913133975967732
-15.9145550875047
-15.916181976748208
-15.917935049796974
-15.91972884019082
-15.921488909957771
-15.923159343823368
-15.924701286692
-15.926086970064231
-15.92729514238648
-15.928312197888442
-15.929139449144941
-15.92980281530277
-15.930358795430864
-15.930891272248374
-15.931497305798622
-15.932265046843103
-15.9332509155497
-15.934464307383694
-15.935865660978275
-15.937378726917952
-15.9389124644141
-15.94038451307626
-15.941738117256152
-15.94294766612498
-15.94401310748858
-15.94494808075848
-15.945768669995129
-15.946488380798488
-15.947121033796865
-15.947688691651082
-15.948228751296778
-15.948794433233333
-15.949446077424527
-15.950235372155733
-15.951188565897736
-15.952295871277544
-15.953512033323161
-15.954768415960563
-15.955992114990627
-15.95712477893792
-15.958134281348922
-15.959015849971578
-15.959784034395657
-15.960460725613755
-15.961065573346776
-15.961613148815166
-15.962117152372132
-15.962597933415694
-15.963087627448255
-15.963628343161297
-15.964262502275286
-15.965018776042232
-15.965899828730699
-15.966877810228144
-15.967900316154335
-15.968904918301968
-15.969836600753501
-15.970661311612838
-15.97137083714134
-15.97197828940733
-15.972507658230569
-15.972983122993808
-15.973423150354257
-15.973841281208362
-15.974251609638346
-15.974674322986132
-15.975136682378352
-15.975667463177471
-15.976286727186254
-15.976995777949218
-15.977772621980979
-15.978575919218754
-15.979356439502002
-15.980071475692027
-15.980696297912122
-15.981228222022837
-15.981682414101217
-15.982082352869812
-15.982450035608448
-15.982800526396426
-15.98314266564045
-15.983484211298686
-15.983837260591375
-15.984219784486617
-15.984651477152726
-15.985145562295765
-15.985700796251828
-15.986298206500717
-15.986904907967183
-15.987483818538179
-15.988005130141943
-15.988454542158824
-15.98883494077553
-15.989161485897641
-15.989453207938933
-15.989725603358417
-15.989987700525925
-15.99024428287954
-15.990500963788612
-15.990768245214015
-15.991061396084072
-15.99139553880835
-15.991778287117905
-15.992203957903566
-15.99265281678812
-15.99309630386357
-15.993506107140856
-15.9938629929497
-15.994161507036528
-15.994408862677966
-15.994619289605197
-15.994807222477496
-15.994982878499643
-15.99515202460604
-15.99531912866661
-15.995491121008765
-15.995678752474774
-15.995894113080093
-15.99614532661042
-15.996431324502879
-15.996739821611692
-15.997050027632634
-15.997339134874146
-15.997589639875077
-15.99779418131547
-15.997955970061371
-15.998085209826984
-15.998193839106474
-15.998291436122202
-15.99838404567186
-15.99847574572781
-15.998571147538676
-15.99867663592352
-15.99879915684796
-15.99894307629272
-15.999106999884594
-15.99928263212304
-15.999456668809124
-15.999615024192115
-15.999747408194628
-15.999850126900057
-15.999926012520957
-15.999981935627343
-16.000025493849275
-16.000062598526288
-16.000096836647373
-16.00013028503431
-16.00016466211142
-16.00020175230984
-16.000242791309567
-16.000287382749452
-16.00033291900781
-16.000375152249333
-16.000409764794597
-16.000434087432307
-16.000447991814823
-16.000453507600266
