5.2632377622874316e-14
-0.004454853062137245
-0.02152794583851451
-0.05733253783109127
-0.11498023547036688
-0.1941074089629629
-0.2909519812527041
-0.39896619819438806
-0.5098665778567153
-0.6149534337144803
-0.7064900050691243
-0.7789220719575778
-0.8297445649211596
-0.8598781882236545
-0.8734975968133534
-0.8773407451302028
-0.8796125535666195
-0.8886614967035685
-0.9116443484955102
-0.9533959045895051
-1.0156864637482792
-1.09698548892615
-1.1927656471850376
-1.2962913606415951
-1.3997553491820596
-1.4955692825707396
-1.577590574366499
-1.6420807846225085
-1.6882397024324698
-1.718234371966148
-1.7367307972994834
-1.7500221300074632
-1.7649155324003356
-1.7875784700209403
-1.8225471152486596
-1.8720647077415695
-1.9358528244295188
-2.0113359966814617
-2.0942558519066674
-2.1795411820673203
-2.262258358075748
-2.3384599518775855
-2.405778693200739
-2.4636721096900844
-2.51329776319497
-2.5570742231571084
-2.5980433312035034
-2.639182805610585
-2.682818563192477
-2.730254213549606
-2.7816789167949447
-2.8363474153462764
-2.892963164957426
-2.9501515265161387
-3.0068947968055655
-3.062817401116545
-3.118253187739476
-3.174086329787041
-3.2314179312019378
-3.2911568913080025
-3.353654145863731
-3.4184886176345617
-3.4844734247643925
-3.5498919213271773
-3.6129100153836515
-3.67206046878662
-3.7266702919097754
-3.777111187188633
-3.824794025447943
-3.8718919766708293
-3.9208475544833052
-3.9737786088142695
-4.031931389971092
-4.095325322250698
-4.162692847612234
-4.231747008545477
-4.299725974471586
-4.364088703715319
-4.423189773079498
-4.476757906916944
-4.526044821136035
-4.5735894340545125
-4.622638181835342
-4.676351198247946
-4.7369839227075206
-4.805248588651048
-4.880024805803786
-4.9585096746687904
-5.0367929064743775
-5.110736030482472
-5.176953706906518
-5.233661446092206
-5.281178554484283
-5.321953755311334
-5.360094848898064
-5.400504332182895
-5.447819485842913
-5.505403777208593
-5.574624667518772
-5.654584154300441
-5.742359503220426
-5.833689154756794
-5.923932771689795
-6.009071269875551
-6.086508528476086
-6.155492353843788
-6.217073343176207
-6.273639610890976
-6.328171317342908
-6.383424177194662
-6.44125972476823
-6.50229142062357
-6.565923848464638
-6.630752236269216
-6.695190749952486
-6.758136895321132
-6.819472417544859
-6.880250051003704
-6.942506427636457
-7.00874857411236
-7.0812545420634585
-7.161382175262828
-7.249079880521936
-7.342740575281402
-7.43944963806084
-7.535573928172179
-7.62754900670178
-7.712669113006897
-7.78968315255884
-7.859050356348133
-7.922797707979541
-7.984023409511596
-8.046178627171352
-8.112310236912428
-8.184448354781086
-8.263276328028361
-8.348142291446834
-8.437382527983324
-8.52885101237578
-8.62050525615454
-8.710895565059767
-8.799441730139456
-8.886446208500448
-8.972867002747147
-9.059935909243583
-9.148742052550713
-9.23989915954187
-9.333381082521623
-9.428555823890477
-9.52439049825793
-9.619754463604602
-9.713726543662764
-9.805818778947968
-9.896059687924375
-9.984924563644569
-10.073145534068908
-10.161467040168384
-10.250424135742897
-10.340209226573664
-10.430662248293599
-10.521379914330272
-10.611903679554157
-10.70192385210936
-10.791434518353364
-10.880790304591429
-10.970645786978682
-11.061792567112471
-11.154938043637543
-11.250486070838162
-11.348379114525214
-11.448044862258238
-11.548462428154172
-11.648332110592488
-11.746306668062696
-11.841228163528909
-11.932315823082455
-12.019265772370261
-12.10224776562589
-12.181809877404987
-12.25872266180411
-12.333804811469138
-12.407771358496822
-12.481134503249377
-12.554170028249816
-12.62694386324866
-12.699378562300259
-12.771331889959635
-12.84266092587612
-12.91325404439984
-12.983026489888642
-13.051888534119751
-13.119704180321104
-13.186260575106665
-13.251263589093028
-13.314365485261
-13.375219545275835
-13.433547426504754
-13.489200462783176
-13.542197214687992
-13.592725811056813
-13.641109110202308
-13.68774071522587
-13.733007584941591
-13.77721829033634
-13.820554118515997
-13.863053995518973
-13.904635537847795
-13.94514583712395
-13.984428890171834
-14.022393187543837
-14.05906332126579
-14.094603353365851
-14.129306316790796
-14.163552224183961
-14.197744432027601
-14.232239113677473
-14.267283512696144
-14.30297546069728
-14.339250670348589
-14.375897685292026
-14.412595004399824
-14.448961755109458
-14.484612315920552
-14.51920594514904
-14.552484301182096
-14.584292497214246
-14.614582730383226
-14.643402933536013
-14.670875415255255
-14.697171336894009
-14.722486009322425
-14.74701801248454
-14.770953085808356
-14.794452463064296
-14.81764507426669
-14.84062342204686
-14.86344329974333
-14.886127376113018
-14.908672002011093
-14.931055779395358
-14.953247981263745
-14.975215138144879
-14.996924959560697
-15.01834786201498
-15.039457236562427
-15.060229833038315
-15.080647160938502
-15.100697816231763
-15.120379587283493
-15.139699596322377
-15.158670977916639
-15.177305735917091
-15.195605114430519
-15.213550439833787
-15.23109825778004
-15.248183209806724
-15.26473033320066
-15.28067561280495
-15.295990370349436
-15.310702489117226
-15.324906689863488
-15.338757922478743
-15.352446388533423
-15.36615857445828
-15.380033862332738
-15.394128662154893
-15.408398462087913
-15.422703222090584
-15.43683498713201
-15.450560706016676
-15.463669670684064
-15.47601440271677
-15.487536041169442
-15.498269645747646
-15.508330234021615
-15.517885342293823
-15.527122853102785
-15.536222736650494
-15.545338360165447
-15.554588514653048
-15.564057251295184
-15.57379658041318
-15.583827593534664
-15.594138043286376
-15.604677558885221
-15.61535405008113
-15.62603545706092
-15.636559664007079
-15.646752784770555
-15.656453251275495
-15.665537120884876
-15.67393920259377
-15.681665036753376
-15.688790395670216
-15.695447662998458
-15.701801721428359
-15.708020888136026
-15.714249892300606
-15.720591226746638
-15.727098574636228
-15.733782282773037
-15.740623234242547
-15.747589116618775
-15.754646780534138
-15.761766304786295
-15.768915919889961
-15.776050858557342
-15.7831021075183
-15.789971876820402
-15.79654092375935
-15.802688891787183
-15.808323561225867
-15.813410193443891
-15.817990185676809
-15.822180534861163
-15.826151820082586
-15.830090229282565
-15.834155284797545
-15.838446744224019
-15.842990902043839
-15.847749448783894
-15.85264580213076
-15.857597498197956
-15.862541360767068
-15.86744176487843
-15.872280188826588
-15.877033161417131
-15.881651605272255
-15.88605448732924
-15.89014330180483
-15.89383390795498
-15.897093182599901
-15.899964179255003
-15.902567058538851
-15.905072616667228
-15.907656600401689
-15.910451128175165
-15.913510932770281
-15.916806290458867
-15.920243893264244
-15.923705900055216
-15.927090525639857
-15.930337840097632
-15.933432031368401
-15.93638286873987
-15.93919894171313
-15.941868486782743
-15.944358672274314
-15.946633790343961
-15.948682363353903
-15.950538002390262
-15.95228147078698
-15.954020428118753
-15.955854271736406
-15.957839001250022
-15.959967526621892
-15.962174172997623
-15.964361465442417
-15.966437479129402
-15.968347566421592
-15.970087270593586
-15.971692437837765
-15.973213508981777
-15.974688121409912
-15.976125796399
-15.97751105353139
-15.978821058928201
-15.980046452922533
-15.98120307572146
-15.982328000394737
-15.983462198667311
-15.984629413156433
-15.985822659464109
-15.987005562337348
-15.988127938399394
-15.989147794744001
-15.990048838140057
-15.990845145984833
-15.991571471539586
-15.99226511123772
-15.992949268628779
-15.99362622694274
-15.994282519273506
-15.994901432771703
-15.995474627244244
-15.996006197058549
-15.996507793304954
-15.996988966083794
-15.997449357550822
-15.997877610376714
-15.998257338750541
-15.998576193123942
-15.998832461369537
-15.999035495832153
-15.999200195810301
-15.999339296148388
-15.999458147931573
-15.999554568032256
-15.999622763593424
-15.999657859873539
