5.2632377622874316e-14
-0.003565680098041788
-0.017237946677434435
-0.04592502463991247
-0.09213633872934529
-0.15559770023032815
-0.23330696475192833
-0.3200198051415791
-0.4090874973531657
-0.4935132654672768
-0.5670594767496262
-0.6252302374264356
-0.6659739805999884
-0.689995343217816
-0.7006279609980052
-0.7032898947685007
-0.7046100757203143
-0.7113667332925331
-0.7294087432336114
-0.7627332654438552
-0.8128673966239541
-0.8786518651400426
-0.9564590501497595
-1.040806556101615
-1.1252629581137632
-1.2034949332679687
-1.2702827775575272
-1.3223380356188628
-1.3587914952228028
-1.3812762331780033
-1.3935991026164412
-1.4010632717878386
-1.4095623101449763
-1.4246029572931054
-1.4504228625641293
-1.4893498035686543
-1.5415038523434204
-1.6048818587149718
-1.6757957608993816
-1.7495749522858628
-1.821399299812876
-1.8871111142708912
-1.9438642635881787
-1.9905041876576297
-2.0276264953416865
-2.0573234391235755
-2.0826849635549665
-2.10716335975577
-2.1339301127626866
-2.1653471901798347
-2.202644871585322
-2.245851102009897
-2.2939634666362196
-2.3453056435054767
-2.3979758001298177
-2.450281657042549
-2.501067791551297
-2.5498719269269734
-2.59689076052654
-2.6427820024379347
-2.688367092379974
-2.734319984118646
-2.7809268813686243
-2.8279803679614814
-2.8748344465659756
-2.920603755561267
-2.9644514188036286
-3.005885337775496
-3.0449786008862514
-3.0824474031247897
-3.1195553887427923
-3.1578581100148573
-3.1988442948786293
-3.2435608973401586
-3.2923182771027766
-3.34455698167602
-3.3989210651524493
-3.453532863886037
-3.5064127208163076
-3.5559473600404887
-3.6012931654274003
-3.6426109647329037
-3.68106565589483
-3.7185790365717994
-3.757384620951123
-3.79948444198194
-3.846136968600111
-3.897504219665878
-3.9525536560843677
-4.009252687526225
-4.065023373858641
-4.117358812065028
-4.164457534250492
-4.205720499863868
-4.241981571011094
-4.275401770453061
-4.309036541005996
-4.34616475416384
-4.389528938828595
-4.4406629964924065
-4.4994693036256415
-4.564153892421876
-4.6315477818306885
-4.697752711054178
-4.75897160837714
-4.812337270377318
-4.8565493169949985
-4.892171569452605
-4.92152019465529
-4.948168517338449
-4.976183940438236
-5.009274015108887
-5.050037506984551
-5.099488108925391
-5.156950512833458
-5.22033768700938
-5.286726729836225
-5.353081100920214
-5.416936567668062
-5.476884262111962
-5.5327422746829145
-5.585391696407167
-5.63634154894976
-5.687156397719293
-5.738912839183634
-5.791838681985835
-5.8452354093708925
-5.897704770192737
-5.947615178301693
-5.993675574027468
-6.035451883914736
-6.073673457611646
-6.110231182753788
-6.147851106319996
-6.189515202166355
-6.237770642349611
-6.294101826479933
-6.35852688461077
-6.429525877179055
-6.504325692604028
-6.579477724851559
-6.651591357985164
-6.718047695645087
-6.777523856185808
-6.830207119139174
-6.877657440726884
-6.922365292588845
-6.967125907372865
-7.014391598869171
-7.065761297011914
-7.1217232112539035
-7.181695685626686
-7.244332442182316
-7.307992241189552
-7.371236122853036
-7.4332163889295
-7.493858824151558
-7.553802158930776
-7.6141284958150415
-7.675975660772828
-7.740151467172754
-7.8068635485301785
-7.875640028694415
-7.94545815221834
-8.015037316134315
-8.083206754136071
-8.149238694618438
-8.213049732420814
-8.275212462552751
-8.3367748065136
-8.398940227310232
-8.46270234086689
-8.52854079319027
-8.596267950946874
-8.665073119871352
-8.73375511604167
-8.801080963613694
-8.866172908049634
-8.92881716443545
-8.989607706908112
-9.049881207330658
-9.11145343647366
-9.176218846891333
-9.245710394138845
-9.320726961061604
-9.401118697459607
-9.485781069547729
-9.572857152212435
-9.660098190527577
-9.745297194383623
-9.82669744933365
-9.903289196454281
-9.974938911658922
-10.04233750430112
-10.106795322434348
-10.169943072179192
-10.23341202910982
-10.29856242181248
-10.366308637290008
-10.437060669553214
-10.510771400482804
-10.587056554160075
-10.665343459059303
-10.745007199363828
-10.825465694020446
-10.906223488611866
-10.986871585008469
-11.067062505898084
-11.146483341810503
-11.224844865533116
-11.301894437550212
-11.377448335425946
-11.451429499030251
-11.523892653892235
-11.595021592798082
-11.665092032225795
-11.734404987400374
-11.803206184146852
-11.871613166746373
-11.939571465552932
-12.006854491321993
-12.073110657084875
-12.137948718101914
-12.201041833602588
-12.262225120066404
-12.321561959979322
-12.379360986380588
-12.436136915737881
-12.492521539083487
-12.549142987651898
-12.60649895348523
-12.664851041127827
-12.72416260953657
-12.78409270473347
-12.844046524134509
-12.903271244850373
-12.960977558370358
-13.016463479037201
-13.069218303677363
-13.11899020783748
-13.165809231990249
-13.209966296027467
-13.25195643628823
-13.292399298991706
-13.331951522423267
-13.371224363683757
-13.410716758440445
-13.45077008456715
-13.491547113233082
-13.533034418981835
-13.575065001152662
-13.617356062217443
-13.659555858538898
-13.701293348859032
-13.742224939120174
-13.782073686615206
-13.820657537947119
-13.857904335035656
-13.893852495091734
-13.928637665727559
-13.962467360472646
-13.995587343816553
-14.028244829785983
-14.06065388569168
-14.09296765888467
-14.125260498705813
-14.157521308482231
-14.18965800496243
-14.221511918436914
-14.252880181098293
-14.283543435805267
-14.313295558961633
-14.34197174713639
-14.369471501761293
-14.39577378586017
-14.420942683303478
-14.445122934563138
-14.468525586464503
-14.49140479227956
-14.51402778906295
-14.536641364398852
-14.559439442138684
-14.582537196197483
-14.605956767089914
-14.629627967748496
-14.653404580271339
-14.6770936241121
-14.70049212840328
-14.72342417163861
-14.745770708206509
-14.767486111962416
-14.788598219081338
-14.809192382059354
-14.829383797457572
-14.849285169179852
-14.868977813088025
-14.888493241373109
-14.907809319330408
-14.926861030504394
-14.945561815727817
-14.96382852372506
-14.981602151599583
-14.998858163387844
-15.015603893728354
-15.03186521114077
-15.047668571390822
-15.063026294985143
-15.077931621820769
-15.092366287654409
-15.106318500922365
-15.119805102131341
-15.132889783057259
-15.145690073914405
-15.158369006852213
-15.171111923620579
-15.184093494298635
-15.19744331658282
-15.211219415055405
-15.2253971100464
-15.239876486702768
-15.254506309258161
-15.26911739283375
-15.283555735249035
-15.297706028327866
-15.31149945563821
-15.32490493539413
-15.33790850865801
-15.350489564487173
-15.362603651022408
-15.374179349691353
-15.385131863336177
-15.395390226844475
-15.404930239046031
-15.4138027468835
-15.422147420118636
-15.430185492572456
-15.438190336687994
-15.446440895412584
-15.455168275149322
-15.464508553546617
-15.47447398318316
-15.48495028693048
-15.49572091078214
-15.506512044879317
-15.517047113579755
-15.527097695125374
-15.536519711501377
-15.54526837127965
-15.553391218959396
-15.56100407687301
-15.568258299008304
-15.575308786415407
-15.582290507759303
-15.58930740047046
-15.596432732138283
-15.603715930229786
-15.611189102046353
-15.618867762458782
-15.626744187113998
-15.634776597338073
-15.642880813822819
-15.650931393307763
-15.658776288649095
-15.666263967449751
-15.673276775288814
-15.67976111664506
-15.685744885793964
-15.691335584615175
-15.69669788831137
-15.702015593035316
-15.707448037662703
-15.71309338620545
-15.718969433571651
-15.725017100032803
-15.73112435100678
-15.737161717688739
-15.743017415045331
-15.748621347389848
-15.753952306906386
-15.759029255595546
-15.76389314716821
-15.768588283478975
-15.773150987890622
-15.77760916742399
-15.781990972261854
-15.786336403663789
-15.790704031116066
-15.795166616715143
-15.79979393582224
-15.804626928263618
-15.809652298457866
-15.814788539982436
-15.819891784416907
-15.824783390542507
-15.829293183288131
-15.833305933586118
-15.836796573617152
-15.839842572973721
-15.84260880765807
-15.845308792175743
-15.848153493998305
-15.851302656040554
-15.85483233468982
-15.858726645308614
-15.862893558633623
-15.867196956269845
-15.871492755693719
-15.875657266558145
-15.87960075248001
-15.883266341020073
-15.886620753991382
-15.889645945147201
-15.892338549342371
-15.894718369011805
-15.896840895748221
-15.898805123579592
-15.900748422817612
-15.902824932680312
-15.90517101213778
-15.907867869325614
-15.910914586283504
-15.914222582820246
-15.917635539328488
-15.920969570743342
-15.924060789063523
-15.92680455757008
-15.9291740257185
-15.93121366837946
-15.933013121437728
-15.934673493886907
-15.93627966897671
-15.937887646965649
-15.939528138337243
-15.941220113036106
-15.942984126259445
-15.944846502179596
-15.946831124224673
-15.948942916605393
-15.95115245919833
-15.953391710400677
-15.955566030046256
-15.95757985432496
-15.959366358136005
-15.960908773044924
-15.962244141506147
-15.963447819575764
-15.964605451368776
-15.96578440840837
-15.967016337600866
-15.96829681133485
-15.969599982707928
-15.970899490640985
-15.972184665388921
-15.973464243877954
-15.974756693825855
-15.976073401668744
-15.977404709478824
-15.97871711976479
-15.979963846961914
-15.981103634857408
-15.982118288367973
-15.98302001320751
-15.983844975219673
-15.984636582043706
-15.985427079981369
-15.986226534868532
-15.987024046394165
-15.987799519540733
-15.988538951618224
-15.989244702409652
-15.989935253609781
-15.990634858648631
-15.991359059391671
-15.992104253275047
-15.992847121407603
-15.993554170003781
-15.9941961127379
-15.994759450563004
-15.995249578991228
-15.995684721196122
-15.99608496733534
-15.996462891148209
-15.996820592824642
-15.997153814464385
-15.997459595164935
-15.997742160008842
-15.998013213839322
-15.998286482281586
-15.998569943967015
-15.998860577718734
-15.99914483655357
-15.99940454150037
-15.999624717308144
-15.999799027692507
-15.999930298823601
-16.000026771859783
-16.000097065975677
-16.00014694860457
-16.000179105970016
-16.000194742692642
